-0.0344708    -0.877284
-0.0335338    -0.875499
-0.0325997    -0.873711
-0.0316685    -0.87192
-0.0307403    -0.870126
-0.029815    -0.868329
-0.0288926    -0.86653
-0.0279731    -0.864727
-0.0270565    -0.862922
-0.0261429    -0.861114
-0.0252321    -0.859303
-0.0243242    -0.857489
-0.0234192    -0.855673
-0.0225172    -0.853854
-0.021618    -0.852032
-0.0207216    -0.850207
-0.0198282    -0.848379
-0.0189376    -0.846549
-0.0180499    -0.844716
-0.017165    -0.84288
-0.016283    -0.841041
-0.0154039    -0.8392
-0.0145276    -0.837356
-0.0136542    -0.835509
-0.0127836    -0.833659
-0.0119158    -0.831807
-0.0110508    -0.829952
-0.0101887    -0.828094
-0.00932944    -0.826234
-0.00847296    -0.824371
-0.0076193    -0.822505
-0.00676844    -0.820636
-0.00592039    -0.818765
-0.00507514    -0.816892
-0.00423268    -0.815015
-0.003393    -0.813136
-0.00255612    -0.811254
-0.00172201    -0.80937
-0.000890672    -0.807483
-6.21074e-05    -0.805593
0.000763692    -0.803701
0.00158673    -0.801806
0.00240702    -0.799909
0.00322455    -0.798009
0.00403934    -0.796106
0.00485139    -0.794201
0.0056607    -0.792293
0.00646728    -0.790383
0.00727114    -0.78847
0.00807228    -0.786555
0.0088707    -0.784637
0.00966641    -0.782716
0.0104594    -0.780793
0.0112497    -0.778868
0.0120373    -0.77694
0.0128222    -0.775009
0.0136045    -0.773076
0.014384    -0.77114
0.0151609    -0.769202
0.0159351    -0.767261
0.0167067    -0.765318
0.0174756    -0.763373
0.0182418    -0.761425
0.0190054    -0.759474
0.0197663    -0.757521
0.0205246    -0.755566
0.0212803    -0.753608
0.0220333    -0.751648
0.0227838    -0.749685
0.0235316    -0.74772
0.0242768    -0.745752
0.0250194    -0.743782
0.0257593    -0.74181
0.0264967    -0.739835
0.0272315    -0.737858
0.0279638    -0.735879
0.0286934    -0.733897
0.0294205    -0.731912
0.030145    -0.729926
0.0308669    -0.727937
0.0315863    -0.725945
0.0323032    -0.723952
0.0330174    -0.721956
0.0337292    -0.719957
0.0344384    -0.717957
0.0351451    -0.715954
0.0358493    -0.713948
0.0365509    -0.711941
0.0372501    -0.709931
0.0379467    -0.707918
0.0386408    -0.705904
0.0393325    -0.703887
0.0400216    -0.701868
0.0407083    -0.699847
0.0413925    -0.697823
0.0420742    -0.695797
0.0427535    -0.693769
0.0434303    -0.691739
0.0441047    -0.689706
0.0447766    -0.687672
0.045446    -0.685635
0.0461131    -0.683595
0.0467777    -0.681554
0.0474398    -0.67951
0.0480996    -0.677464
0.0487569    -0.675416
0.0494119    -0.673366
0.0500644    -0.671314
0.0507146    -0.669259
0.0513623    -0.667203
0.0520077    -0.665144
0.0526507    -0.663083
0.0532914    -0.66102
0.0539296    -0.658954
0.0545656    -0.656887
0.0551991    -0.654817
0.0558304    -0.652746
0.0564593    -0.650672
0.0570858    -0.648596
0.05771    -0.646518
0.0583319    -0.644438
0.0589515    -0.642356
0.0595688    -0.640272
0.0601838    -0.638186
0.0607965    -0.636097
0.0614069    -0.634007
0.0620151    -0.631914
0.0626209    -0.62982
0.0632245    -0.627723
0.0638258    -0.625625
0.0644249    -0.623524
0.0650217    -0.621422
0.0656163    -0.619317
0.0662086    -0.61721
0.0667987    -0.615102
0.0673866    -0.612991
0.0679722    -0.610878
0.0685557    -0.608764
0.0691369    -0.606647
0.069716    -0.604529
0.0702928    -0.602408
0.0708675    -0.600286
0.07144    -0.598162
0.0720103    -0.596035
0.0725784    -0.593907
0.0731444    -0.591777
0.0737083    -0.589645
0.07427    -0.587511
0.0748295    -0.585375
0.075387    -0.583237
0.0759423    -0.581097
0.0764954    -0.578956
0.0770465    -0.576812
0.0775955    -0.574667
0.0781423    -0.57252
0.0786871    -0.570371
0.0792298    -0.56822
0.0797704    -0.566067
0.0803089    -0.563912
0.0808454    -0.561756
0.0813798    -0.559598
0.0819122    -0.557438
0.0824425    -0.555276
0.0829708    -0.553112
0.083497    -0.550947
0.0840212    -0.548779
0.0845434    -0.54661
0.0850636    -0.544439
0.0855818    -0.542267
0.086098    -0.540092
0.0866122    -0.537916
0.0871244    -0.535738
0.0876347    -0.533559
0.0881429    -0.531377
0.0886493    -0.529194
0.0891536    -0.527009
0.089656    -0.524823
0.0901565    -0.522634
0.090655    -0.520444
0.0911517    -0.518253
0.0916463    -0.516059
0.0921391    -0.513864
0.09263    -0.511668
0.093119    -0.509469
0.093606    -0.507269
0.0940912    -0.505067
0.0945746    -0.502864
0.095056    -0.500659
0.0955356    -0.498452
0.0960133    -0.496244
0.0964892    -0.494034
0.0969633    -0.491823
0.0974355    -0.489609
0.0979059    -0.487395
0.0983744    -0.485178
0.0988412    -0.48296
0.0993061    -0.480741
0.0997693    -0.47852
0.100231    -0.476297
0.10069    -0.474073
0.101148    -0.471847
0.101604    -0.46962
0.102058    -0.467391
0.102511    -0.465161
0.102962    -0.462929
0.103411    -0.460695
0.103858    -0.45846
0.104303    -0.456224
0.104747    -0.453986
0.105189    -0.451746
0.10563    -0.449505
0.106069    -0.447263
0.106506    -0.445019
0.106941    -0.442774
0.107375    -0.440527
0.107807    -0.438279
0.108237    -0.436029
0.108666    -0.433778
0.109093    -0.431525
0.109519    -0.429271
0.109942    -0.427016
0.110365    -0.424759
0.110785    -0.422501
0.111204    -0.420241
0.111622    -0.41798
0.112037    -0.415718
0.112452    -0.413454
0.112864    -0.411189
0.113275    -0.408923
0.113685    -0.406655
0.114093    -0.404386
0.114499    -0.402115
0.114904    -0.399843
0.115307    -0.39757
0.115709    -0.395296
0.11611    -0.39302
0.116508    -0.390743
0.116906    -0.388464
0.117302    -0.386185
0.117696    -0.383904
0.118089    -0.381622
0.11848    -0.379338
0.11887    -0.377053
0.119259    -0.374767
0.119646    -0.37248
0.120031    -0.370192
0.120415    -0.367902
0.120798    -0.365611
0.12118    -0.363319
0.12156    -0.361026
0.121938    -0.358731
0.122315    -0.356436
0.122691    -0.354139
0.123065    -0.351841
0.123438    -0.349541
0.12381    -0.347241
0.124181    -0.344939
0.12455    -0.342637
0.124917    -0.340333
0.125283    -0.338028
0.125649    -0.335722
0.126012    -0.333414
0.126375    -0.331106
0.126736    -0.328797
0.127096    -0.326486
0.127454    -0.324174
0.127811    -0.321862
0.128167    -0.319548
0.128522    -0.317233
0.128876    -0.314917
0.129228    -0.3126
0.129579    -0.310282
0.129929    -0.307963
0.130277    -0.305643
0.130625    -0.303322
0.130971    -0.301
0.131316    -0.298677
0.13166    -0.296353
0.132002    -0.294028
0.132344    -0.291702
0.132684    -0.289374
0.133024    -0.287046
0.133362    -0.284717
0.133698    -0.282387
0.134034    -0.280057
0.134369    -0.277725
0.134702    -0.275392
0.135035    -0.273058
0.135366    -0.270724
0.135697    -0.268388
0.136026    -0.266052
0.136354    -0.263715
0.136681    -0.261376
0.137007    -0.259037
0.137332    -0.256697
0.137656    -0.254357
0.137979    -0.252015
0.138301    -0.249672
0.138622    -0.247329
0.138942    -0.244985
0.13926    -0.24264
0.139578    -0.240294
0.139895    -0.237948
0.140211    -0.2356
0.140526    -0.233252
0.14084    -0.230903
0.141153    -0.228553
0.141466    -0.226203
0.141777    -0.223851
0.142087    -0.221499
0.142397    -0.219147
0.142705    -0.216793
0.143013    -0.214439
0.143319    -0.212084
0.143625    -0.209728
0.14393    -0.207372
0.144234    -0.205015
0.144538    -0.202657
0.14484    -0.200298
0.145142    -0.197939
0.145443    -0.19558
0.145743    -0.193219
0.146042    -0.190858
0.14634    -0.188496
0.146638    -0.186134
0.146934    -0.183771
0.14723    -0.181407
0.147526    -0.179043
0.14782    -0.176678
0.148114    -0.174313
0.148407    -0.171947
0.148699    -0.16958
0.14899    -0.167213
0.149281    -0.164845
0.149571    -0.162477
0.149861    -0.160108
0.150149    -0.157738
0.150437    -0.155368
0.150725    -0.152998
0.151011    -0.150627
0.151297    -0.148256
0.151583    -0.145884
0.151867    -0.143511
0.152152    -0.141138
0.152435    -0.138765
0.152718    -0.136391
0.153    -0.134016
0.153282    -0.131642
0.153563    -0.129266
0.153843    -0.126891
0.154123    -0.124515
0.154403    -0.122138
0.154681    -0.119761
0.15496    -0.117384
0.155237    -0.115006
0.155515    -0.112628
0.155791    -0.110249
0.156067    -0.107871
0.156343    -0.105491
0.156618    -0.103112
0.156893    -0.100732
0.157167    -0.0983515
0.157441    -0.0959709
0.157714    -0.0935899
0.157987    -0.0912087
0.158259    -0.0888271
0.158531    -0.0864453
0.158803    -0.0840632
0.159074    -0.0816807
0.159344    -0.079298
0.159615    -0.0769151
0.159885    -0.0745319
0.160154    -0.0721484
0.160423    -0.0697647
0.160692    -0.0673808
0.16096    -0.0649966
0.161229    -0.0626123
0.161496    -0.0602277
0.161764    -0.0578429
0.162031    -0.0554579
0.162298    -0.0530728
0.162564    -0.0506875
0.16283    -0.048302
0.163096    -0.0459163
0.163362    -0.0435305
0.163627    -0.0411446
0.163892    -0.0387585
0.164157    -0.0363723
0.164422    -0.033986
0.164686    -0.0315996
0.16495    -0.029213
0.165214    -0.0268264
0.165478    -0.0244397
0.165741    -0.0220529
0.166005    -0.0196661
0.166268    -0.0172792
0.166531    -0.0148922
0.166794    -0.0125052
0.167056    -0.0101182
0.167319    -0.00773116
0.167581    -0.00534408
0.167843    -0.002957
0.168105    -0.000569919
0.168368    0.00181716
0.168629    0.00420422
0.168891    0.00659125
0.169153    0.00897826
0.169415    0.0113652
0.169676    0.0137521
0.169938    0.016139
0.170199    0.0185258
0.170461    0.0209125
0.170722    0.0232991
0.170984    0.0256857
0.171245    0.0280721
0.171506    0.0304585
0.171768    0.0328447
0.172029    0.0352308
0.17229    0.0376168
0.172552    0.0400026
0.172813    0.0423883
0.173075    0.0447738
0.173337    0.0471592
0.173598    0.0495443
0.17386    0.0519293
0.174122    0.0543142
0.174384    0.0566988
0.174646    0.0590832
0.174908    0.0614674
0.17517    0.0638513
0.175432    0.0662351
0.175695    0.0686186
0.175957    0.0710018
0.17622    0.0733848
0.176483    0.0757675
0.176746    0.07815
0.17701    0.0805322
0.177273    0.0829141
0.177537    0.0852956
0.177801    0.0876769
0.178065    0.0900579
0.178329    0.0924385
0.178594    0.0948188
0.178859    0.0971988
0.179124    0.0995784
0.179389    0.101958
0.179655    0.104337
0.17992    0.106715
0.180187    0.109093
0.180453    0.111471
0.18072    0.113848
0.180987    0.116225
0.181254    0.118602
0.181522    0.120978
0.18179    0.123354
0.182058    0.125729
0.182327    0.128104
0.182596    0.130478
0.182866    0.132852
0.183136    0.135225
0.183406    0.137598
0.183676    0.139971
0.183948    0.142343
0.184219    0.144714
0.184491    0.147085
0.184763    0.149455
0.185036    0.151825
0.185309    0.154195
0.185583    0.156563
0.185857    0.158932
0.186132    0.161299
0.186407    0.163666
0.186683    0.166033
0.186959    0.168399
0.187236    0.170764
0.187513    0.173129
0.187791    0.175493
0.188069    0.177856
0.188348    0.180219
0.188627    0.182581
0.188907    0.184943
0.189187    0.187304
0.189469    0.189664
0.18975    0.192024
0.190033    0.194383
0.190315    0.196741
0.190599    0.199098
0.190883    0.201455
0.191168    0.203811
0.191453    0.206167
0.191739    0.208521
0.192026    0.210875
0.192314    0.213228
0.192602    0.215581
0.192891    0.217933
0.19318    0.220283
0.19347    0.222634
0.193761    0.224983
0.194053    0.227331
0.194345    0.229679
0.194638    0.232026
0.194932    0.234372
0.195227    0.236717
0.195522    0.239062
0.195818    0.241406
0.196115    0.243748
0.196413    0.24609
0.196712    0.248431
0.197011    0.250771
0.197311    0.253111
0.197612    0.255449
0.197914    0.257787
0.198217    0.260123
0.19852    0.262459
0.198825    0.264794
0.19913    0.267127
0.199436    0.26946
0.199743    0.271792
0.200051    0.274123
0.20036    0.276453
0.20067    0.278782
0.200981    0.28111
0.201292    0.283437
0.201605    0.285763
0.201918    0.288088
0.202233    0.290412
0.202548    0.292736
0.202865    0.295058
0.203182    0.297379
0.2035    0.299698
0.20382    0.302017
0.20414    0.304335
0.204462    0.306652
0.204784    0.308968
0.205108    0.311282
0.205432    0.313596
0.205758    0.315908
0.206084    0.318219
0.206412    0.32053
0.206741    0.322839
0.207071    0.325147
0.207402    0.327453
0.207734    0.329759
0.208067    0.332063
0.208401    0.334367
0.208737    0.336669
0.209073    0.33897
0.209411    0.34127
0.20975    0.343568
0.21009    0.345866
0.210431    0.348162
0.210774    0.350457
0.211117    0.352751
0.211462    0.355043
0.211808    0.357334
0.212155    0.359624
0.212503    0.361913
0.212853    0.364201
0.213204    0.366487
0.213556    0.368772
0.21391    0.371056
0.214264    0.373338
0.21462    0.375619
0.214977    0.377899
0.215336    0.380177
0.215696    0.382454
0.216057    0.38473
0.216419    0.387005
0.216783    0.389278
0.217148    0.391549
0.217514    0.39382
0.217882    0.396089
0.218251    0.398356
0.218621    0.400622
0.218993    0.402887
0.219366    0.405151
0.219741    0.407413
0.220117    0.409673
0.220494    0.411932
0.220873    0.41419
0.221253    0.416446
0.221635    0.418701
0.222018    0.420955
0.222403    0.423207
0.222789    0.425457
0.223176    0.427706
0.223565    0.429953
0.223955    0.432199
0.224347    0.434444
0.224741    0.436687
0.225136    0.438928
0.225532    0.441168
0.22593    0.443407
0.226329    0.445643
0.22673    0.447879
0.227133    0.450113
0.227537    0.452345
0.227942    0.454575
0.22835    0.456804
0.228758    0.459032
0.229169    0.461258
0.229581    0.463482
0.229994    0.465705
0.230409    0.467926
0.230826    0.470145
0.231244    0.472363
0.231664    0.474579
0.232086    0.476793
0.232509    0.479006
0.232934    0.481217
0.233361    0.483427
0.233789    0.485635
0.234219    0.487841
0.234651    0.490045
0.235084    0.492248
0.235519    0.494449
0.235956    0.496648
0.236395    0.498846
0.236835    0.501042
0.237277    0.503236
0.23772    0.505429
0.238166    0.507619
0.238613    0.509808
0.239062    0.511995
0.239513    0.514181
0.239965    0.516364
0.240419    0.518546
0.240875    0.520726
0.241333    0.522904
0.241793    0.525081
0.242255    0.527255
0.242718    0.529428
0.243183    0.531599
0.24365    0.533768
0.244119    0.535935
0.24459    0.538101
0.245062    0.540264
0.245537    0.542426
0.246013    0.544586
0.246491    0.546744
0.246972    0.5489
0.247454    0.551054
0.247938    0.553206
0.248423    0.555356
0.248911    0.557505
0.249401    0.559651
0.249893    0.561796
0.250386    0.563938
0.250882    0.566079
0.251379    0.568218
0.251879    0.570354
0.25238    0.572489
0.252884    0.574622
0.253389    0.576753
0.253897    0.578882
0.254406    0.581008
0.254918    0.583133
0.255431    0.585256
0.255947    0.587377
0.256464    0.589496
0.256984    0.591612
0.257506    0.593727
0.258029    0.59584
0.258555    0.59795
0.259083    0.600059
0.259613    0.602165
0.260145    0.60427
0.260679    0.606372
0.261216    0.608472
0.261754    0.61057
0.262294    0.612666
0.262837    0.61476
0.263382    0.616852
0.263929    0.618942
0.264478    0.621029
0.265029    0.623115
0.265582    0.625198
0.266138    0.627279
0.266695    0.629358
0.267255    0.631435
0.267817    0.633509
0.268382    0.635581
0.268948    0.637652
0.269517    0.63972
0.270088    0.641785
0.270661    0.643849
0.271236    0.64591
0.271814    0.64797
0.272394    0.650026
0.272976    0.652081
0.27356    0.654134
0.274147    0.656184
0.274735    0.658232
0.275327    0.660277
0.27592    0.662321
0.276516    0.664362
0.277114    0.666401
0.277714    0.668437
0.278317    0.670471
0.278922    0.672503
0.279529    0.674533
0.280139    0.67656
0.280751    0.678585
0.281365    0.680607
0.281982    0.682628
0.282601    0.684646
0.283223    0.686661
0.283846    0.688674
0.284473    0.690685
0.285101    0.692693
0.285732    0.694699
0.286366    0.696703
0.287001    0.698704
0.28764    0.700703
0.28828    0.702699
0.288923    0.704693
0.289569    0.706685
0.290217    0.708674
0.290867    0.710661
0.29152    0.712645
0.292175    0.714627
0.292833    0.716606
0.293493    0.718583
0.294156    0.720557
0.294821    0.722529
0.295489    0.724498
0.296159    0.726465
0.296832    0.728429
0.297507    0.730391
0.298185    0.73235
0.298865    0.734307
0.299548    0.736261
0.300233    0.738213
0.300921    0.740162
0.301612    0.742109
0.302305    0.744053
0.303    0.745994
0.303698    0.747933
0.304399    0.74987
0.305102    0.751803
0.305808    0.753734
0.306517    0.755663
0.307228    0.757589
0.307941    0.759512
0.308658    0.761433
0.309377    0.763351
0.310098    0.765266
0.310822    0.767179
0.311549    0.769089
0.312279    0.770996
0.313011    0.772901
0.313745    0.774803
0.314483    0.776702
0.315223    0.778599
0.315966    0.780493
0.316711    0.782384
0.317459    0.784273
0.31821    0.786158
0.318963    0.788041
0.31972    0.789922
0.320479    0.791799
0.32124    0.793674
0.322004    0.795546
0.322772    0.797416
0.323541    0.799282
0.324314    0.801146
0.325089    0.803007
0.325867    0.804865
0.326648    0.806721
0.327431    0.808574
0.328218    0.810423
0.329007    0.81227
0.329799    0.814115
0.330593    0.815956
0.331391    0.817794
0.332191    0.81963
0.332994    0.821463
0.3338    0.823293
0.334608    0.82512
0.33542    0.826944
0.336234    0.828765
0.337051    0.830584
0.337871    0.832399
0.338693    0.834212
0.339519    0.836022
0.340347    0.837828
0.341179    0.839632
0.342013    0.841433
0.34285    0.843231
0.34369    0.845026
0.344532    0.846818
0.345378    0.848607
0.346226    0.850393
0.347078    0.852177
0.347932    0.853957
0.348789    0.855734
0.349649    0.857508
0.350512    0.859279
0.351378    0.861047
0.352247    0.862812
0.353118    0.864575
0.353993    0.866334
0.354871    0.86809
0.355751    0.869843
0.356634    0.871593
0.357521    0.873339
0.35841    0.875083
0.359302    0.876824
0.360198    0.878561
0.361096    0.880296
0.361997    0.882027
0.362901    0.883756
0.363808    0.885481
0.364719    0.887203
0.365632    0.888922
0.366548    0.890638
0.367467    0.89235
0.368389    0.89406
0.369314    0.895766
0.370242    0.897469
0.371173    0.899169
0.372108    0.900866
0.373045    0.902559
0.373985    0.90425
0.374928    0.905937
0.375875    0.907621
0.376824    0.909302
0.377776    0.910979
0.378732    0.912653
0.37969    0.914325
0.380652    0.915992
0.381617    0.917657
0.382584    0.919318
0.383555    0.920976
0.384529    0.922631
0.385506    0.924282
0.386486    0.92593
0.387469    0.927575
0.388455    0.929217
0.389444    0.930855
0.390437    0.93249
0.391432    0.934121
0.392431    0.935749
0.393433    0.937374
0.394438    0.938995
0.395446    0.940614
0.396457    0.942228
0.397471    0.94384
0.398488    0.945447
0.399509    0.947052
0.400532    0.948653
0.401559    0.950251
0.402589    0.951845
0.403622    0.953436
0.404658    0.955023
0.405698    0.956607
0.40674    0.958188
0.407786    0.959765
0.408835    0.961339
0.409887    0.962909
0.410942    0.964475
0.412001    0.966039
0.413062    0.967598
0.414127    0.969154
0.415195    0.970707
0.416266    0.972256
0.417341    0.973802
0.418418    0.975344
0.419499    0.976882
0.420583    0.978417
0.42167    0.979948
0.422761    0.981476
0.423854    0.983
0.424951    0.984521
0.426051    0.986038
0.427155    0.987552
0.428261    0.989061
0.429371    0.990568
0.430484    0.99207
0.4316    0.993569
0.43272    0.995064
0.433842    0.996556
0.434968    0.998044
0.436098    0.999528
0.43723    1.00101
0.438366    1.00249
0.439505    1.00396
0.440647    1.00543
0.441793    1.00689
0.442941    1.00836
0.444094    1.00982
0.445249    1.01127
0.446407    1.01272
0.447569    1.01417
0.448734    1.01561
0.449903    1.01705
0.451075    1.01849
0.45225    1.01992
0.453428    1.02135
0.454609    1.02277
0.455794    1.02419
0.456983    1.02561
0.458174    1.02702
0.459369    1.02843
0.460567    1.02984
0.461768    1.03124
0.462973    1.03264
0.464181    1.03403
0.465392    1.03542
0.466607    1.03681
0.467825    1.03819
0.469046    1.03957
0.47027    1.04094
0.471498    1.04231
0.47273    1.04368
0.473964    1.04504
0.475202    1.0464
0.476443    1.04775
0.477688    1.04911
0.478935    1.05045
0.480187    1.0518
0.481441    1.05313
0.482699    1.05447
0.48396    1.0558
0.485225    1.05713
0.486493    1.05845
0.487764    1.05977
0.489038    1.06108
0.490316    1.06239
0.491597    1.0637
0.492882    1.065
0.49417    1.0663
0.495461    1.0676
0.496756    1.06889
0.498054    1.07017
0.499355    1.07145
0.50066    1.07273
0.501968    1.07401
0.503279    1.07528
0.504594    1.07654
0.505912    1.0778
0.507234    1.07906
0.508558    1.08031
0.509887    1.08156
0.511218    1.08281
0.512553    1.08405
0.513891    1.08528
0.515233    1.08652
0.516578    1.08774
0.517926    1.08897
0.519278    1.09019
0.520633    1.0914
0.521992    1.09261
0.523353    1.09382
0.524719    1.09502
0.526087    1.09622
0.527459    1.09741
0.528834    1.0986
0.530213    1.09979
0.531595    1.10097
0.532981    1.10215
0.534369    1.10332
0.535762    1.10449
0.537157    1.10565
0.538556    1.10681
0.539958    1.10796
0.541364    1.10912
0.542773    1.11026
0.544185    1.1114
0.545601    1.11254
0.54702    1.11367
0.548442    1.1148
0.549868    1.11593
0.551298    1.11704
0.55273    1.11816
0.554166    1.11927
0.555605    1.12038
0.557048    1.12148
0.558494    1.12258
0.559943    1.12367
0.561396    1.12476
0.562852    1.12584
0.564312    1.12692
0.565775    1.12799
0.567241    1.12906
0.56871    1.13013
0.570183    1.13119
0.57166    1.13225
0.573139    1.1333
0.574622    1.13434
0.576109    1.13539
0.577598    1.13642
0.579091    1.13746
0.580588    1.13849
0.582087    1.13951
0.583591    1.14053
0.585097    1.14154
0.586607    1.14255
0.58812    1.14356
0.589636    1.14456
0.591156    1.14556
0.592679    1.14655
0.594206    1.14753
0.595736    1.14851
0.597269    1.14949
0.598806    1.15046
0.600345    1.15143
0.601889    1.15239
0.603435    1.15335
0.604985    1.1543
0.606538    1.15525
0.608094    1.1562
0.609654    1.15714
