-0.423433    -1.23782
-0.42162    -1.23715
-0.419809    -1.23648
-0.418002    -1.2358
-0.416197    -1.23512
-0.414395    -1.23443
-0.412596    -1.23374
-0.4108    -1.23304
-0.409006    -1.23233
-0.407216    -1.23163
-0.405428    -1.23091
-0.403643    -1.23019
-0.401861    -1.22947
-0.400082    -1.22874
-0.398305    -1.22801
-0.396532    -1.22727
-0.394761    -1.22652
-0.392993    -1.22577
-0.391228    -1.22502
-0.389466    -1.22426
-0.387707    -1.2235
-0.385951    -1.22273
-0.384198    -1.22195
-0.382447    -1.22117
-0.3807    -1.22039
-0.378955    -1.2196
-0.377213    -1.21881
-0.375475    -1.21801
-0.373739    -1.2172
-0.372006    -1.2164
-0.370276    -1.21558
-0.368549    -1.21476
-0.366825    -1.21394
-0.365104    -1.21311
-0.363386    -1.21228
-0.361671    -1.21144
-0.359959    -1.2106
-0.35825    -1.20975
-0.356544    -1.2089
-0.35484    -1.20804
-0.35314    -1.20718
-0.351443    -1.20631
-0.349749    -1.20544
-0.348058    -1.20456
-0.34637    -1.20368
-0.344684    -1.2028
-0.343002    -1.20191
-0.341323    -1.20101
-0.339647    -1.20011
-0.337974    -1.1992
-0.336304    -1.19829
-0.334637    -1.19738
-0.332973    -1.19646
-0.331313    -1.19554
-0.329655    -1.19461
-0.328    -1.19368
-0.326348    -1.19274
-0.3247    -1.19179
-0.323054    -1.19085
-0.321412    -1.1899
-0.319772    -1.18894
-0.318136    -1.18798
-0.316503    -1.18701
-0.314873    -1.18604
-0.313246    -1.18507
-0.311622    -1.18409
-0.310001    -1.1831
-0.308383    -1.18211
-0.306769    -1.18112
-0.305157    -1.18012
-0.303549    -1.17912
-0.301943    -1.17811
-0.300341    -1.1771
-0.298742    -1.17609
-0.297146    -1.17507
-0.295553    -1.17404
-0.293964    -1.17301
-0.292377    -1.17198
-0.290794    -1.17094
-0.289213    -1.1699
-0.287636    -1.16885
-0.286062    -1.1678
-0.284491    -1.16674
-0.282924    -1.16568
-0.281359    -1.16461
-0.279798    -1.16354
-0.27824    -1.16247
-0.276685    -1.16139
-0.275133    -1.16031
-0.273584    -1.15922
-0.272038    -1.15813
-0.270496    -1.15703
-0.268957    -1.15593
-0.267421    -1.15483
-0.265888    -1.15372
-0.264358    -1.15261
-0.262832    -1.15149
-0.261308    -1.15037
-0.259788    -1.14924
-0.258271    -1.14811
-0.256757    -1.14697
-0.255247    -1.14583
-0.253739    -1.14469
-0.252235    -1.14354
-0.250734    -1.14239
-0.249236    -1.14123
-0.247742    -1.14007
-0.24625    -1.13891
-0.244762    -1.13774
-0.243277    -1.13657
-0.241795    -1.13539
-0.240317    -1.13421
-0.238841    -1.13302
-0.237369    -1.13183
-0.2359    -1.13064
-0.234434    -1.12944
-0.232972    -1.12824
-0.231512    -1.12703
-0.230056    -1.12582
-0.228603    -1.12461
-0.227154    -1.12339
-0.225707    -1.12216
-0.224264    -1.12094
-0.222824    -1.1197
-0.221387    -1.11847
-0.219954    -1.11723
-0.218523    -1.11599
-0.217096    -1.11474
-0.215672    -1.11349
-0.214251    -1.11223
-0.212834    -1.11097
-0.21142    -1.10971
-0.210009    -1.10844
-0.208601    -1.10717
-0.207196    -1.10589
-0.205795    -1.10461
-0.204397    -1.10333
-0.203002    -1.10204
-0.20161    -1.10075
-0.200222    -1.09945
-0.198837    -1.09815
-0.197455    -1.09685
-0.196076    -1.09554
-0.194701    -1.09423
-0.193328    -1.09291
-0.191959    -1.0916
-0.190594    -1.09027
-0.189231    -1.08895
-0.187872    -1.08761
-0.186515    -1.08628
-0.185163    -1.08494
-0.183813    -1.0836
-0.182467    -1.08225
-0.181123    -1.0809
-0.179783    -1.07955
-0.178447    -1.07819
-0.177113    -1.07683
-0.175783    -1.07546
-0.174456    -1.07409
-0.173132    -1.07272
-0.171812    -1.07134
-0.170494    -1.06996
-0.16918    -1.06858
-0.167869    -1.06719
-0.166562    -1.06579
-0.165257    -1.0644
-0.163956    -1.063
-0.162658    -1.0616
-0.161363    -1.06019
-0.160072    -1.05878
-0.158783    -1.05736
-0.157498    -1.05595
-0.156216    -1.05452
-0.154938    -1.0531
-0.153662    -1.05167
-0.15239    -1.05024
-0.151121    -1.0488
-0.149855    -1.04736
-0.148593    -1.04591
-0.147333    -1.04447
-0.146077    -1.04302
-0.144824    -1.04156
-0.143574    -1.0401
-0.142328    -1.03864
-0.141085    -1.03717
-0.139844    -1.0357
-0.138608    -1.03423
-0.137374    -1.03276
-0.136143    -1.03128
-0.134916    -1.02979
-0.133692    -1.0283
-0.132471    -1.02681
-0.131253    -1.02532
-0.130039    -1.02382
-0.128828    -1.02232
-0.127619    -1.02082
-0.126415    -1.01931
-0.125213    -1.0178
-0.124014    -1.01628
-0.122819    -1.01476
-0.121627    -1.01324
-0.120438    -1.01171
-0.119252    -1.01018
-0.118069    -1.00865
-0.11689    -1.00712
-0.115713    -1.00558
-0.11454    -1.00403
-0.11337    -1.00249
-0.112203    -1.00094
-0.11104    -0.999383
-0.109879    -0.997827
-0.108722    -0.996267
-0.107568    -0.994703
-0.106417    -0.993136
-0.105269    -0.991566
-0.104124    -0.989993
-0.102983    -0.988416
-0.101845    -0.986836
-0.100709    -0.985252
-0.0995772    -0.983665
-0.0984483    -0.982075
-0.0973225    -0.980481
-0.0961998    -0.978884
-0.0950803    -0.977284
-0.0939638    -0.975681
-0.0928506    -0.974074
-0.0917404    -0.972464
-0.0906334    -0.97085
-0.0895295    -0.969234
-0.0884287    -0.967614
-0.087331    -0.965991
-0.0862365    -0.964365
-0.085145    -0.962735
-0.0840567    -0.961102
-0.0829714    -0.959466
-0.0818893    -0.957827
-0.0808103    -0.956184
-0.0797343    -0.954539
-0.0786615    -0.95289
-0.0775917    -0.951238
-0.0765251    -0.949582
-0.0754615    -0.947924
-0.074401    -0.946262
-0.0733436    -0.944598
-0.0722892    -0.94293
-0.0712379    -0.941259
-0.0701897    -0.939584
-0.0691446    -0.937907
-0.0681025    -0.936227
-0.0670635    -0.934543
-0.0660276    -0.932856
-0.0649947    -0.931167
-0.0639648    -0.929474
-0.062938    -0.927778
-0.0619143    -0.926079
-0.0608935    -0.924377
-0.0598759    -0.922672
-0.0588612    -0.920963
-0.0578496    -0.919252
-0.056841    -0.917538
-0.0558354    -0.91582
-0.0548329    -0.9141
-0.0538334    -0.912377
-0.0528369    -0.91065
-0.0518434    -0.908921
-0.0508529    -0.907188
-0.0498654    -0.905453
-0.0488809    -0.903715
-0.0478994    -0.901973
-0.0469209    -0.900229
-0.0459453    -0.898481
-0.0449728    -0.896731
-0.0440033    -0.894978
-0.0430367    -0.893222
-0.0420731    -0.891463
-0.0411124    -0.8897
-0.0401548    -0.887935
-0.0392    -0.886168
-0.0382483    -0.884397
-0.0372995    -0.882623
-0.0363537    -0.880846
-0.0354107    -0.879067
