-0.534977    -1.19446
-0.532988    -1.19442
-0.531    -1.19437
-0.529014    -1.19432
-0.527028    -1.19426
-0.525044    -1.1942
-0.52306    -1.19413
-0.521078    -1.19406
-0.519098    -1.19398
-0.517118    -1.19389
-0.51514    -1.1938
-0.513163    -1.19371
-0.511188    -1.19361
-0.509213    -1.1935
-0.50724    -1.19339
-0.505268    -1.19328
-0.503298    -1.19315
-0.501329    -1.19303
-0.499361    -1.19289
-0.497395    -1.19275
-0.49543    -1.19261
-0.493466    -1.19246
-0.491504    -1.19231
-0.489543    -1.19215
-0.487584    -1.19198
-0.485626    -1.19181
-0.483669    -1.19164
-0.481714    -1.19146
-0.47976    -1.19127
-0.477808    -1.19108
-0.475857    -1.19088
-0.473908    -1.19068
-0.47196    -1.19047
-0.470014    -1.19026
-0.468069    -1.19004
-0.466125    -1.18982
-0.464184    -1.18959
-0.462243    -1.18935
-0.460305    -1.18911
-0.458367    -1.18887
-0.456432    -1.18862
-0.454498    -1.18836
-0.452565    -1.1881
-0.450634    -1.18784
-0.448705    -1.18757
-0.446777    -1.18729
-0.444851    -1.18701
-0.442927    -1.18672
-0.441004    -1.18643
-0.439083    -1.18613
-0.437164    -1.18583
-0.435246    -1.18552
-0.43333    -1.18521
-0.431415    -1.18489
-0.429503    -1.18457
-0.427592    -1.18424
-0.425682    -1.18391
-0.423775    -1.18357
-0.421869    -1.18322
-0.419965    -1.18287
-0.418062    -1.18252
-0.416161    -1.18216
-0.414263    -1.18179
-0.412365    -1.18142
-0.41047    -1.18105
-0.408577    -1.18067
-0.406685    -1.18028
-0.404795    -1.17989
-0.402907    -1.1795
-0.401021    -1.1791
-0.399136    -1.17869
-0.397253    -1.17828
-0.395373    -1.17786
-0.393494    -1.17744
-0.391617    -1.17702
-0.389742    -1.17659
-0.387868    -1.17615
-0.385997    -1.17571
-0.384127    -1.17526
-0.38226    -1.17481
-0.380394    -1.17435
-0.37853    -1.17389
-0.376668    -1.17343
-0.374809    -1.17295
-0.372951    -1.17248
-0.371095    -1.172
-0.369241    -1.17151
-0.367389    -1.17102
-0.365539    -1.17052
-0.36369    -1.17002
-0.361844    -1.16951
-0.36    -1.169
-0.358158    -1.16848
-0.356318    -1.16796
-0.35448    -1.16743
-0.352644    -1.1669
-0.35081    -1.16637
-0.348978    -1.16583
-0.347148    -1.16528
-0.345321    -1.16473
-0.343495    -1.16417
-0.341671    -1.16361
-0.33985    -1.16304
-0.33803    -1.16247
-0.336213    -1.1619
-0.334397    -1.16132
-0.332584    -1.16073
-0.330773    -1.16014
-0.328964    -1.15954
-0.327158    -1.15894
-0.325353    -1.15834
-0.32355    -1.15773
-0.32175    -1.15711
-0.319952    -1.15649
-0.318156    -1.15587
-0.316362    -1.15524
-0.31457    -1.15461
-0.312781    -1.15397
-0.310994    -1.15332
-0.309209    -1.15267
-0.307426    -1.15202
-0.305645    -1.15136
-0.303867    -1.1507
-0.30209    -1.15003
-0.300316    -1.14936
-0.298545    -1.14868
-0.296775    -1.148
-0.295008    -1.14731
-0.293243    -1.14662
-0.29148    -1.14593
-0.28972    -1.14522
-0.287962    -1.14452
-0.286206    -1.14381
-0.284452    -1.14309
-0.282701    -1.14237
-0.280952    -1.14165
-0.279205    -1.14092
-0.277461    -1.14019
-0.275719    -1.13945
-0.273979    -1.1387
-0.272241    -1.13796
-0.270506    -1.1372
-0.268774    -1.13645
-0.267043    -1.13568
-0.265315    -1.13492
-0.263589    -1.13415
-0.261866    -1.13337
-0.260145    -1.13259
-0.258427    -1.13181
-0.25671    -1.13102
-0.254997    -1.13022
-0.253285    -1.12942
-0.251576    -1.12862
-0.24987    -1.12781
-0.248165    -1.127
-0.246464    -1.12618
-0.244764    -1.12536
-0.243067    -1.12454
-0.241373    -1.12371
-0.239681    -1.12287
-0.237991    -1.12203
-0.236304    -1.12119
-0.234619    -1.12034
-0.232937    -1.11949
-0.231257    -1.11863
-0.229579    -1.11777
-0.227904    -1.1169
-0.226232    -1.11603
-0.224562    -1.11515
-0.222894    -1.11427
-0.221229    -1.11339
-0.219567    -1.1125
-0.217907    -1.11161
-0.216249    -1.11071
-0.214594    -1.10981
-0.212942    -1.1089
-0.211292    -1.10799
-0.209644    -1.10707
-0.207999    -1.10615
-0.206357    -1.10523
-0.204717    -1.1043
-0.203079    -1.10337
-0.201444    -1.10243
-0.199812    -1.10149
-0.198182    -1.10054
-0.196555    -1.09959
-0.19493    -1.09864
-0.193308    -1.09768
-0.191689    -1.09672
-0.190072    -1.09575
-0.188457    -1.09478
-0.186846    -1.0938
-0.185236    -1.09282
-0.18363    -1.09183
-0.182025    -1.09085
-0.180424    -1.08985
-0.178825    -1.08885
-0.177229    -1.08785
-0.175635    -1.08685
-0.174044    -1.08584
-0.172455    -1.08482
-0.170869    -1.0838
-0.169286    -1.08278
-0.167705    -1.08175
-0.166127    -1.08072
-0.164552    -1.07969
-0.162979    -1.07865
-0.161409    -1.0776
-0.159841    -1.07655
-0.158276    -1.0755
-0.156714    -1.07445
-0.155154    -1.07338
-0.153597    -1.07232
-0.152043    -1.07125
-0.150491    -1.07018
-0.148942    -1.0691
-0.147396    -1.06802
-0.145852    -1.06693
-0.144311    -1.06584
-0.142773    -1.06475
-0.141237    -1.06365
-0.139704    -1.06255
-0.138174    -1.06145
-0.136646    -1.06034
-0.135121    -1.05922
-0.133598    -1.0581
-0.132079    -1.05698
-0.130562    -1.05586
-0.129048    -1.05473
-0.127536    -1.05359
-0.126027    -1.05245
-0.124521    -1.05131
-0.123017    -1.05016
-0.121516    -1.04901
-0.120018    -1.04786
-0.118523    -1.0467
-0.11703    -1.04554
-0.11554    -1.04437
-0.114053    -1.0432
-0.112568    -1.04203
-0.111087    -1.04085
-0.109607    -1.03967
-0.108131    -1.03848
-0.106657    -1.03729
-0.105186    -1.0361
-0.103718    -1.0349
-0.102253    -1.0337
-0.10079    -1.0325
-0.0993299    -1.03129
-0.0978725    -1.03007
-0.096418    -1.02886
-0.0949661    -1.02764
-0.093517    -1.02641
-0.0920707    -1.02518
-0.090627    -1.02395
-0.0891862    -1.02271
-0.087748    -1.02147
-0.0863126    -1.02023
-0.08488    -1.01898
-0.0834501    -1.01773
-0.082023    -1.01648
-0.0805986    -1.01522
-0.0791769    -1.01395
-0.077758    -1.01269
-0.0763419    -1.01142
-0.0749285    -1.01014
-0.0735179    -1.00887
-0.0721101    -1.00758
-0.070705    -1.0063
-0.0693026    -1.00501
-0.0679031    -1.00372
-0.0665063    -1.00242
-0.0651122    -1.00112
-0.063721    -0.999816
-0.0623324    -0.998508
-0.0609467    -0.997197
-0.0595637    -0.995882
-0.0581835    -0.994563
-0.0568061    -0.993241
-0.0554314    -0.991915
-0.0540595    -0.990585
-0.0526904    -0.989252
-0.0513241    -0.987915
-0.0499605    -0.986574
-0.0485997    -0.98523
-0.0472417    -0.983882
-0.0458864    -0.982531
-0.0445339    -0.981176
-0.0431842    -0.979817
-0.0418373    -0.978455
-0.0404932    -0.977089
-0.0391518    -0.97572
-0.0378132    -0.974347
-0.0364774    -0.97297
-0.0351444    -0.97159
-0.0338141    -0.970206
-0.0324867    -0.968819
-0.031162    -0.967429
-0.0298401    -0.966034
-0.0285209    -0.964637
-0.0272046    -0.963235
-0.025891    -0.961831
-0.0245802    -0.960422
-0.0232722    -0.959011
-0.021967    -0.957595
-0.0206645    -0.956177
-0.0193648    -0.954754
-0.018068    -0.953329
-0.0167739    -0.9519
-0.0154825    -0.950467
-0.014194    -0.949031
-0.0129082    -0.947592
-0.0116252    -0.946149
-0.010345    -0.944703
-0.00906757    -0.943253
-0.00779291    -0.9418
-0.00652104    -0.940344
-0.00525194    -0.938884
-0.00398562    -0.937421
-0.00272208    -0.935954
-0.00146131    -0.934484
-0.000203324    -0.933011
0.00105189    -0.931534
0.00230433    -0.930054
0.00355399    -0.928571
0.00480088    -0.927084
0.006045    -0.925594
0.00728634    -0.924101
0.00852491    -0.922604
0.00976071    -0.921104
0.0109937    -0.919601
0.012224    -0.918094
0.0134515    -0.916584
0.0146762    -0.915071
0.0158982    -0.913555
0.0171173    -0.912035
0.0183338    -0.910512
0.0195474    -0.908986
0.0207583    -0.907457
0.0219664    -0.905924
0.0231718    -0.904388
0.0243744    -0.902849
0.0255743    -0.901307
0.0267713    -0.899762
0.0279657    -0.898213
0.0291572    -0.896661
0.0303461    -0.895106
0.0315321    -0.893548
0.0327154    -0.891986
0.033896    -0.890422
0.0350738    -0.888854
0.0362488    -0.887283
0.0374212    -0.885709
0.0385907    -0.884132
0.0397575    -0.882551
0.0409216    -0.880968
0.0420829    -0.879381
0.0432415    -0.877792
0.0443974    -0.876199
0.0455505    -0.874603
0.0467009    -0.873004
0.0478485    -0.871402
0.0489934    -0.869797
0.0501356    -0.868189
0.051275    -0.866578
0.0524117    -0.864963
0.0535457    -0.863346
0.054677    -0.861726
0.0558055    -0.860102
0.0569313    -0.858476
0.0580544    -0.856846
0.0591748    -0.855214
0.0602925    -0.853578
0.0614074    -0.85194
0.0625196    -0.850298
0.0636292    -0.848654
0.064736    -0.847006
0.0658401    -0.845356
0.0669415    -0.843703
0.0680402    -0.842046
0.0691362    -0.840387
0.0702295    -0.838725
0.0713201    -0.837059
0.072408    -0.835391
0.0734932    -0.83372
0.0745757    -0.832046
0.0756556    -0.830369
0.0767327    -0.82869
0.0778072    -0.827007
0.078879    -0.825321
0.0799481    -0.823633
0.0810145    -0.821942
0.0820783    -0.820248
0.0831393    -0.81855
0.0841977    -0.816851
0.0852535    -0.815148
0.0863066    -0.813442
0.087357    -0.811734
0.0884047    -0.810022
0.0894498    -0.808308
0.0904922    -0.806591
0.091532    -0.804872
0.0925692    -0.803149
0.0936036    -0.801424
0.0946355    -0.799696
0.0956647    -0.797965
0.0966912    -0.796231
0.0977151    -0.794495
0.0987364    -0.792756
0.0997551    -0.791014
0.100771    -0.789269
0.101784    -0.787521
0.102795    -0.785771
0.103803    -0.784018
0.104809    -0.782263
0.105812    -0.780504
0.106812    -0.778743
0.10781    -0.776979
0.108805    -0.775213
0.109797    -0.773444
0.110787    -0.771672
0.111775    -0.769898
0.112759    -0.76812
0.113741    -0.766341
0.114721    -0.764558
0.115698    -0.762773
0.116672    -0.760985
0.117644    -0.759195
0.118613    -0.757402
0.11958    -0.755606
0.120544    -0.753808
0.121505    -0.752007
0.122464    -0.750203
0.12342    -0.748397
0.124374    -0.746589
0.125325    -0.744777
0.126274    -0.742964
0.12722    -0.741147
0.128164    -0.739328
0.129105    -0.737507
0.130043    -0.735683
0.130979    -0.733856
0.131912    -0.732027
0.132843    -0.730195
0.133772    -0.728361
0.134697    -0.726524
0.135621    -0.724685
0.136542    -0.722843
0.13746    -0.720999
0.138376    -0.719153
0.139289    -0.717303
0.1402    -0.715452
0.141108    -0.713598
0.142014    -0.711741
0.142917    -0.709882
0.143818    -0.70802
0.144716    -0.706157
0.145612    -0.70429
0.146505    -0.702421
0.147396    -0.70055
0.148285    -0.698677
0.149171    -0.696801
0.150054    -0.694922
0.150935    -0.693041
0.151814    -0.691158
0.15269    -0.689273
0.153564    -0.687385
0.154435    -0.685494
0.155304    -0.683601
0.15617    -0.681706
0.157034    -0.679809
0.157896    -0.677909
0.158755    -0.676007
0.159612    -0.674103
0.160466    -0.672196
0.161318    -0.670287
0.162167    -0.668376
0.163014    -0.666462
0.163859    -0.664546
0.164701    -0.662628
0.165541    -0.660707
0.166379    -0.658784
0.167214    -0.656859
0.168046    -0.654932
0.168877    -0.653003
0.169705    -0.651071
0.17053    -0.649137
0.171354    -0.6472
0.172175    -0.645262
0.172993    -0.643321
0.173809    -0.641378
0.174623    -0.639433
0.175435    -0.637485
0.176244    -0.635536
0.177051    -0.633584
0.177855    -0.63163
0.178658    -0.629674
0.179458    -0.627716
0.180255    -0.625755
0.18105    -0.623793
0.181843    -0.621828
0.182634    -0.619861
0.183422    -0.617892
0.184209    -0.615921
0.184992    -0.613947
0.185774    -0.611972
0.186553    -0.609995
0.18733    -0.608015
0.188105    -0.606033
0.188877    -0.604049
0.189647    -0.602064
0.190415    -0.600076
0.191181    -0.598086
0.191944    -0.596093
0.192706    -0.594099
0.193465    -0.592103
0.194221    -0.590105
0.194976    -0.588105
0.195728    -0.586102
0.196478    -0.584098
0.197226    -0.582092
0.197972    -0.580083
0.198715    -0.578073
0.199456    -0.576061
0.200195    -0.574046
0.200932    -0.57203
0.201667    -0.570012
0.202399    -0.567992
0.20313    -0.565969
0.203858    -0.563945
0.204584    -0.561919
0.205308    -0.559891
0.206029    -0.557861
0.206749    -0.555829
0.207466    -0.553795
0.208181    -0.551759
0.208895    -0.549722
0.209605    -0.547682
0.210314    -0.545641
0.211021    -0.543598
0.211726    -0.541552
0.212428    -0.539505
0.213129    -0.537456
0.213827    -0.535405
0.214523    -0.533353
0.215217    -0.531298
0.215909    -0.529242
0.216599    -0.527184
0.217287    -0.525124
0.217973    -0.523062
0.218657    -0.520998
0.219339    -0.518933
0.220018    -0.516866
0.220696    -0.514796
0.221371    -0.512726
0.222045    -0.510653
0.222717    -0.508579
0.223386    -0.506503
0.224054    -0.504425
0.224719    -0.502345
0.225382    -0.500264
0.226044    -0.49818
0.226703    -0.496096
0.227361    -0.494009
0.228016    -0.491921
0.22867    -0.489831
0.229321    -0.487739
0.229971    -0.485646
0.230618    -0.48355
0.231264    -0.481454
0.231908    -0.479355
0.232549    -0.477255
0.233189    -0.475153
0.233827    -0.47305
0.234463    -0.470945
0.235097    -0.468838
0.235729    -0.46673
0.236359    -0.46462
0.236987    -0.462508
0.237614    -0.460395
0.238238    -0.45828
0.238861    -0.456164
0.239481    -0.454046
0.2401    -0.451926
0.240717    -0.449805
0.241332    -0.447682
0.241945    -0.445558
0.242556    -0.443432
0.243166    -0.441305
0.243773    -0.439176
0.244379    -0.437045
0.244983    -0.434913
0.245585    -0.432779
0.246185    -0.430644
0.246784    -0.428508
0.247381    -0.42637
0.247975    -0.42423
0.248568    -0.422089
0.24916    -0.419947
0.249749    -0.417803
0.250337    -0.415657
0.250923    -0.41351
0.251507    -0.411362
0.252089    -0.409212
0.25267    -0.407061
0.253249    -0.404908
0.253826    -0.402754
0.254401    -0.400598
0.254975    -0.398441
0.255547    -0.396283
0.256117    -0.394123
0.256685    -0.391962
0.257252    -0.389799
0.257817    -0.387636
0.258381    -0.38547
0.258942    -0.383304
0.259502    -0.381136
0.26006    -0.378966
0.260617    -0.376796
0.261172    -0.374624
0.261725    -0.37245
0.262277    -0.370276
0.262827    -0.3681
0.263375    -0.365923
0.263922    -0.363744
0.264467    -0.361564
0.265011    -0.359383
0.265552    -0.357201
0.266093    -0.355017
0.266631    -0.352832
0.267168    -0.350646
0.267704    -0.348458
0.268238    -0.34627
0.26877    -0.34408
0.269301    -0.341889
0.26983    -0.339697
0.270357    -0.337503
0.270883    -0.335308
0.271408    -0.333112
0.271931    -0.330915
0.272452    -0.328717
0.272972    -0.326517
0.27349    -0.324317
0.274007    -0.322115
0.274522    -0.319912
0.275036    -0.317708
0.275549    -0.315503
0.276059    -0.313296
0.276569    -0.311089
0.277077    -0.30888
0.277583    -0.306671
0.278088    -0.30446
0.278591    -0.302248
0.279093    -0.300035
0.279594    -0.297821
0.280093    -0.295606
0.280591    -0.29339
0.281087    -0.291172
0.281582    -0.288954
0.282076    -0.286735
0.282568    -0.284514
0.283058    -0.282293
0.283548    -0.280071
0.284035    -0.277847
0.284522    -0.275623
0.285007    -0.273397
0.285491    -0.271171
0.285973    -0.268944
0.286454    -0.266715
0.286934    -0.264486
0.287412    -0.262256
0.287889    -0.260024
0.288365    -0.257792
0.28884    -0.255559
0.289313    -0.253325
0.289785    -0.25109
0.290255    -0.248854
0.290724    -0.246618
0.291192    -0.24438
0.291659    -0.242141
0.292124    -0.239902
0.292588    -0.237661
0.293051    -0.23542
0.293513    -0.233178
0.293973    -0.230935
0.294432    -0.228692
0.29489    -0.226447
0.295347    -0.224201
0.295802    -0.221955
0.296257    -0.219708
0.29671    -0.21746
0.297162    -0.215212
0.297612    -0.212962
0.298062    -0.210712
0.29851    -0.208461
0.298957    -0.206209
0.299404    -0.203956
0.299848    -0.201703
0.300292    -0.199449
0.300735    -0.197194
0.301176    -0.194939
0.301616    -0.192682
0.302056    -0.190425
0.302494    -0.188168
0.302931    -0.185909
0.303367    -0.18365
0.303802    -0.18139
0.304235    -0.17913
0.304668    -0.176869
0.3051    -0.174607
0.30553    -0.172344
0.30596    -0.170081
0.306388    -0.167818
0.306816    -0.165553
0.307242    -0.163288
0.307667    -0.161023
0.308092    -0.158756
0.308515    -0.15649
0.308937    -0.154222
0.309359    -0.151954
0.309779    -0.149686
0.310198    -0.147416
0.310617    -0.145147
0.311034    -0.142876
0.311451    -0.140605
0.311866    -0.138334
0.312281    -0.136062
0.312695    -0.13379
0.313107    -0.131517
0.313519    -0.129243
0.31393    -0.126969
0.31434    -0.124695
0.314749    -0.12242
0.315157    -0.120145
0.315565    -0.117869
0.315971    -0.115592
0.316377    -0.113316
0.316781    -0.111038
0.317185    -0.108761
0.317588    -0.106482
0.31799    -0.104204
0.318392    -0.101925
0.318792    -0.0996456
0.319192    -0.0973658
0.319591    -0.0950857
0.319989    -0.0928051
0.320386    -0.0905242
0.320782    -0.0882429
0.321178    -0.0859612
0.321573    -0.0836792
0.321967    -0.0813969
0.322361    -0.0791142
0.322753    -0.0768311
0.323145    -0.0745478
0.323536    -0.0722641
0.323927    -0.0699802
0.324316    -0.0676959
0.324705    -0.0654114
0.325094    -0.0631265
0.325481    -0.0608414
0.325868    -0.058556
0.326255    -0.0562704
0.32664    -0.0539845
0.327025    -0.0516984
0.327409    -0.049412
0.327793    -0.0471254
0.328176    -0.0448386
0.328558    -0.0425516
0.32894    -0.0402643
0.329321    -0.0379769
0.329701    -0.0356893
0.330081    -0.0334015
0.33046    -0.0311136
0.330839    -0.0288254
0.331217    -0.0265371
0.331594    -0.0242487
0.331971    -0.0219601
0.332347    -0.0196714
0.332723    -0.0173826
0.333098    -0.0150936
0.333473    -0.0128046
0.333847    -0.0105154
0.334221    -0.00822616
0.334594    -0.00593683
0.334967    -0.00364741
0.335339    -0.00135793
0.33571    0.00093162
0.336082    0.00322122
0.336452    0.00551086
0.336822    0.00780055
0.337192    0.0100903
0.337561    0.01238
0.33793    0.0146697
0.338299    0.0169595
0.338667    0.0192492
0.339034    0.021539
0.339401    0.0238287
0.339768    0.0261184
0.340134    0.0284081
0.3405    0.0306977
0.340866    0.0329873
0.341231    0.0352768
0.341596    0.0375662
0.34196    0.0398556
0.342324    0.0421449
0.342688    0.0444341
0.343052    0.0467232
0.343415    0.0490122
0.343777    0.0513011
0.34414    0.0535899
0.344502    0.0558785
0.344864    0.058167
0.345225    0.0604554
0.345587    0.0627436
0.345948    0.0650316
0.346308    0.0673195
0.346669    0.0696072
0.347029    0.0718947
0.347389    0.0741821
0.347749    0.0764692
0.348108    0.0787561
0.348468    0.0810428
0.348827    0.0833293
0.349186    0.0856155
0.349544    0.0879015
0.349903    0.0901873
0.350261    0.0924728
0.350619    0.094758
0.350977    0.0970429
0.351335    0.0993276
0.351693    0.101612
0.352051    0.103896
0.352408    0.10618
0.352765    0.108463
0.353123    0.110747
0.35348    0.113029
0.353837    0.115312
0.354193    0.117594
0.35455    0.119876
0.354907    0.122157
0.355264    0.124438
0.35562    0.126719
0.355977    0.128999
0.356333    0.131279
0.35669    0.133559
0.357046    0.135838
0.357403    0.138117
0.357759    0.140395
0.358115    0.142673
0.358472    0.14495
0.358828    0.147227
0.359185    0.149504
0.359541    0.15178
0.359898    0.154055
0.360254    0.156331
0.360611    0.158605
0.360968    0.160879
0.361324    0.163153
0.361681    0.165426
0.362038    0.167699
0.362395    0.169971
0.362752    0.172242
0.363109    0.174513
0.363467    0.176784
0.363824    0.179054
0.364182    0.181323
0.364539    0.183592
0.364897    0.18586
0.365255    0.188128
0.365613    0.190395
0.365972    0.192661
0.36633    0.194927
0.366689    0.197192
0.367048    0.199457
0.367407    0.201721
0.367766    0.203984
0.368126    0.206247
0.368486    0.208509
0.368846    0.21077
0.369206    0.213031
0.369566    0.21529
0.369927    0.21755
0.370288    0.219808
0.370649    0.222066
0.371011    0.224323
0.371373    0.22658
0.371735    0.228836
0.372098    0.23109
0.372461    0.233345
0.372824    0.235598
0.373187    0.237851
0.373551    0.240103
0.373915    0.242354
0.37428    0.244604
0.374645    0.246854
0.37501    0.249103
0.375375    0.251351
0.375742    0.253598
0.376108    0.255844
0.376475    0.25809
0.376842    0.260335
0.37721    0.262579
0.377578    0.264822
0.377946    0.267064
0.378315    0.269305
0.378685    0.271546
0.379055    0.273785
0.379425    0.276024
0.379796    0.278262
0.380167    0.280498
0.380539    0.282734
0.380911    0.284969
0.381284    0.287203
0.381658    0.289437
0.382032    0.291669
0.382406    0.2939
0.382781    0.29613
0.383157    0.29836
0.383533    0.300588
0.383909    0.302815
0.384286    0.305042
0.384664    0.307267
0.385043    0.309492
0.385422    0.311715
0.385801    0.313937
0.386181    0.316159
0.386562    0.318379
0.386944    0.320598
0.387326    0.322817
0.387709    0.325034
0.388092    0.32725
0.388476    0.329465
0.388861    0.331679
0.389246    0.333892
0.389632    0.336104
0.390019    0.338314
0.390407    0.340524
0.390795    0.342732
0.391184    0.34494
0.391574    0.347146
0.391964    0.349351
0.392355    0.351555
0.392747    0.353757
0.39314    0.355959
0.393533    0.358159
0.393927    0.360359
0.394322    0.362557
0.394718    0.364754
0.395115    0.366949
0.395512    0.369144
0.39591    0.371337
0.396309    0.373529
0.396709    0.37572
0.39711    0.37791
0.397511    0.380098
0.397914    0.382285
0.398317    0.384471
0.398721    0.386655
0.399126    0.388839
0.399532    0.391021
0.399939    0.393201
0.400346    0.395381
0.400755    0.397559
0.401164    0.399736
0.401575    0.401911
0.401986    0.404086
0.402398    0.406258
0.402812    0.40843
0.403226    0.4106
0.403641    0.412769
0.404057    0.414936
0.404474    0.417102
0.404892    0.419267
0.405312    0.421431
0.405732    0.423593
0.406153    0.425753
0.406575    0.427912
0.406998    0.43007
0.407422    0.432226
0.407848    0.434381
0.408274    0.436535
0.408701    0.438687
0.40913    0.440837
0.409559    0.442986
0.40999    0.445134
0.410422    0.44728
0.410854    0.449425
0.411288    0.451568
0.411723    0.45371
0.412159    0.45585
0.412597    0.457989
0.413035    0.460126
0.413475    0.462262
0.413915    0.464396
0.414357    0.466529
0.4148    0.46866
0.415244    0.47079
0.41569    0.472918
0.416136    0.475044
0.416584    0.477169
0.417033    0.479292
0.417483    0.481414
0.417935    0.483534
0.418387    0.485653
0.418841    0.48777
0.419297    0.489885
0.419753    0.491999
0.420211    0.494111
0.42067    0.496222
0.42113    0.49833
0.421591    0.500438
0.422054    0.502543
0.422518    0.504647
0.422984    0.506749
0.42345    0.50885
0.423918    0.510949
0.424388    0.513046
0.424858    0.515141
0.42533    0.517235
0.425804    0.519327
0.426279    0.521418
0.426755    0.523506
0.427232    0.525593
0.427711    0.527678
0.428191    0.529762
0.428673    0.531843
0.429156    0.533923
0.429641    0.536001
0.430127    0.538078
0.430614    0.540153
0.431103    0.542225
0.431593    0.544296
0.432085    0.546366
0.432578    0.548433
0.433072    0.550499
0.433569    0.552562
0.434066    0.554624
0.434565    0.556685
0.435066    0.558743
0.435568    0.560799
0.436071    0.562854
0.436576    0.564907
0.437083    0.566958
0.437591    0.569007
0.438101    0.571054
0.438612    0.573099
0.439125    0.575142
0.439639    0.577184
0.440155    0.579223
0.440673    0.581261
0.441192    0.583297
0.441713    0.58533
0.442235    0.587362
0.442759    0.589392
0.443284    0.59142
0.443811    0.593446
0.44434    0.59547
0.444871    0.597492
0.445403    0.599512
0.445936    0.60153
0.446472    0.603547
0.447009    0.605561
0.447547    0.607573
0.448088    0.609583
0.44863    0.611591
0.449174    0.613597
0.449719    0.615601
0.450266    0.617603
0.450815    0.619603
0.451366    0.621601
0.451918    0.623597
0.452472    0.625591
0.453028    0.627582
0.453585    0.629572
0.454145    0.631559
0.454706    0.633545
0.455269    0.635528
0.455833    0.63751
0.4564    0.639489
0.456968    0.641466
0.457538    0.643441
0.45811    0.645413
0.458684    0.647384
0.459259    0.649353
0.459836    0.651319
0.460416    0.653283
0.460997    0.655245
0.461579    0.657205
0.462164    0.659163
0.462751    0.661118
0.463339    0.663071
0.46393    0.665023
0.464522    0.666971
0.465116    0.668918
0.465712    0.670863
0.46631    0.672805
0.46691    0.674745
0.467511    0.676683
0.468115    0.678618
0.468721    0.680551
0.469328    0.682482
0.469938    0.684411
0.470549    0.686338
0.471163    0.688262
0.471778    0.690184
0.472395    0.692103
0.473015    0.694021
0.473636    0.695936
0.474259    0.697849
0.474885    0.699759
0.475512    0.701667
0.476141    0.703573
0.476773    0.705476
0.477406    0.707377
0.478042    0.709276
0.478679    0.711172
0.479319    0.713066
0.47996    0.714958
0.480604    0.716847
0.481249    0.718734
0.481897    0.720619
0.482547    0.722501
0.483199    0.72438
0.483853    0.726258
0.484509    0.728132
0.485168    0.730005
0.485828    0.731875
0.48649    0.733742
0.487155    0.735608
0.487822    0.73747
0.488491    0.73933
0.489162    0.741188
0.489835    0.743043
0.49051    0.744896
0.491188    0.746746
0.491868    0.748594
0.49255    0.75044
0.493234    0.752282
0.49392    0.754123
0.494608    0.755961
0.495299    0.757796
0.495992    0.759629
0.496687    0.761459
0.497384    0.763286
0.498084    0.765111
0.498786    0.766934
0.49949    0.768754
0.500196    0.770571
0.500904    0.772386
0.501615    0.774198
0.502328    0.776008
0.503044    0.777815
0.503761    0.77962
0.504481    0.781421
0.505203    0.783221
0.505928    0.785017
0.506654    0.786811
0.507384    0.788603
0.508115    0.790391
0.508849    0.792177
0.509585    0.793961
0.510323    0.795741
0.511064    0.79752
0.511807    0.799295
0.512552    0.801068
0.5133    0.802838
0.51405    0.804605
0.514803    0.806369
0.515558    0.808131
0.516315    0.809891
0.517075    0.811647
0.517837    0.813401
0.518601    0.815152
0.519368    0.8169
0.520137    0.818645
0.520909    0.820388
0.521683    0.822128
0.52246    0.823865
0.523239    0.8256
0.52402    0.827331
0.524804    0.82906
0.52559    0.830786
0.526379    0.832509
0.52717    0.83423
0.527964    0.835947
0.52876    0.837662
0.529559    0.839374
0.53036    0.841083
0.531163    0.842789
0.531969    0.844493
0.532778    0.846193
0.533589    0.847891
0.534403    0.849586
0.535219    0.851278
0.536038    0.852967
0.536859    0.854653
0.537683    0.856336
0.538509    0.858016
0.539338    0.859694
0.540169    0.861368
0.541003    0.86304
0.541839    0.864708
0.542678    0.866374
0.54352    0.868037
0.544364    0.869696
0.545211    0.871353
0.54606    0.873007
0.546912    0.874658
0.547767    0.876306
0.548624    0.87795
0.549484    0.879592
0.550346    0.881231
0.551211    0.882867
0.552079    0.8845
0.552949    0.88613
0.553822    0.887756
0.554697    0.88938
0.555576    0.891001
0.556456    0.892619
0.55734    0.894233
0.558226    0.895845
0.559115    0.897453
0.560006    0.899058
0.5609    0.900661
0.561797    0.90226
0.562697    0.903856
0.563599    0.905449
0.564504    0.907039
0.565411    0.908625
0.566321    0.910209
0.567234    0.911789
0.56815    0.913367
0.569068    0.914941
0.56999    0.916512
0.570913    0.918079
0.57184    0.919644
0.572769    0.921205
0.573701    0.922764
0.574636    0.924319
0.575574    0.925871
0.576514    0.927419
0.577457    0.928965
0.578403    0.930507
0.579351    0.932046
0.580303    0.933582
0.581257    0.935114
0.582214    0.936643
0.583173    0.938169
0.584136    0.939692
0.585101    0.941211
0.586069    0.942727
0.58704    0.94424
0.588014    0.94575
0.58899    0.947256
0.589969    0.948759
0.590951    0.950259
0.591936    0.951755
0.592924    0.953248
0.593915    0.954737
0.594908    0.956224
0.595904    0.957707
0.596903    0.959186
0.597905    0.960662
0.59891    0.962135
0.599918    0.963604
0.600928    0.96507
0.601942    0.966533
0.602958    0.967992
0.603977    0.969448
0.604999    0.9709
0.606024    0.972349
0.607052    0.973795
0.608082    0.975237
0.609116    0.976675
0.610152    0.97811
0.611192    0.979542
0.612234    0.98097
0.613279    0.982395
0.614327    0.983816
0.615378    0.985234
0.616432    0.986648
0.617488    0.988059
0.618548    0.989466
0.619611    0.99087
0.620676    0.99227
0.621745    0.993666
0.622816    0.995059
0.623891    0.996449
0.624968    0.997834
0.626048    0.999217
0.627131    1.0006
0.628217    1.00197
0.629307    1.00334
0.630399    1.00471
0.631494    1.00607
0.632592    1.00743
0.633693    1.00879
0.634797    1.01015
0.635903    1.01149
0.637013    1.01284
0.638126    1.01418
0.639242    1.01552
0.640361    1.01686
0.641483    1.01819
0.642608    1.01952
0.643735    1.02084
0.644866    1.02216
0.646    1.02348
0.647137    1.02479
0.648277    1.0261
0.64942    1.0274
0.650566    1.02871
0.651714    1.03
0.652866    1.0313
0.654021    1.03259
0.655179    1.03388
0.65634    1.03516
0.657504    1.03644
0.658671    1.03771
0.659841    1.03898
0.661014    1.04025
0.662191    1.04151
0.66337    1.04277
0.664552    1.04403
0.665737    1.04528
0.666926    1.04653
0.668117    1.04778
0.669311    1.04902
0.670509    1.05025
0.671709    1.05149
0.672913    1.05271
0.67412    1.05394
0.675329    1.05516
0.676542    1.05638
0.677758    1.05759
0.678977    1.0588
0.680199    1.06
0.681424    1.06121
0.682652    1.0624
0.683884    1.0636
0.685118    1.06479
0.686355    1.06597
0.687596    1.06715
0.688839    1.06833
0.690086    1.0695
0.691336    1.07067
0.692589    1.07184
0.693845    1.073
0.695104    1.07416
0.696366    1.07531
0.697631    1.07646
0.698899    1.0776
0.700171    1.07874
0.701445    1.07988
0.702723    1.08101
0.704004    1.08214
0.705287    1.08327
0.706574    1.08439
0.707864    1.0855
0.709158    1.08662
0.710454    1.08772
0.711753    1.08883
0.713056    1.08993
0.714361    1.09102
0.71567    1.09211
0.716982    1.0932
0.718297    1.09428
