-0.811511    1.02687
-0.811361    1.02499
-0.811213    1.0231
-0.811067    1.0212
-0.810925    1.01931
-0.810784    1.01741
-0.810646    1.01551
-0.81051    1.01361
-0.810377    1.01171
-0.810247    1.0098
-0.810118    1.00789
-0.809992    1.00598
-0.809868    1.00407
-0.809747    1.00215
-0.809628    1.00023
-0.809512    0.998314
-0.809397    0.996392
-0.809286    0.994468
-0.809176    0.992542
-0.809069    0.990613
-0.808964    0.988683
-0.808861    0.98675
-0.80876    0.984814
-0.808662    0.982877
-0.808566    0.980937
-0.808472    0.978996
-0.808381    0.977052
-0.808292    0.975106
-0.808205    0.973158
-0.80812    0.971207
-0.808037    0.969255
-0.807957    0.9673
-0.807878    0.965343
-0.807802    0.963384
-0.807728    0.961423
-0.807657    0.959459
-0.807587    0.957494
-0.807519    0.955526
-0.807454    0.953557
-0.807391    0.951585
-0.807329    0.949611
-0.80727    0.947635
-0.807213    0.945657
-0.807158    0.943676
-0.807105    0.941694
-0.807054    0.939709
-0.807005    0.937723
-0.806958    0.935734
-0.806913    0.933743
-0.806871    0.93175
-0.80683    0.929755
-0.806791    0.927758
-0.806754    0.925759
-0.806719    0.923758
-0.806686    0.921755
-0.806655    0.91975
-0.806626    0.917742
-0.806599    0.915733
-0.806574    0.913722
-0.80655    0.911708
-0.806529    0.909693
-0.806509    0.907675
-0.806491    0.905655
-0.806476    0.903634
-0.806462    0.90161
-0.80645    0.899585
-0.806439    0.897557
-0.806431    0.895527
-0.806424    0.893496
-0.806419    0.891462
-0.806416    0.889426
-0.806415    0.887388
-0.806415    0.885349
-0.806418    0.883307
-0.806422    0.881264
-0.806427    0.879218
-0.806435    0.87717
-0.806444    0.875121
-0.806455    0.873069
-0.806468    0.871016
-0.806482    0.86896
-0.806498    0.866903
-0.806516    0.864843
-0.806535    0.862782
-0.806556    0.860719
-0.806579    0.858654
-0.806603    0.856587
-0.806629    0.854517
-0.806656    0.852447
-0.806685    0.850374
-0.806716    0.848299
-0.806748    0.846222
-0.806782    0.844143
-0.806818    0.842063
-0.806855    0.83998
-0.806893    0.837896
-0.806933    0.83581
-0.806975    0.833721
-0.807018    0.831631
-0.807062    0.829539
-0.807108    0.827446
-0.807156    0.82535
-0.807205    0.823252
-0.807255    0.821153
-0.807307    0.819052
-0.807361    0.816948
-0.807416    0.814843
-0.807472    0.812737
-0.807529    0.810628
-0.807588    0.808517
-0.807649    0.806405
-0.807711    0.804291
-0.807774    0.802174
-0.807838    0.800057
-0.807904    0.797937
-0.807971    0.795815
-0.80804    0.793692
-0.80811    0.791567
-0.808181    0.78944
-0.808253    0.787311
-0.808327    0.78518
-0.808402    0.783048
-0.808478    0.780914
-0.808556    0.778778
-0.808635    0.77664
-0.808715    0.7745
-0.808796    0.772359
-0.808878    0.770216
-0.808962    0.768071
-0.809047    0.765924
-0.809133    0.763776
-0.80922    0.761626
-0.809309    0.759474
-0.809398    0.75732
-0.809489    0.755165
-0.809581    0.753007
-0.809673    0.750849
-0.809768    0.748688
-0.809863    0.746526
-0.809959    0.744361
-0.810056    0.742196
-0.810155    0.740028
-0.810254    0.737859
-0.810355    0.735688
-0.810456    0.733515
-0.810559    0.731341
-0.810662    0.729165
-0.810767    0.726987
-0.810873    0.724808
-0.810979    0.722626
-0.811087    0.720444
-0.811195    0.718259
-0.811305    0.716073
-0.811415    0.713885
-0.811527    0.711696
-0.811639    0.709504
-0.811752    0.707312
-0.811866    0.705117
-0.811981    0.702921
-0.812097    0.700723
-0.812214    0.698524
-0.812332    0.696323
-0.81245    0.69412
-0.81257    0.691916
-0.81269    0.68971
-0.812811    0.687502
-0.812933    0.685293
-0.813056    0.683082
-0.813179    0.68087
-0.813303    0.678656
-0.813428    0.67644
-0.813554    0.674223
-0.813681    0.672004
-0.813808    0.669784
-0.813936    0.667562
-0.814065    0.665339
-0.814194    0.663114
-0.814324    0.660887
-0.814455    0.658659
-0.814586    0.656429
-0.814719    0.654197
-0.814852    0.651965
-0.814985    0.64973
-0.815119    0.647494
-0.815254    0.645257
-0.815389    0.643017
-0.815525    0.640777
-0.815662    0.638535
-0.815799    0.636291
-0.815937    0.634046
-0.816075    0.631799
-0.816214    0.629551
-0.816353    0.627301
-0.816493    0.62505
-0.816634    0.622797
-0.816775    0.620543
-0.816916    0.618287
-0.817058    0.61603
-0.817201    0.613772
-0.817344    0.611511
-0.817487    0.60925
-0.817631    0.606987
-0.817775    0.604722
-0.81792    0.602456
-0.818065    0.600189
-0.818211    0.59792
-0.818357    0.59565
-0.818503    0.593378
-0.81865    0.591105
-0.818797    0.58883
-0.818945    0.586554
-0.819093    0.584276
-0.819241    0.581997
-0.819389    0.579717
-0.819538    0.577435
-0.819687    0.575152
-0.819837    0.572868
-0.819986    0.570582
-0.820137    0.568294
-0.820287    0.566006
-0.820437    0.563715
-0.820588    0.561424
-0.820739    0.559131
-0.82089    0.556837
-0.821042    0.554541
-0.821194    0.552244
-0.821345    0.549946
-0.821498    0.547646
-0.82165    0.545345
-0.821802    0.543043
-0.821955    0.540739
-0.822107    0.538434
-0.82226    0.536128
-0.822413    0.53382
-0.822566    0.531511
-0.822719    0.529201
-0.822873    0.52689
-0.823026    0.524577
-0.82318    0.522262
-0.823333    0.519947
-0.823487    0.51763
-0.82364    0.515312
-0.823794    0.512993
-0.823947    0.510672
-0.824101    0.50835
-0.824255    0.506027
-0.824408    0.503703
-0.824562    0.501377
-0.824716    0.49905
-0.824869    0.496722
-0.825023    0.494392
-0.825176    0.492062
-0.825329    0.48973
-0.825483    0.487397
-0.825636    0.485062
-0.825789    0.482727
-0.825942    0.48039
-0.826095    0.478052
-0.826248    0.475713
-0.8264    0.473373
-0.826553    0.471031
-0.826705    0.468688
-0.826857    0.466344
-0.827009    0.463999
-0.827161    0.461653
-0.827312    0.459305
-0.827463    0.456957
-0.827614    0.454607
-0.827765    0.452256
-0.827916    0.449904
-0.828066    0.447551
-0.828216    0.445196
-0.828366    0.442841
-0.828516    0.440484
-0.828665    0.438126
-0.828814    0.435767
-0.828962    0.433407
-0.829111    0.431046
-0.829258    0.428684
-0.829406    0.426321
-0.829553    0.423956
-0.8297    0.421591
-0.829847    0.419224
-0.829993    0.416857
-0.830138    0.414488
-0.830284    0.412118
-0.830429    0.409747
-0.830573    0.407375
-0.830717    0.405003
-0.830861    0.402628
-0.831004    0.400253
-0.831146    0.397877
-0.831288    0.3955
-0.83143    0.393122
-0.831571    0.390743
-0.831712    0.388363
-0.831852    0.385982
-0.831992    0.383599
-0.832131    0.381216
-0.832269    0.378832
-0.832407    0.376447
-0.832545    0.374061
-0.832681    0.371673
-0.832818    0.369285
-0.832953    0.366896
-0.833088    0.364506
-0.833223    0.362115
-0.833356    0.359723
-0.833489    0.35733
-0.833622    0.354936
-0.833754    0.352542
-0.833885    0.350146
-0.834015    0.347749
-0.834145    0.345352
-0.834274    0.342953
-0.834402    0.340554
-0.83453    0.338154
-0.834657    0.335752
-0.834783    0.33335
-0.834909    0.330947
-0.835033    0.328543
-0.835157    0.326139
-0.83528    0.323733
-0.835403    0.321327
-0.835524    0.318919
-0.835645    0.316511
-0.835765    0.314102
-0.835884    0.311692
-0.836002    0.309282
-0.836119    0.30687
-0.836236    0.304458
-0.836351    0.302045
-0.836466    0.299631
-0.83658    0.297216
-0.836693    0.2948
-0.836805    0.292384
-0.836916    0.289967
-0.837026    0.287549
-0.837136    0.28513
-0.837244    0.28271
-0.837351    0.28029
-0.837458    0.277869
-0.837563    0.275447
-0.837668    0.273025
-0.837771    0.270601
-0.837873    0.268177
-0.837975    0.265752
-0.838075    0.263327
-0.838175    0.260901
-0.838273    0.258474
-0.83837    0.256046
-0.838466    0.253618
-0.838561    0.251189
-0.838655    0.248759
-0.838748    0.246328
-0.83884    0.243897
-0.838931    0.241465
-0.83902    0.239033
-0.839109    0.2366
-0.839196    0.234166
-0.839282    0.231731
-0.839367    0.229296
-0.839451    0.22686
-0.839534    0.224424
-0.839615    0.221987
-0.839695    0.219549
-0.839774    0.217111
-0.839852    0.214672
-0.839929    0.212233
-0.840004    0.209793
-0.840078    0.207352
-0.840151    0.204911
-0.840222    0.202469
-0.840293    0.200026
-0.840362    0.197583
-0.840429    0.19514
-0.840496    0.192696
-0.840561    0.190251
-0.840624    0.187806
-0.840687    0.18536
-0.840748    0.182914
-0.840807    0.180467
-0.840866    0.17802
-0.840923    0.175572
-0.840978    0.173124
-0.841032    0.170675
-0.841085    0.168225
-0.841137    0.165776
-0.841186    0.163325
-0.841235    0.160874
-0.841282    0.158423
-0.841328    0.155971
-0.841372    0.153519
-0.841414    0.151067
-0.841456    0.148613
-0.841495    0.14616
-0.841533    0.143706
-0.84157    0.141252
-0.841605    0.138797
-0.841639    0.136342
-0.841671    0.133886
-0.841702    0.13143
-0.841731    0.128973
-0.841758    0.126517
-0.841784    0.124059
-0.841808    0.121602
-0.841831    0.119144
-0.841852    0.116685
-0.841872    0.114227
-0.84189    0.111768
-0.841906    0.109308
-0.84192    0.106849
-0.841933    0.104389
-0.841945    0.101928
-0.841954    0.0994675
-0.841962    0.0970064
-0.841969    0.0945451
-0.841973    0.0920835
-0.841976    0.0896216
-0.841977    0.0871594
-0.841977    0.0846969
-0.841974    0.0822341
-0.84197    0.0797711
-0.841965    0.0773078
-0.841957    0.0748442
-0.841948    0.0723804
-0.841937    0.0699164
-0.841924    0.0674521
-0.841909    0.0649876
-0.841893    0.0625229
-0.841875    0.060058
-0.841855    0.0575928
-0.841833    0.0551275
-0.841809    0.0526619
-0.841784    0.0501962
-0.841756    0.0477302
-0.841727    0.0452641
-0.841696    0.0427979
-0.841663    0.0403314
-0.841628    0.0378648
-0.841591    0.0353981
-0.841552    0.0329312
-0.841511    0.0304642
-0.841469    0.027997
-0.841424    0.0255298
-0.841378    0.0230624
-0.841329    0.0205949
-0.841279    0.0181273
-0.841227    0.0156596
-0.841172    0.0131918
-0.841116    0.0107239
-0.841058    0.00825598
-0.840997    0.00578796
-0.840935    0.00331988
-0.84087    0.000851747
-0.840804    -0.00161644
-0.840736    -0.00408466
-0.840665    -0.00655293
-0.840593    -0.00902122
-0.840518    -0.0114895
-0.840441    -0.0139579
-0.840362    -0.0164262
-0.840282    -0.0188945
-0.840199    -0.0213629
-0.840113    -0.0238312
-0.840026    -0.0262995
-0.839937    -0.0287678
-0.839845    -0.031236
-0.839752    -0.0337042
-0.839656    -0.0361723
-0.839558    -0.0386404
-0.839458    -0.0411085
-0.839356    -0.0435765
-0.839251    -0.0460444
-0.839144    -0.0485122
-0.839036    -0.0509799
-0.838925    -0.0534475
-0.838811    -0.0559151
-0.838696    -0.0583825
-0.838578    -0.0608498
-0.838458    -0.063317
-0.838336    -0.065784
-0.838211    -0.0682509
-0.838084    -0.0707177
-0.837955    -0.0731843
-0.837824    -0.0756508
-0.83769    -0.0781171
-0.837554    -0.0805832
-0.837416    -0.0830491
-0.837275    -0.0855149
-0.837132    -0.0879804
-0.836987    -0.0904458
-0.836839    -0.0929109
-0.836689    -0.0953759
-0.836537    -0.0978406
-0.836382    -0.100305
-0.836225    -0.102769
-0.836065    -0.105233
-0.835903    -0.107697
-0.835739    -0.110161
-0.835572    -0.112624
-0.835403    -0.115087
-0.835232    -0.117549
-0.835058    -0.120012
-0.834881    -0.122474
-0.834702    -0.124936
-0.834521    -0.127397
-0.834337    -0.129858
-0.834151    -0.132319
-0.833962    -0.13478
-0.833771    -0.13724
-0.833577    -0.1397
-0.833381    -0.142159
-0.833182    -0.144618
-0.832981    -0.147077
-0.832777    -0.149535
-0.83257    -0.151993
-0.832361    -0.154451
-0.83215    -0.156908
-0.831936    -0.159365
-0.831719    -0.161821
-0.8315    -0.164277
-0.831278    -0.166733
-0.831054    -0.169188
-0.830827    -0.171643
-0.830597    -0.174097
-0.830365    -0.176551
-0.83013    -0.179004
-0.829893    -0.181457
-0.829652    -0.183909
-0.82941    -0.186361
-0.829164    -0.188813
-0.828916    -0.191264
-0.828665    -0.193714
-0.828412    -0.196164
-0.828156    -0.198613
-0.827897    -0.201062
-0.827635    -0.20351
-0.827371    -0.205958
-0.827104    -0.208405
-0.826834    -0.210852
-0.826562    -0.213298
-0.826287    -0.215744
-0.826009    -0.218188
-0.825728    -0.220633
-0.825445    -0.223076
-0.825159    -0.22552
-0.82487    -0.227962
-0.824578    -0.230404
-0.824283    -0.232845
-0.823986    -0.235286
-0.823686    -0.237726
-0.823383    -0.240165
-0.823077    -0.242604
-0.822769    -0.245042
-0.822457    -0.247479
-0.822143    -0.249916
-0.821826    -0.252352
-0.821506    -0.254787
-0.821183    -0.257222
-0.820857    -0.259656
-0.820529    -0.262089
-0.820197    -0.264521
-0.819863    -0.266953
-0.819526    -0.269384
-0.819185    -0.271814
-0.818842    -0.274243
-0.818496    -0.276672
-0.818147    -0.2791
-0.817795    -0.281527
-0.817441    -0.283953
-0.817083    -0.286379
-0.816722    -0.288804
-0.816358    -0.291227
-0.815992    -0.293651
-0.815622    -0.296073
-0.81525    -0.298494
-0.814874    -0.300915
-0.814495    -0.303334
-0.814114    -0.305753
-0.813729    -0.308171
-0.813342    -0.310588
-0.812951    -0.313005
-0.812557    -0.31542
-0.81216    -0.317835
-0.811761    -0.320248
-0.811358    -0.322661
-0.810952    -0.325072
-0.810543    -0.327483
-0.810131    -0.329893
-0.809716    -0.332302
-0.809298    -0.33471
-0.808877    -0.337117
-0.808452    -0.339523
-0.808025    -0.341928
-0.807594    -0.344332
-0.807161    -0.346735
-0.806724    -0.349137
-0.806284    -0.351538
-0.805841    -0.353938
-0.805395    -0.356337
-0.804945    -0.358735
-0.804493    -0.361132
-0.804037    -0.363528
-0.803578    -0.365922
-0.803116    -0.368316
-0.802651    -0.370709
-0.802183    -0.3731
-0.801711    -0.375491
-0.801236    -0.37788
-0.800758    -0.380269
-0.800277    -0.382656
-0.799793    -0.385042
-0.799305    -0.387427
-0.798814    -0.38981
-0.79832    -0.392193
-0.797823    -0.394574
-0.797322    -0.396955
-0.796819    -0.399334
-0.796312    -0.401712
-0.795801    -0.404088
-0.795288    -0.406464
-0.794771    -0.408838
-0.794251    -0.411211
-0.793727    -0.413583
-0.7932    -0.415954
-0.79267    -0.418323
-0.792137    -0.420692
-0.7916    -0.423058
-0.79106    -0.425424
-0.790517    -0.427788
-0.78997    -0.430152
-0.78942    -0.432513
-0.788867    -0.434874
-0.78831    -0.437233
-0.78775    -0.439591
-0.787187    -0.441947
-0.78662    -0.444303
-0.78605    -0.446657
-0.785476    -0.449009
-0.7849    -0.45136
-0.784319    -0.45371
-0.783736    -0.456059
-0.783149    -0.458406
-0.782558    -0.460751
-0.781964    -0.463096
-0.781367    -0.465438
-0.780766    -0.46778
-0.780162    -0.47012
-0.779555    -0.472458
-0.778944    -0.474796
-0.778329    -0.477131
-0.777711    -0.479465
-0.77709    -0.481798
-0.776465    -0.484129
-0.775837    -0.486459
-0.775205    -0.488788
-0.77457    -0.491114
-0.773931    -0.49344
-0.773289    -0.495763
-0.772644    -0.498086
-0.771995    -0.500406
-0.771342    -0.502725
-0.770686    -0.505043
-0.770026    -0.507359
-0.769363    -0.509673
-0.768697    -0.511986
-0.768026    -0.514298
-0.767353    -0.516607
-0.766675    -0.518915
-0.765995    -0.521222
-0.76531    -0.523527
-0.764623    -0.52583
-0.763931    -0.528131
-0.763236    -0.530431
-0.762538    -0.532729
-0.761836    -0.535026
-0.76113    -0.537321
-0.760421    -0.539614
-0.759708    -0.541906
-0.758992    -0.544195
-0.758272    -0.546483
-0.757548    -0.54877
-0.756821    -0.551054
-0.75609    -0.553337
-0.755356    -0.555618
-0.754618    -0.557898
-0.753876    -0.560175
-0.753131    -0.562451
-0.752382    -0.564725
-0.75163    -0.566998
-0.750874    -0.569268
-0.750114    -0.571537
-0.74935    -0.573803
-0.748583    -0.576068
-0.747813    -0.578332
-0.747038    -0.580593
-0.74626    -0.582852
-0.745479    -0.58511
-0.744694    -0.587365
-0.743905    -0.589619
-0.743112    -0.591871
-0.742316    -0.594121
-0.741516    -0.596369
-0.740712    -0.598615
-0.739905    -0.60086
-0.739093    -0.603102
-0.738279    -0.605342
-0.73746    -0.607581
-0.736638    -0.609817
-0.735812    -0.612052
-0.734983    -0.614284
-0.734149    -0.616514
-0.733312    -0.618743
-0.732471    -0.620969
-0.731627    -0.623194
-0.730779    -0.625416
-0.729927    -0.627636
-0.729071    -0.629855
-0.728212    -0.632071
-0.727349    -0.634285
-0.726482    -0.636497
-0.725611    -0.638707
-0.724737    -0.640915
-0.723858    -0.643121
-0.722976    -0.645324
-0.722091    -0.647526
-0.721201    -0.649725
-0.720308    -0.651922
-0.719411    -0.654117
-0.71851    -0.65631
-0.717606    -0.658501
-0.716697    -0.66069
-0.715785    -0.662876
-0.714869    -0.66506
-0.713949    -0.667242
-0.713026    -0.669422
-0.712099    -0.671599
-0.711167    -0.673775
-0.710232    -0.675948
-0.709294    -0.678118
-0.708351    -0.680287
-0.707405    -0.682453
-0.706455    -0.684617
-0.705501    -0.686778
-0.704543    -0.688938
-0.703581    -0.691095
-0.702616    -0.693249
-0.701646    -0.695402
-0.700673    -0.697552
-0.699696    -0.699699
-0.698715    -0.701844
-0.697731    -0.703987
-0.696742    -0.706128
-0.69575    -0.708266
-0.694754    -0.710401
-0.693754    -0.712535
-0.69275    -0.714666
-0.691742    -0.716794
-0.69073    -0.71892
-0.689715    -0.721043
-0.688696    -0.723164
-0.687672    -0.725283
-0.686645    -0.727399
-0.685614    -0.729512
-0.68458    -0.731624
-0.683541    -0.733732
-0.682498    -0.735838
-0.681452    -0.737942
-0.680402    -0.740043
-0.679348    -0.742141
-0.67829    -0.744237
-0.677228    -0.74633
-0.676162    -0.748421
-0.675092    -0.750509
-0.674018    -0.752594
-0.672941    -0.754677
-0.67186    -0.756757
-0.670774    -0.758835
-0.669685    -0.76091
-0.668592    -0.762982
-0.667495    -0.765052
-0.666394    -0.767119
-0.66529    -0.769183
-0.664181    -0.771245
-0.663068    -0.773303
-0.661952    -0.77536
-0.660831    -0.777413
-0.659707    -0.779464
-0.658579    -0.781512
-0.657447    -0.783557
-0.656311    -0.785599
-0.655171    -0.787639
-0.654027    -0.789676
-0.652879    -0.79171
-0.651728    -0.793741
-0.650572    -0.79577
-0.649413    -0.797795
-0.648249    -0.799818
-0.647082    -0.801838
-0.645911    -0.803855
-0.644735    -0.805869
-0.643556    -0.807881
-0.642373    -0.809889
-0.641186    -0.811895
-0.639995    -0.813897
-0.638801    -0.815897
-0.637602    -0.817894
-0.636399    -0.819888
-0.635193    -0.821879
-0.633982    -0.823867
-0.632768    -0.825852
-0.631549    -0.827834
-0.630327    -0.829813
-0.629101    -0.831789
-0.627871    -0.833762
-0.626637    -0.835732
-0.625399    -0.837698
-0.624157    -0.839662
-0.622911    -0.841623
-0.621661    -0.843581
-0.620408    -0.845536
-0.61915    -0.847487
-0.617888    -0.849436
-0.616623    -0.851381
-0.615354    -0.853324
-0.61408    -0.855263
-0.612803    -0.857199
-0.611522    -0.859132
-0.610237    -0.861061
-0.608948    -0.862988
-0.607655    -0.864911
-0.606358    -0.866831
-0.605057    -0.868748
-0.603752    -0.870662
-0.602443    -0.872573
-0.601131    -0.87448
-0.599814    -0.876384
-0.598494    -0.878285
-0.59717    -0.880183
-0.595841    -0.882077
-0.594509    -0.883968
-0.593173    -0.885856
-0.591833    -0.88774
-0.590489    -0.889621
-0.589141    -0.891499
-0.587789    -0.893373
-0.586434    -0.895244
-0.585074    -0.897112
-0.583711    -0.898976
-0.582343    -0.900837
-0.580972    -0.902695
-0.579597    -0.904549
-0.578217    -0.9064
-0.576834    -0.908247
-0.575447    -0.910091
-0.574057    -0.911931
-0.572662    -0.913768
-0.571263    -0.915602
-0.569861    -0.917432
-0.568454    -0.919258
-0.567044    -0.921081
-0.56563    -0.922901
-0.564211    -0.924717
-0.562789    -0.926529
-0.561364    -0.928338
-0.559934    -0.930144
-0.5585    -0.931946
-0.557063    -0.933744
-0.555621    -0.935539
-0.554176    -0.93733
-0.552727    -0.939117
-0.551274    -0.940901
-0.549817    -0.942681
-0.548356    -0.944458
-0.546891    -0.946231
-0.545423    -0.948
-0.54395    -0.949765
-0.542474    -0.951527
-0.540994    -0.953286
-0.53951    -0.95504
-0.538022    -0.956791
-0.536531    -0.958538
-0.535035    -0.960281
-0.533536    -0.962021
-0.532033    -0.963757
-0.530526    -0.965489
-0.529015    -0.967217
-0.5275    -0.968942
-0.525982    -0.970662
-0.524459    -0.972379
-0.522933    -0.974092
-0.521403    -0.975801
-0.519869    -0.977507
-0.518332    -0.979208
-0.51679    -0.980906
-0.515245    -0.9826
-0.513696    -0.98429
-0.512143    -0.985976
-0.510587    -0.987658
-0.509026    -0.989336
-0.507462    -0.99101
-0.505894    -0.99268
-0.504323    -0.994347
-0.502747    -0.996009
-0.501168    -0.997667
-0.499585    -0.999322
-0.497998    -1.00097
-0.496407    -1.00262
-0.494813    -1.00426
-0.493215    -1.0059
-0.491613    -1.00753
-0.490007    -1.00916
-0.488398    -1.01079
-0.486785    -1.01241
-0.485168    -1.01403
-0.483547    -1.01564
-0.481923    -1.01725
-0.480295    -1.01886
-0.478663    -1.02046
-0.477028    -1.02206
-0.475389    -1.02365
-0.473746    -1.02524
-0.472099    -1.02683
-0.470449    -1.02841
-0.468795    -1.02998
-0.467138    -1.03156
-0.465476    -1.03312
-0.463811    -1.03469
-0.462143    -1.03625
-0.46047    -1.0378
-0.458794    -1.03935
-0.457115    -1.0409
-0.455432    -1.04244
-0.453745    -1.04398
-0.452054    -1.04552
-0.45036    -1.04705
-0.448662    -1.04857
-0.446961    -1.05009
-0.445256    -1.05161
-0.443547    -1.05312
-0.441835    -1.05463
-0.440119    -1.05613
-0.438399    -1.05763
-0.436676    -1.05913
-0.43495    -1.06062
-0.433219    -1.0621
-0.431486    -1.06359
-0.429748    -1.06506
-0.428007    -1.06654
-0.426263    -1.068
-0.424515    -1.06947
-0.422763    -1.07093
-0.421008    -1.07238
-0.419249    -1.07383
-0.417487    -1.07528
-0.415722    -1.07672
-0.413952    -1.07816
-0.41218    -1.07959
-0.410404    -1.08102
-0.408624    -1.08244
-0.406841    -1.08386
-0.405054    -1.08527
-0.403264    -1.08668
-0.40147    -1.08809
-0.399673    -1.08949
-0.397873    -1.09088
-0.396069    -1.09227
-0.394261    -1.09366
-0.392451    -1.09504
-0.390636    -1.09642
-0.388819    -1.09779
-0.386998    -1.09916
-0.385173    -1.10052
-0.383345    -1.10188
-0.381514    -1.10323
-0.379679    -1.10458
-0.377841    -1.10592
-0.376    -1.10726
-0.374155    -1.1086
-0.372307    -1.10993
-0.370456    -1.11125
-0.368601    -1.11257
-0.366743    -1.11389
-0.364881    -1.1152
-0.363017    -1.1165
-0.361148    -1.1178
-0.359277    -1.1191
-0.357402    -1.12039
-0.355525    -1.12167
-0.353643    -1.12296
-0.351759    -1.12423
-0.349871    -1.1255
-0.34798    -1.12677
-0.346086    -1.12803
-0.344189    -1.12929
-0.342288    -1.13054
-0.340384    -1.13179
-0.338477    -1.13303
-0.336567    -1.13426
-0.334653    -1.1355
-0.332736    -1.13672
-0.330817    -1.13795
-0.328894    -1.13916
-0.326967    -1.14037
-0.325038    -1.14158
-0.323106    -1.14278
-0.32117    -1.14398
-0.319231    -1.14517
-0.31729    -1.14636
-0.315345    -1.14754
-0.313397    -1.14871
-0.311446    -1.14989
-0.309491    -1.15105
-0.307534    -1.15221
-0.305574    -1.15337
-0.303611    -1.15452
-0.301644    -1.15567
-0.299675    -1.15681
-0.297702    -1.15794
-0.295727    -1.15907
-0.293749    -1.1602
-0.291767    -1.16132
-0.289783    -1.16243
-0.287795    -1.16354
-0.285805    -1.16464
-0.283812    -1.16574
-0.281816    -1.16684
-0.279816    -1.16792
-0.277814    -1.16901
-0.275809    -1.17008
-0.273801    -1.17116
-0.271791    -1.17222
-0.269777    -1.17329
-0.267761    -1.17434
-0.265741    -1.17539
-0.263719    -1.17644
-0.261694    -1.17748
-0.259666    -1.17851
-0.257635    -1.17954
-0.255602    -1.18057
-0.253565    -1.18159
-0.251526    -1.1826
-0.249484    -1.18361
-0.24744    -1.18461
-0.245392    -1.18561
-0.243342    -1.1866
-0.241289    -1.18759
-0.239234    -1.18857
-0.237175    -1.18955
-0.235114    -1.19052
-0.233051    -1.19148
-0.230984    -1.19244
-0.228915    -1.19339
-0.226844    -1.19434
-0.224769    -1.19529
-0.222692    -1.19622
-0.220613    -1.19715
-0.21853    -1.19808
-0.216446    -1.199
-0.214358    -1.19992
-0.212268    -1.20083
-0.210176    -1.20173
-0.208081    -1.20263
-0.205983    -1.20352
-0.203883    -1.20441
-0.20178    -1.20529
-0.199675    -1.20617
-0.197568    -1.20704
-0.195457    -1.2079
-0.193345    -1.20876
-0.19123    -1.20961
-0.189112    -1.21046
-0.186992    -1.2113
-0.18487    -1.21214
-0.182745    -1.21297
-0.180618    -1.2138
-0.178489    -1.21462
-0.176357    -1.21543
-0.174223    -1.21624
-0.172086    -1.21704
-0.169947    -1.21784
-0.167806    -1.21863
-0.165662    -1.21942
-0.163516    -1.22019
-0.161368    -1.22097
-0.159218    -1.22174
-0.157065    -1.2225
-0.15491    -1.22326
-0.152753    -1.22401
-0.150594    -1.22475
-0.148432    -1.22549
-0.146268    -1.22622
-0.144103    -1.22695
-0.141934    -1.22767
-0.139764    -1.22839
-0.137592    -1.2291
-0.135417    -1.2298
-0.133241    -1.2305
-0.131062    -1.23119
-0.128881    -1.23188
-0.126698    -1.23256
-0.124513    -1.23324
-0.122326    -1.2339
-0.120137    -1.23457
-0.117946    -1.23522
-0.115753    -1.23588
-0.113558    -1.23652
-0.111361    -1.23716
-0.109162    -1.23779
-0.106961    -1.23842
-0.104758    -1.23904
-0.102553    -1.23966
-0.100347    -1.24027
-0.098138    -1.24087
-0.0959276    -1.24147
-0.0937152    -1.24206
-0.091501    -1.24265
-0.0892849    -1.24323
-0.087067    -1.2438
-0.0848473    -1.24437
-0.0826258    -1.24493
-0.0804025    -1.24549
-0.0781775    -1.24604
-0.0759507    -1.24658
-0.0737221    -1.24712
-0.0714919    -1.24765
-0.0692599    -1.24818
-0.0670262    -1.2487
-0.0647908    -1.24921
-0.0625538    -1.24972
-0.0603151    -1.25022
-0.0580748    -1.25071
-0.0558328    -1.2512
-0.0535893    -1.25169
-0.0513441    -1.25216
-0.0490974    -1.25264
-0.0468491    -1.2531
-0.0445992    -1.25356
-0.0423478    -1.25401
-0.0400949    -1.25446
-0.0378404    -1.2549
-0.0355845    -1.25533
-0.0333271    -1.25576
-0.0310683    -1.25618
-0.0288079    -1.2566
-0.0265462    -1.25701
-0.024283    -1.25741
-0.0220185    -1.25781
-0.0197525    -1.2582
-0.0174852    -1.25859
-0.0152165    -1.25897
-0.0129465    -1.25934
-0.0106752    -1.25971
-0.00840249    -1.26007
-0.00612853    -1.26042
-0.00385329    -1.26077
-0.00157679    -1.26111
0.000700965    -1.26145
0.00297996    -1.26178
0.00526016    -1.2621
0.00754158    -1.26242
0.00982418    -1.26273
0.012108    -1.26303
0.0143929    -1.26333
0.016679    -1.26362
0.0189662    -1.26391
0.0212545    -1.26419
0.0235439    -1.26446
0.0258344    -1.26473
0.0281259    -1.26499
0.0304185    -1.26524
0.0327122    -1.26549
0.0350068    -1.26573
0.0373025    -1.26597
0.0395991    -1.2662
0.0418967    -1.26642
0.0441952    -1.26664
0.0464947    -1.26685
0.0487952    -1.26706
0.0510965    -1.26725
0.0533987    -1.26745
0.0557018    -1.26763
0.0580057    -1.26781
0.0603105    -1.26798
0.0626161    -1.26815
0.0649225    -1.26831
0.0672297    -1.26846
0.0695377    -1.26861
0.0718465    -1.26875
0.074156    -1.26889
0.0764662    -1.26902
0.0787771    -1.26914
0.0810888    -1.26925
0.0834011    -1.26936
0.0857141    -1.26947
0.0880277    -1.26956
0.090342    -1.26966
0.0926568    -1.26974
0.0949723    -1.26982
0.0972884    -1.26989
0.099605    -1.26995
0.101922    -1.27001
0.10424    -1.27007
0.106558    -1.27011
0.108877    -1.27015
0.111196    -1.27019
0.113516    -1.27021
0.115836    -1.27023
0.118156    -1.27025
0.120477    -1.27026
0.122799    -1.27026
0.125121    -1.27025
0.127443    -1.27024
0.129765    -1.27022
0.132088    -1.2702
0.134411    -1.27017
0.136735    -1.27013
0.139058    -1.27009
0.141382    -1.27004
0.143707    -1.26999
0.146031    -1.26992
0.148356    -1.26985
0.150681    -1.26978
0.153006    -1.2697
0.155331    -1.26961
0.157657    -1.26952
0.159982    -1.26942
0.162308    -1.26931
0.164634    -1.2692
0.16696    -1.26908
0.169286    -1.26895
0.171612    -1.26882
0.173938    -1.26868
0.176264    -1.26853
0.17859    -1.26838
0.180916    -1.26822
0.183242    -1.26806
0.185568    -1.26789
0.187894    -1.26771
0.19022    -1.26753
0.192545    -1.26734
0.194871    -1.26714
0.197197    -1.26694
0.199522    -1.26673
0.201847    -1.26651
0.204172    -1.26629
0.206497    -1.26606
0.208822    -1.26583
0.211146    -1.26559
0.21347    -1.26534
0.215794    -1.26509
0.218118    -1.26483
0.220441    -1.26456
0.222764    -1.26429
0.225086    -1.26401
0.227409    -1.26372
0.229731    -1.26343
0.232052    -1.26313
0.234373    -1.26283
0.236694    -1.26251
0.239014    -1.2622
0.241334    -1.26187
0.243654    -1.26154
0.245973    -1.26121
0.248291    -1.26086
0.250609    -1.26051
0.252926    -1.26016
0.255243    -1.25979
0.257559    -1.25943
0.259875    -1.25905
0.26219    -1.25867
0.264505    -1.25828
0.266819    -1.25789
0.269132    -1.25749
0.271444    -1.25708
0.273756    -1.25667
0.276067    -1.25625
0.278378    -1.25582
0.280687    -1.25539
0.282996    -1.25495
0.285305    -1.2545
0.287612    -1.25405
0.289919    -1.2536
0.292224    -1.25313
0.294529    -1.25266
0.296833    -1.25218
0.299137    -1.2517
0.301439    -1.25121
0.303741    -1.25072
0.306041    -1.25021
0.308341    -1.24971
0.310639    -1.24919
0.312937    -1.24867
0.315234    -1.24814
0.31753    -1.24761
0.319825    -1.24707
0.322118    -1.24652
0.324411    -1.24597
0.326703    -1.24541
0.328993    -1.24485
0.331283    -1.24428
0.333571    -1.2437
0.335858    -1.24311
0.338144    -1.24252
0.340429    -1.24193
0.342713    -1.24133
0.344995    -1.24072
0.347277    -1.2401
0.349557    -1.23948
0.351836    -1.23885
0.354113    -1.23822
0.35639    -1.23758
0.358665    -1.23693
0.360938    -1.23628
