0.363211    -1.23562
0.365482    -1.23495
0.367752    -1.23428
0.37002    -1.23361
0.372287    -1.23292
0.374553    -1.23223
0.376817    -1.23154
0.37908    -1.23083
0.381341    -1.23012
0.383601    -1.22941
0.385859    -1.22869
0.388116    -1.22796
0.390371    -1.22723
0.392625    -1.22649
0.394878    -1.22574
0.397128    -1.22499
0.399377    -1.22423
0.401625    -1.22347
0.403871    -1.2227
0.406115    -1.22192
0.408358    -1.22114
0.410599    -1.22035
0.412838    -1.21956
0.415076    -1.21876
0.417312    -1.21795
0.419546    -1.21714
0.421779    -1.21632
0.42401    -1.21549
0.426239    -1.21466
0.428466    -1.21382
0.430692    -1.21298
0.432915    -1.21213
0.435137    -1.21127
0.437357    -1.21041
0.439575    -1.20955
0.441792    -1.20867
0.444006    -1.20779
0.446219    -1.20691
0.448429    -1.20601
0.450638    -1.20512
0.452845    -1.20421
0.45505    -1.2033
0.457252    -1.20239
0.459453    -1.20146
0.461652    -1.20054
0.463849    -1.1996
0.466044    -1.19866
0.468236    -1.19772
0.470427    -1.19676
0.472616    -1.19581
0.474802    -1.19484
0.476987    -1.19387
0.479169    -1.1929
0.481349    -1.19192
0.483527    -1.19093
0.485703    -1.18994
0.487876    -1.18894
0.490048    -1.18793
0.492217    -1.18692
0.494384    -1.1859
0.496549    -1.18488
0.498711    -1.18385
0.500872    -1.18282
0.50303    -1.18178
0.505185    -1.18073
0.507339    -1.17968
0.50949    -1.17862
0.511639    -1.17756
0.513785    -1.17649
0.515929    -1.17541
0.518071    -1.17433
0.52021    -1.17325
0.522347    -1.17215
0.524481    -1.17105
0.526613    -1.16995
0.528743    -1.16884
0.53087    -1.16772
0.532995    -1.1666
0.535117    -1.16548
0.537237    -1.16434
0.539354    -1.1632
0.541468    -1.16206
0.54358    -1.16091
0.54569    -1.15975
0.547797    -1.15859
0.549901    -1.15743
0.552003    -1.15625
0.554102    -1.15507
0.556199    -1.15389
0.558293    -1.1527
0.560384    -1.15151
0.562472    -1.1503
0.564558    -1.1491
0.566642    -1.14789
0.568722    -1.14667
0.5708    -1.14544
0.572875    -1.14422
0.574947    -1.14298
0.577017    -1.14174
0.579084    -1.1405
0.581148    -1.13924
0.583209    -1.13799
0.585268    -1.13673
0.587323    -1.13546
0.589376    -1.13418
0.591426    -1.13291
0.593473    -1.13162
0.595518    -1.13033
0.597559    -1.12904
0.599598    -1.12774
0.601633    -1.12643
0.603666    -1.12512
0.605696    -1.1238
0.607723    -1.12248
0.609747    -1.12115
0.611768    -1.11982
0.613786    -1.11848
0.615801    -1.11713
0.617813    -1.11579
0.619822    -1.11443
0.621827    -1.11307
0.62383    -1.11171
0.62583    -1.11033
0.627827    -1.10896
0.629821    -1.10758
0.631812    -1.10619
0.633799    -1.1048
0.635784    -1.1034
0.637765    -1.102
0.639743    -1.10059
0.641719    -1.09918
0.643691    -1.09776
0.645659    -1.09634
0.647625    -1.09491
0.649587    -1.09347
0.651547    -1.09203
0.653503    -1.09059
0.655456    -1.08914
0.657405    -1.08768
0.659352    -1.08622
0.661295    -1.08476
0.663235    -1.08329
0.665172    -1.08181
0.667105    -1.08033
0.669035    -1.07885
0.670962    -1.07736
0.672885    -1.07586
0.674806    -1.07436
0.676722    -1.07285
0.678636    -1.07134
0.680546    -1.06983
0.682453    -1.06831
0.684356    -1.06678
0.686256    -1.06525
0.688153    -1.06371
0.690046    -1.06217
0.691936    -1.06062
0.693822    -1.05907
0.695705    -1.05752
0.697585    -1.05596
0.699461    -1.05439
0.701334    -1.05282
0.703203    -1.05124
0.705069    -1.04966
0.706931    -1.04808
0.70879    -1.04649
0.710645    -1.04489
0.712497    -1.04329
0.714345    -1.04169
0.716189    -1.04008
0.71803    -1.03846
0.719868    -1.03684
0.721702    -1.03522
0.723532    -1.03359
0.725359    -1.03195
0.727182    -1.03032
0.729002    -1.02867
0.730818    -1.02702
0.732631    -1.02537
0.734439    -1.02371
0.736245    -1.02205
0.738046    -1.02038
0.739844    -1.01871
0.741638    -1.01704
0.743429    -1.01535
0.745216    -1.01367
0.746999    -1.01198
0.748778    -1.01028
0.750554    -1.00858
0.752326    -1.00688
0.754095    -1.00517
0.755859    -1.00346
0.75762    -1.00174
0.759377    -1.00001
0.761131    -0.998287
0.76288    -0.996555
0.764626    -0.994819
0.766369    -0.993078
0.768107    -0.991333
0.769841    -0.989583
0.771572    -0.987828
0.773299    -0.986069
0.775022    -0.984306
0.776742    -0.982538
0.778457    -0.980766
0.780169    -0.978989
0.781877    -0.977208
0.783581    -0.975423
0.785281    -0.973633
0.786977    -0.971839
0.78867    -0.97004
0.790358    -0.968237
0.792043    -0.96643
0.793724    -0.964618
0.795401    -0.962802
0.797074    -0.960982
0.798743    -0.959157
0.800408    -0.957328
0.802069    -0.955495
0.803726    -0.953658
0.80538    -0.951816
0.807029    -0.94997
0.808675    -0.94812
0.810316    -0.946265
0.811954    -0.944407
0.813588    -0.942544
0.815217    -0.940677
0.816843    -0.938806
0.818465    -0.936931
0.820082    -0.935051
0.821696    -0.933168
0.823306    -0.93128
0.824911    -0.929389
0.826513    -0.927493
0.828111    -0.925593
0.829704    -0.923689
0.831294    -0.921781
0.832879    -0.919869
0.834461    -0.917952
0.836038    -0.916032
0.837612    -0.914108
0.839181    -0.91218
0.840746    -0.910248
0.842308    -0.908312
0.843865    -0.906371
0.845418    -0.904427
0.846967    -0.902479
0.848512    -0.900527
0.850052    -0.898572
0.851589    -0.896612
0.853122    -0.894648
0.85465    -0.892681
0.856174    -0.890709
0.857695    -0.888734
0.859211    -0.886755
0.860723    -0.884772
0.862231    -0.882786
0.863734    -0.880795
0.865234    -0.878801
0.866729    -0.876803
0.868221    -0.874801
0.869708    -0.872795
0.871191    -0.870786
0.872669    -0.868773
0.874144    -0.866756
0.875615    -0.864736
0.877081    -0.862711
0.878543    -0.860683
0.880001    -0.858652
0.881455    -0.856617
0.882904    -0.854578
0.884349    -0.852535
0.885791    -0.850489
0.887228    -0.84844
0.88866    -0.846386
0.890089    -0.844329
0.891513    -0.842269
0.892933    -0.840205
0.894349    -0.838137
0.895761    -0.836066
0.897168    -0.833992
0.898571    -0.831913
0.89997    -0.829832
0.901365    -0.827747
0.902755    -0.825658
0.904142    -0.823566
0.905524    -0.82147
0.906901    -0.819372
0.908275    -0.817269
0.909644    -0.815163
0.911009    -0.813054
0.91237    -0.810942
0.913726    -0.808826
0.915078    -0.806706
0.916426    -0.804584
0.91777    -0.802458
0.919109    -0.800328
0.920444    -0.798196
0.921775    -0.79606
0.923102    -0.79392
0.924424    -0.791778
0.925742    -0.789632
0.927056    -0.787483
0.928365    -0.785331
0.92967    -0.783175
0.930971    -0.781016
0.932267    -0.778854
0.93356    -0.776689
0.934848    -0.774521
0.936131    -0.772349
0.93741    -0.770175
0.938685    -0.767997
0.939956    -0.765816
0.941223    -0.763632
0.942485    -0.761445
0.943742    -0.759254
0.944996    -0.757061
0.946245    -0.754865
0.94749    -0.752665
0.94873    -0.750463
0.949966    -0.748257
0.951198    -0.746048
0.952426    -0.743837
0.953649    -0.741622
0.954868    -0.739405
0.956083    -0.737184
0.957293    -0.73496
0.958499    -0.732734
0.9597    -0.730505
0.960898    -0.728272
0.96209    -0.726037
0.963279    -0.723799
0.964463    -0.721558
0.965643    -0.719314
0.966819    -0.717067
0.96799    -0.714817
0.969157    -0.712565
0.97032    -0.710309
0.971478    -0.708051
0.972632    -0.70579
0.973781    -0.703526
0.974927    -0.70126
0.976068    -0.69899
0.977204    -0.696718
0.978336    -0.694443
0.979464    -0.692166
0.980588    -0.689885
0.981707    -0.687602
0.982822    -0.685316
0.983933    -0.683028
0.985039    -0.680737
0.986141    -0.678443
0.987238    -0.676147
0.988332    -0.673848
0.98942    -0.671546
0.990505    -0.669242
0.991585    -0.666935
0.992661    -0.664625
0.993733    -0.662313
0.9948    -0.659998
0.995863    -0.657681
0.996921    -0.655361
0.997975    -0.653039
0.999025    -0.650714
1.00007    -0.648387
1.00111    -0.646057
1.00215    -0.643724
1.00318    -0.641389
1.00421    -0.639052
1.00523    -0.636712
1.00625    -0.63437
1.00727    -0.632026
1.00828    -0.629678
1.00929    -0.627329
1.01029    -0.624977
1.01129    -0.622623
1.01228    -0.620266
1.01327    -0.617907
1.01425    -0.615546
1.01523    -0.613182
1.01621    -0.610816
1.01718    -0.608448
1.01815    -0.606077
1.01911    -0.603704
1.02007    -0.601329
1.02103    -0.598951
1.02198    -0.596572
1.02292    -0.59419
1.02387    -0.591805
1.0248    -0.589419
1.02574    -0.58703
1.02667    -0.584639
1.02759    -0.582246
1.02851    -0.579851
1.02943    -0.577454
1.03034    -0.575054
1.03125    -0.572652
1.03215    -0.570248
1.03305    -0.567842
1.03394    -0.565434
1.03483    -0.563024
1.03572    -0.560612
1.0366    -0.558198
1.03748    -0.555781
1.03835    -0.553363
1.03922    -0.550942
1.04009    -0.548519
1.04095    -0.546095
1.0418    -0.543668
1.04266    -0.54124
1.0435    -0.538809
1.04435    -0.536376
1.04519    -0.533942
1.04602    -0.531505
1.04685    -0.529067
1.04768    -0.526627
1.0485    -0.524184
1.04932    -0.52174
1.05013    -0.519294
1.05094    -0.516846
1.05175    -0.514396
1.05255    -0.511944
1.05335    -0.509491
1.05414    -0.507035
1.05493    -0.504578
1.05571    -0.502119
1.05649    -0.499658
1.05727    -0.497195
1.05804    -0.494731
1.05881    -0.492264
1.05957    -0.489796
1.06033    -0.487327
1.06108    -0.484855
1.06183    -0.482382
1.06258    -0.479907
1.06332    -0.47743
1.06406    -0.474951
1.06479    -0.472471
1.06552    -0.469989
1.06625    -0.467506
1.06697    -0.465021
1.06769    -0.462534
1.0684    -0.460045
1.06911    -0.457555
1.06982    -0.455064
1.07052    -0.45257
1.07121    -0.450075
1.07191    -0.447579
1.07259    -0.445081
1.07328    -0.442581
1.07396    -0.44008
1.07463    -0.437577
1.07531    -0.435073
1.07597    -0.432567
1.07664    -0.43006
1.0773    -0.427551
1.07795    -0.42504
1.0786    -0.422529
1.07925    -0.420015
1.07989    -0.417501
1.08053    -0.414984
1.08117    -0.412467
1.0818    -0.409948
1.08242    -0.407427
1.08305    -0.404905
1.08367    -0.402382
1.08428    -0.399857
1.08489    -0.397331
1.0855    -0.394804
1.0861    -0.392275
1.0867    -0.389745
1.08729    -0.387213
1.08788    -0.38468
1.08847    -0.382146
1.08905    -0.379611
1.08963    -0.377074
1.0902    -0.374536
1.09078    -0.371997
1.09134    -0.369456
1.0919    -0.366914
1.09246    -0.364371
1.09302    -0.361827
1.09357    -0.359281
1.09411    -0.356735
1.09466    -0.354187
1.09519    -0.351637
1.09573    -0.349087
1.09626    -0.346536
1.09679    -0.343983
1.09731    -0.341429
1.09783    -0.338874
1.09834    -0.336318
1.09885    -0.333761
1.09936    -0.331202
1.09986    -0.328643
1.10036    -0.326082
1.10086    -0.32352
1.10135    -0.320958
1.10184    -0.318394
1.10232    -0.315829
1.1028    -0.313263
1.10327    -0.310696
1.10375    -0.308128
1.10421    -0.305559
1.10468    -0.302989
1.10514    -0.300418
1.1056    -0.297846
1.10605    -0.295273
1.1065    -0.292699
1.10694    -0.290124
1.10738    -0.287548
1.10782    -0.284971
1.10825    -0.282393
1.10868    -0.279814
1.10911    -0.277235
1.10953    -0.274654
1.10995    -0.272073
1.11036    -0.269491
1.11077    -0.266907
1.11118    -0.264323
1.11158    -0.261738
1.11198    -0.259153
1.11238    -0.256566
1.11277    -0.253979
1.11316    -0.25139
1.11354    -0.248801
1.11392    -0.246211
1.1143    -0.243621
1.11467    -0.241029
1.11504    -0.238437
1.11541    -0.235844
1.11577    -0.23325
1.11613    -0.230656
1.11649    -0.228061
1.11684    -0.225465
1.11718    -0.222868
1.11753    -0.220271
1.11787    -0.217673
1.1182    -0.215074
1.11854    -0.212474
1.11887    -0.209874
1.11919    -0.207273
1.11951    -0.204672
1.11983    -0.20207
1.12015    -0.199467
1.12046    -0.196864
1.12076    -0.19426
1.12107    -0.191655
1.12137    -0.18905
1.12167    -0.186444
1.12196    -0.183838
1.12225    -0.181231
1.12253    -0.178624
1.12282    -0.176016
1.1231    -0.173407
1.12337    -0.170798
1.12364    -0.168188
1.12391    -0.165578
1.12418    -0.162967
1.12444    -0.160356
1.12469    -0.157744
1.12495    -0.155132
1.1252    -0.15252
1.12545    -0.149907
1.12569    -0.147293
1.12593    -0.144679
1.12617    -0.142064
1.1264    -0.13945
1.12663    -0.136834
1.12686    -0.134219
1.12708    -0.131602
1.1273    -0.128986
1.12752    -0.126369
1.12773    -0.123752
1.12794    -0.121134
1.12814    -0.118516
1.12835    -0.115897
1.12855    -0.113279
1.12874    -0.11066
1.12893    -0.10804
1.12912    -0.10542
1.12931    -0.1028
1.12949    -0.10018
1.12967    -0.0975594
1.12985    -0.0949385
1.13002    -0.0923173
1.13019    -0.0896958
1.13035    -0.087074
1.13052    -0.084452
1.13068    -0.0818298
1.13083    -0.0792073
1.13099    -0.0765846
1.13114    -0.0739616
1.13128    -0.0713385
1.13142    -0.0687151
1.13156    -0.0660915
1.1317    -0.0634678
1.13183    -0.0608439
1.13196    -0.0582198
1.13209    -0.0555955
1.13221    -0.0529711
1.13233    -0.0503466
1.13245    -0.0477219
1.13257    -0.045097
1.13268    -0.0424721
1.13278    -0.039847
1.13289    -0.0372218
1.13299    -0.0345966
1.13309    -0.0319712
1.13318    -0.0293457
1.13328    -0.0267202
1.13337    -0.0240946
1.13345    -0.021469
1.13353    -0.0188433
1.13361    -0.0162176
1.13369    -0.0135918
1.13376    -0.010966
1.13383    -0.00834015
1.1339    -0.00571432
1.13397    -0.00308848
1.13403    -0.000462647
1.13409    0.00216317
1.13414    0.00478897
1.13419    0.00741475
1.13424    0.0100405
1.13429    0.0126662
1.13433    0.0152918
1.13437    0.0179174
1.13441    0.0205429
1.13444    0.0231684
1.13448    0.0257937
1.1345    0.028419
1.13453    0.0310442
1.13455    0.0336693
1.13457    0.0362942
1.13459    0.0389191
1.1346    0.0415438
1.13461    0.0441683
1.13462    0.0467928
1.13463    0.0494171
1.13463    0.0520412
1.13463    0.0546651
1.13462    0.0572889
1.13462    0.0599125
1.13461    0.062536
1.1346    0.0651592
1.13458    0.0677822
1.13456    0.070405
1.13454    0.0730276
1.13452    0.07565
1.1345    0.0782721
1.13447    0.080894
1.13444    0.0835157
1.1344    0.0861371
1.13436    0.0887582
1.13432    0.0913791
1.13428    0.0939997
1.13424    0.09662
1.13419    0.09924
1.13414    0.10186
1.13409    0.104479
1.13403    0.107098
1.13397    0.109717
1.13391    0.112336
1.13385    0.114954
1.13378    0.117571
1.13371    0.120189
1.13364    0.122806
1.13356    0.125423
1.13349    0.128039
1.13341    0.130655
1.13333    0.133271
1.13324    0.135886
1.13315    0.138501
1.13306    0.141115
1.13297    0.143729
1.13288    0.146343
1.13278    0.148956
1.13268    0.151569
1.13258    0.154181
1.13247    0.156793
1.13236    0.159404
1.13225    0.162015
1.13214    0.164625
1.13202    0.167235
1.13191    0.169845
1.13179    0.172454
1.13166    0.175063
1.13154    0.177671
1.13141    0.180278
1.13128    0.182885
1.13115    0.185492
1.13102    0.188098
1.13088    0.190703
1.13074    0.193308
1.1306    0.195912
1.13045    0.198516
1.13031    0.201119
1.13016    0.203722
1.13001    0.206324
1.12986    0.208926
1.1297    0.211526
1.12954    0.214127
1.12938    0.216727
1.12922    0.219326
1.12905    0.221924
1.12889    0.224522
1.12872    0.227119
1.12855    0.229716
1.12837    0.232312
1.1282    0.234907
1.12802    0.237502
1.12784    0.240096
1.12766    0.24269
1.12747    0.245282
1.12728    0.247874
1.1271    0.250466
1.1269    0.253056
1.12671    0.255646
1.12652    0.258236
1.12632    0.260824
1.12612    0.263412
1.12592    0.265999
1.12571    0.268586
1.12551    0.271171
1.1253    0.273756
1.12509    0.27634
1.12488    0.278924
1.12466    0.281506
1.12445    0.284088
1.12423    0.28667
1.12401    0.28925
1.12379    0.29183
1.12356    0.294408
1.12333    0.296986
1.12311    0.299564
1.12288    0.30214
1.12264    0.304716
1.12241    0.30729
1.12217    0.309864
1.12194    0.312437
1.1217    0.31501
1.12145    0.317581
1.12121    0.320152
1.12096    0.322722
1.12072    0.32529
1.12047    0.327858
1.12022    0.330426
1.11996    0.332992
1.11971    0.335557
1.11945    0.338122
1.11919    0.340685
1.11893    0.343248
1.11867    0.34581
1.11841    0.348371
1.11814    0.350931
1.11788    0.35349
1.11761    0.356048
1.11734    0.358605
1.11706    0.361162
1.11679    0.363717
1.11651    0.366271
1.11623    0.368825
1.11596    0.371377
1.11567    0.373929
1.11539    0.376479
1.11511    0.379029
1.11482    0.381577
1.11453    0.384125
1.11424    0.386671
1.11395    0.389217
1.11366    0.391762
1.11337    0.394305
1.11307    0.396848
1.11277    0.399389
1.11247    0.40193
1.11217    0.404469
1.11187    0.407008
1.11157    0.409545
1.11126    0.412081
1.11096    0.414617
1.11065    0.417151
1.11034    0.419684
1.11003    0.422216
1.10972    0.424747
1.1094    0.427277
1.10909    0.429806
1.10877    0.432334
1.10845    0.43486
1.10813    0.437386
1.10781    0.43991
1.10749    0.442434
1.10717    0.444956
1.10684    0.447477
1.10651    0.449997
1.10619    0.452516
1.10586    0.455033
1.10553    0.45755
1.10519    0.460065
1.10486    0.46258
1.10453    0.465093
1.10419    0.467605
1.10385    0.470116
1.10352    0.472625
1.10318    0.475134
1.10284    0.477641
1.10249    0.480147
1.10215    0.482652
1.10181    0.485156
1.10146    0.487658
1.10111    0.490159
1.10076    0.492659
1.10042    0.495158
1.10006    0.497656
1.09971    0.500152
1.09936    0.502647
1.09901    0.505141
1.09865    0.507634
1.0983    0.510126
1.09794    0.512616
1.09758    0.515105
1.09722    0.517592
1.09686    0.520079
1.0965    0.522564
1.09614    0.525048
1.09577    0.527531
1.09541    0.530012
1.09504    0.532492
1.09468    0.534971
1.09431    0.537448
1.09394    0.539924
1.09357    0.542399
1.0932    0.544873
1.09283    0.547345
1.09246    0.549816
1.09208    0.552286
1.09171    0.554754
1.09133    0.557221
1.09096    0.559686
1.09058    0.562151
1.0902    0.564614
1.08983    0.567075
1.08945    0.569535
1.08907    0.571994
1.08869    0.574452
1.0883    0.576908
1.08792    0.579363
1.08754    0.581816
1.08715    0.584268
1.08677    0.586719
1.08638    0.589168
1.086    0.591616
1.08561    0.594062
1.08522    0.596508
1.08483    0.598951
1.08444    0.601393
1.08405    0.603834
1.08366    0.606274
1.08327    0.608712
1.08288    0.611148
1.08248    0.613583
1.08209    0.616017
1.0817    0.618449
1.0813    0.62088
1.08091    0.62331
1.08051    0.625738
1.08012    0.628164
1.07972    0.630589
1.07932    0.633013
1.07892    0.635435
1.07852    0.637855
1.07812    0.640275
1.07773    0.642692
1.07732    0.645109
1.07692    0.647523
1.07652    0.649937
1.07612    0.652348
1.07572    0.654759
1.07532    0.657167
1.07491    0.659574
1.07451    0.66198
1.07411    0.664384
1.0737    0.666787
1.0733    0.669188
1.07289    0.671588
1.07249    0.673986
1.07208    0.676383
1.07167    0.678778
1.07127    0.681171
1.07086    0.683563
1.07045    0.685954
1.07005    0.688343
1.06964    0.69073
1.06923    0.693116
1.06882    0.6955
1.06841    0.697883
1.06801    0.700264
1.0676    0.702643
1.06719    0.705021
1.06678    0.707398
1.06637    0.709772
1.06596    0.712146
1.06555    0.714517
1.06514    0.716887
1.06473    0.719256
1.06432    0.721622
1.06391    0.723988
1.06349    0.726351
1.06308    0.728713
1.06267    0.731074
1.06226    0.733432
1.06185    0.735789
1.06144    0.738145
1.06103    0.740499
1.06062    0.742851
1.0602    0.745202
1.05979    0.747551
1.05938    0.749898
1.05897    0.752244
1.05856    0.754588
1.05815    0.75693
1.05773    0.759271
1.05732    0.76161
1.05691    0.763947
1.0565    0.766283
1.05609    0.768617
1.05568    0.77095
1.05527    0.77328
