-0.668808    1.12407
-0.668062    1.12249
-0.667321    1.12089
-0.666582    1.1193
-0.665848    1.1177
-0.665116    1.1161
-0.664389    1.1145
-0.663665    1.11289
-0.662944    1.11128
-0.662227    1.10967
-0.661513    1.10805
-0.660803    1.10643
-0.660097    1.10481
-0.659394    1.10318
-0.658694    1.10155
-0.657998    1.09992
-0.657305    1.09828
-0.656616    1.09664
-0.65593    1.095
-0.655248    1.09336
-0.654569    1.09171
-0.653893    1.09006
-0.653221    1.0884
-0.652553    1.08674
-0.651887    1.08508
-0.651225    1.08342
-0.650567    1.08175
-0.649912    1.08008
-0.64926    1.07841
-0.648612    1.07674
-0.647967    1.07506
-0.647325    1.07338
-0.646687    1.07169
-0.646052    1.07
-0.64542    1.06831
-0.644792    1.06662
-0.644167    1.06492
-0.643545    1.06322
-0.642927    1.06152
-0.642312    1.05982
-0.6417    1.05811
-0.641092    1.0564
-0.640486    1.05468
-0.639884    1.05296
-0.639286    1.05124
-0.63869    1.04952
-0.638098    1.0478
-0.637509    1.04607
-0.636923    1.04433
-0.63634    1.0426
-0.635761    1.04086
-0.635185    1.03912
-0.634612    1.03738
-0.634042    1.03563
-0.633475    1.03388
-0.632912    1.03213
-0.632351    1.03038
-0.631794    1.02862
-0.63124    1.02686
-0.630689    1.0251
-0.630142    1.02333
-0.629597    1.02156
-0.629055    1.01979
-0.628517    1.01801
-0.627982    1.01624
-0.627449    1.01446
-0.62692    1.01267
-0.626394    1.01089
-0.625871    1.0091
-0.625351    1.00731
-0.624834    1.00552
-0.62432    1.00372
-0.623809    1.00192
-0.623302    1.00012
-0.622797    0.998312
-0.622295    0.996504
-0.621796    0.994694
-0.6213    0.992881
-0.620807    0.991065
-0.620317    0.989247
-0.619831    0.987425
-0.619347    0.985602
-0.618866    0.983775
-0.618388    0.981946
-0.617912    0.980114
-0.61744    0.978279
-0.616971    0.976442
-0.616504    0.974602
-0.616041    0.97276
-0.61558    0.970914
-0.615123    0.969066
-0.614668    0.967216
-0.614216    0.965363
-0.613767    0.963507
-0.61332    0.961649
-0.612877    0.959788
-0.612436    0.957924
-0.611999    0.956058
-0.611564    0.954189
-0.611132    0.952318
-0.610702    0.950444
-0.610276    0.948568
-0.609852    0.946689
-0.609431    0.944807
-0.609013    0.942923
-0.608597    0.941036
-0.608184    0.939147
-0.607774    0.937255
-0.607367    0.935361
-0.606962    0.933464
-0.606561    0.931565
-0.606161    0.929663
-0.605765    0.927758
-0.605371    0.925851
-0.60498    0.923942
-0.604592    0.92203
-0.604206    0.920116
-0.603823    0.918199
-0.603442    0.916279
-0.603065    0.914357
-0.602689    0.912433
-0.602317    0.910506
-0.601947    0.908577
-0.601579    0.906645
-0.601215    0.904711
-0.600852    0.902775
-0.600493    0.900836
-0.600136    0.898894
-0.599781    0.89695
-0.599429    0.895004
-0.59908    0.893056
-0.598733    0.891104
-0.598389    0.889151
-0.598047    0.887195
-0.597707    0.885237
-0.59737    0.883276
-0.597036    0.881313
-0.596704    0.879348
-0.596375    0.87738
-0.596048    0.87541
-0.595723    0.873437
-0.595401    0.871462
-0.595081    0.869485
-0.594764    0.867506
-0.594449    0.865524
-0.594137    0.86354
-0.593827    0.861553
-0.593519    0.859564
-0.593214    0.857573
-0.592911    0.85558
-0.59261    0.853584
-0.592312    0.851586
-0.592016    0.849586
-0.591723    0.847583
-0.591432    0.845578
-0.591143    0.843571
-0.590856    0.841561
-0.590572    0.83955
-0.59029    0.837536
-0.59001    0.835519
-0.589733    0.833501
-0.589458    0.83148
-0.589185    0.829457
-0.588914    0.827432
-0.588646    0.825405
-0.588379    0.823375
-0.588115    0.821343
-0.587853    0.819309
-0.587594    0.817273
-0.587336    0.815234
-0.587081    0.813193
-0.586828    0.81115
-0.586577    0.809105
-0.586328    0.807058
-0.586082    0.805009
-0.585837    0.802957
-0.585595    0.800903
-0.585354    0.798847
-0.585116    0.796789
-0.58488    0.794729
-0.584646    0.792667
-0.584414    0.790602
-0.584184    0.788536
-0.583957    0.786467
-0.583731    0.784396
-0.583507    0.782323
-0.583285    0.780248
-0.583066    0.778171
-0.582848    0.776091
-0.582632    0.77401
-0.582419    0.771926
-0.582207    0.769841
-0.581997    0.767753
-0.581789    0.765663
-0.581584    0.763571
-0.58138    0.761478
-0.581178    0.759382
-0.580978    0.757284
-0.58078    0.755184
-0.580584    0.753081
-0.580389    0.750977
-0.580197    0.748871
-0.580006    0.746763
-0.579818    0.744653
-0.579631    0.74254
-0.579446    0.740426
-0.579263    0.73831
-0.579082    0.736192
-0.578902    0.734071
-0.578724    0.731949
-0.578549    0.729825
-0.578375    0.727699
-0.578202    0.725571
-0.578032    0.72344
-0.577863    0.721308
-0.577696    0.719174
-0.577531    0.717038
-0.577367    0.7149
-0.577206    0.71276
-0.577045    0.710619
-0.576887    0.708475
-0.57673    0.706329
-0.576575    0.704181
-0.576422    0.702032
-0.57627    0.69988
-0.576121    0.697727
-0.575972    0.695572
-0.575825    0.693415
-0.57568    0.691256
-0.575537    0.689095
-0.575395    0.686932
-0.575255    0.684767
-0.575116    0.682601
-0.574979    0.680432
-0.574844    0.678262
-0.57471    0.67609
-0.574577    0.673916
-0.574447    0.67174
-0.574317    0.669562
-0.574189    0.667383
-0.574063    0.665201
-0.573938    0.663018
-0.573815    0.660833
-0.573693    0.658647
-0.573573    0.656458
-0.573454    0.654268
-0.573337    0.652076
-0.573221    0.649882
-0.573106    0.647686
-0.572993    0.645488
-0.572881    0.643289
-0.572771    0.641088
-0.572662    0.638885
-0.572555    0.636681
-0.572449    0.634474
-0.572344    0.632266
-0.57224    0.630057
-0.572138    0.627845
-0.572038    0.625632
-0.571938    0.623417
-0.57184    0.6212
-0.571743    0.618982
-0.571648    0.616762
-0.571554    0.61454
-0.571461    0.612316
-0.571369    0.610091
-0.571279    0.607864
-0.57119    0.605636
-0.571102    0.603405
-0.571015    0.601174
-0.570929    0.59894
-0.570845    0.596705
-0.570762    0.594468
-0.57068    0.592229
-0.5706    0.589989
-0.57052    0.587747
-0.570442    0.585504
-0.570364    0.583259
-0.570288    0.581012
-0.570213    0.578764
-0.57014    0.576514
-0.570067    0.574263
-0.569995    0.57201
-0.569925    0.569755
-0.569855    0.567499
-0.569787    0.565241
-0.56972    0.562982
-0.569653    0.560721
-0.569588    0.558458
-0.569524    0.556194
-0.569461    0.553928
-0.569398    0.551661
-0.569337    0.549393
-0.569277    0.547122
-0.569218    0.544851
-0.56916    0.542577
-0.569102    0.540302
-0.569046    0.538026
-0.56899    0.535748
-0.568936    0.533469
-0.568882    0.531188
-0.56883    0.528906
-0.568778    0.526622
-0.568727    0.524337
-0.568677    0.52205
-0.568628    0.519762
-0.56858    0.517472
-0.568532    0.515181
-0.568486    0.512889
-0.56844    0.510595
-0.568395    0.508299
-0.568351    0.506003
-0.568308    0.503704
-0.568265    0.501405
-0.568224    0.499103
-0.568183    0.496801
-0.568142    0.494497
-0.568103    0.492192
-0.568064    0.489885
-0.568026    0.487577
-0.567989    0.485268
-0.567952    0.482957
-0.567917    0.480645
-0.567881    0.478331
-0.567847    0.476016
-0.567813    0.4737
-0.56778    0.471382
-0.567747    0.469064
-0.567715    0.466743
-0.567684    0.464422
-0.567654    0.462099
-0.567624    0.459775
-0.567594    0.457449
-0.567565    0.455122
-0.567537    0.452794
-0.567509    0.450465
-0.567482    0.448134
-0.567456    0.445803
-0.567429    0.443469
-0.567404    0.441135
-0.567379    0.438799
-0.567354    0.436462
-0.56733    0.434124
-0.567307    0.431785
-0.567284    0.429444
-0.567261    0.427102
-0.567239    0.424759
-0.567217    0.422415
-0.567196    0.420069
-0.567175    0.417722
-0.567155    0.415375
-0.567135    0.413025
-0.567115    0.410675
-0.567096    0.408324
-0.567077    0.405971
-0.567059    0.403617
-0.567041    0.401262
-0.567023    0.398906
-0.567006    0.396549
-0.566989    0.394191
-0.566972    0.391831
-0.566955    0.38947
-0.566939    0.387109
-0.566923    0.384746
-0.566908    0.382382
-0.566892    0.380017
-0.566877    0.377651
-0.566862    0.375283
-0.566848    0.372915
-0.566833    0.370546
-0.566819    0.368175
-0.566805    0.365804
-0.566791    0.363431
-0.566778    0.361057
-0.566764    0.358683
-0.566751    0.356307
-0.566738    0.35393
-0.566725    0.351552
-0.566712    0.349174
-0.5667    0.346794
-0.566687    0.344413
-0.566675    0.342031
-0.566662    0.339648
-0.56665    0.337265
-0.566638    0.33488
-0.566626    0.332494
-0.566613    0.330107
-0.566601    0.32772
-0.566589    0.325331
-0.566577    0.322942
-0.566565    0.320551
-0.566553    0.31816
-0.566541    0.315767
-0.56653    0.313374
-0.566517    0.31098
-0.566505    0.308585
-0.566493    0.306189
-0.566481    0.303792
-0.566469    0.301394
-0.566457    0.298995
-0.566444    0.296596
-0.566432    0.294195
-0.566419    0.291794
-0.566406    0.289392
-0.566394    0.286989
-0.566381    0.284585
-0.566368    0.282181
-0.566354    0.279775
-0.566341    0.277369
-0.566327    0.274962
-0.566313    0.272554
-0.566299    0.270145
-0.566285    0.267736
-0.566271    0.265325
-0.566256    0.262914
-0.566241    0.260503
-0.566226    0.25809
-0.566211    0.255677
-0.566195    0.253262
-0.566179    0.250848
-0.566163    0.248432
-0.566147    0.246016
-0.56613    0.243599
-0.566113    0.241181
-0.566095    0.238762
-0.566078    0.236343
-0.566059    0.233923
-0.566041    0.231503
-0.566022    0.229081
-0.566003    0.226659
-0.565983    0.224237
-0.565963    0.221814
-0.565943    0.21939
-0.565922    0.216965
-0.565901    0.21454
-0.565879    0.212114
-0.565857    0.209687
-0.565835    0.20726
-0.565812    0.204833
-0.565788    0.202404
-0.565764    0.199975
-0.56574    0.197546
-0.565715    0.195116
-0.565689    0.192685
-0.565663    0.190254
-0.565637    0.187822
-0.565609    0.185389
-0.565582    0.182956
-0.565554    0.180523
-0.565525    0.178089
-0.565496    0.175654
-0.565466    0.173219
-0.565435    0.170784
-0.565404    0.168347
-0.565372    0.165911
-0.56534    0.163474
-0.565307    0.161036
-0.565273    0.158598
-0.565239    0.156159
-0.565204    0.15372
-0.565168    0.151281
-0.565132    0.148841
-0.565095    0.1464
-0.565057    0.14396
-0.565018    0.141518
-0.564979    0.139077
-0.564939    0.136634
-0.564898    0.134192
-0.564857    0.131749
-0.564815    0.129306
-0.564772    0.126862
-0.564728    0.124418
-0.564683    0.121973
-0.564638    0.119528
-0.564592    0.117083
-0.564545    0.114638
-0.564497    0.112192
-0.564448    0.109745
-0.564399    0.107299
-0.564348    0.104852
-0.564297    0.102405
-0.564245    0.099957
-0.564192    0.0975091
-0.564138    0.095061
-0.564083    0.0926125
-0.564027    0.0901638
-0.56397    0.0877148
-0.563913    0.0852655
-0.563854    0.082816
-0.563795    0.0803662
-0.563734    0.0779161
-0.563673    0.0754658
-0.56361    0.0730153
-0.563547    0.0705646
-0.563482    0.0681136
-0.563417    0.0656625
-0.56335    0.0632111
-0.563283    0.0607595
-0.563214    0.0583078
-0.563144    0.0558558
-0.563074    0.0534037
-0.563002    0.0509515
-0.562929    0.048499
-0.562855    0.0460464
-0.56278    0.0435937
-0.562704    0.0411408
-0.562627    0.0386878
-0.562548    0.0362347
-0.562469    0.0337815
-0.562388    0.0313281
-0.562306    0.0288747
-0.562223    0.0264211
-0.562139    0.0239675
-0.562054    0.0215138
-0.561967    0.01906
-0.56188    0.0166062
-0.561791    0.0141523
-0.561701    0.0116983
-0.561609    0.00924432
-0.561517    0.00679029
-0.561423    0.00433623
-0.561328    0.00188216
-0.561231    -0.00057193
-0.561134    -0.00302602
-0.561035    -0.00548012
-0.560934    -0.0079342
-0.560833    -0.0103883
-0.56073    -0.0128423
-0.560626    -0.0152963
-0.56052    -0.0177503
-0.560414    -0.0202042
-0.560305    -0.0226581
-0.560196    -0.0251119
-0.560085    -0.0275656
-0.559973    -0.0300193
-0.559859    -0.0324729
-0.559744    -0.0349264
-0.559627    -0.0373798
-0.55951    -0.0398331
-0.55939    -0.0422862
-0.55927    -0.0447393
-0.559147    -0.0471922
-0.559024    -0.049645
-0.558899    -0.0520977
-0.558772    -0.0545502
-0.558644    -0.0570025
-0.558515    -0.0594547
-0.558384    -0.0619067
-0.558251    -0.0643585
-0.558117    -0.0668102
-0.557982    -0.0692616
-0.557845    -0.0717128
-0.557706    -0.0741639
-0.557566    -0.0766147
-0.557425    -0.0790653
-0.557282    -0.0815156
-0.557137    -0.0839658
-0.55699    -0.0864156
-0.556842    -0.0888652
-0.556693    -0.0913146
-0.556542    -0.0937637
-0.556389    -0.0962125
-0.556235    -0.098661
-0.556079    -0.101109
-0.555921    -0.103557
-0.555762    -0.106005
-0.555601    -0.108452
-0.555438    -0.110899
-0.555274    -0.113346
-0.555108    -0.115792
-0.55494    -0.118238
-0.554771    -0.120684
-0.5546    -0.123129
-0.554427    -0.125574
-0.554252    -0.128018
-0.554076    -0.130463
-0.553898    -0.132906
-0.553718    -0.13535
-0.553537    -0.137793
-0.553353    -0.140235
-0.553168    -0.142677
-0.552981    -0.145119
-0.552793    -0.14756
-0.552602    -0.150001
-0.55241    -0.152442
-0.552216    -0.154882
-0.55202    -0.157321
-0.551822    -0.15976
-0.551622    -0.162198
-0.551421    -0.164637
-0.551218    -0.167074
-0.551012    -0.169511
-0.550805    -0.171948
-0.550596    -0.174384
-0.550385    -0.176819
-0.550173    -0.179254
-0.549958    -0.181688
-0.549741    -0.184122
-0.549523    -0.186556
-0.549302    -0.188988
-0.54908    -0.191421
-0.548855    -0.193852
-0.548629    -0.196283
-0.548401    -0.198714
-0.54817    -0.201143
-0.547938    -0.203573
-0.547704    -0.206001
-0.547468    -0.208429
-0.547229    -0.210857
-0.546989    -0.213283
-0.546747    -0.215709
-0.546502    -0.218135
-0.546256    -0.22056
-0.546007    -0.222984
-0.545757    -0.225407
-0.545504    -0.22783
-0.545249    -0.230252
-0.544993    -0.232673
-0.544734    -0.235094
-0.544473    -0.237514
-0.54421    -0.239933
-0.543944    -0.242352
-0.543677    -0.244769
-0.543408    -0.247186
-0.543136    -0.249603
-0.542862    -0.252018
-0.542586    -0.254433
-0.542308    -0.256847
-0.542028    -0.25926
-0.541746    -0.261672
-0.541461    -0.264084
-0.541174    -0.266495
-0.540885    -0.268905
-0.540594    -0.271314
-0.540301    -0.273722
-0.540005    -0.27613
-0.539707    -0.278537
-0.539407    -0.280943
-0.539105    -0.283347
-0.5388    -0.285752
-0.538493    -0.288155
-0.538184    -0.290557
-0.537872    -0.292959
-0.537559    -0.295359
-0.537243    -0.297759
-0.536924    -0.300158
-0.536604    -0.302556
-0.536281    -0.304953
-0.535955    -0.307349
-0.535628    -0.309744
-0.535298    -0.312138
-0.534965    -0.314531
-0.534631    -0.316923
-0.534294    -0.319315
-0.533954    -0.321705
-0.533612    -0.324094
-0.533268    -0.326482
-0.532921    -0.32887
-0.532572    -0.331256
-0.532221    -0.333641
-0.531867    -0.336026
-0.531511    -0.338409
-0.531152    -0.340791
-0.530791    -0.343172
-0.530428    -0.345552
-0.530062    -0.347931
-0.529693    -0.350309
-0.529322    -0.352686
-0.528949    -0.355062
-0.528573    -0.357437
-0.528195    -0.35981
-0.527814    -0.362183
-0.52743    -0.364554
-0.527044    -0.366925
-0.526656    -0.369294
-0.526265    -0.371662
-0.525872    -0.374029
-0.525476    -0.376394
-0.525077    -0.378759
-0.524676    -0.381122
-0.524272    -0.383485
-0.523866    -0.385846
-0.523457    -0.388206
-0.523046    -0.390564
-0.522632    -0.392922
-0.522215    -0.395278
-0.521796    -0.397633
-0.521374    -0.399987
-0.52095    -0.40234
-0.520523    -0.404691
-0.520093    -0.407041
-0.519661    -0.40939
-0.519226    -0.411737
-0.518789    -0.414084
-0.518348    -0.416429
-0.517905    -0.418773
-0.51746    -0.421115
-0.517012    -0.423456
-0.516561    -0.425796
-0.516107    -0.428135
-0.515651    -0.430472
-0.515192    -0.432808
-0.51473    -0.435142
-0.514265    -0.437475
-0.513798    -0.439807
-0.513328    -0.442138
-0.512856    -0.444467
-0.51238    -0.446794
-0.511902    -0.449121
-0.511421    -0.451446
-0.510937    -0.453769
-0.510451    -0.456091
-0.509962    -0.458412
-0.50947    -0.460731
-0.508975    -0.463049
-0.508477    -0.465366
-0.507977    -0.467681
-0.507474    -0.469994
-0.506968    -0.472306
-0.506459    -0.474617
-0.505947    -0.476926
-0.505433    -0.479234
-0.504915    -0.48154
-0.504395    -0.483844
-0.503872    -0.486148
-0.503346    -0.488449
-0.502817    -0.490749
-0.502286    -0.493048
-0.501751    -0.495345
-0.501214    -0.49764
-0.500673    -0.499934
-0.50013    -0.502227
-0.499584    -0.504517
-0.499035    -0.506807
-0.498483    -0.509094
-0.497928    -0.51138
-0.49737    -0.513665
-0.49681    -0.515947
-0.496246    -0.518229
-0.495679    -0.520508
-0.49511    -0.522786
-0.494537    -0.525063
-0.493962    -0.527337
-0.493383    -0.52961
-0.492802    -0.531882
-0.492217    -0.534151
-0.49163    -0.536419
-0.49104    -0.538686
-0.490446    -0.54095
-0.48985    -0.543213
-0.48925    -0.545474
-0.488648    -0.547734
-0.488042    -0.549992
-0.487434    -0.552248
-0.486822    -0.554502
-0.486208    -0.556755
-0.48559    -0.559005
-0.48497    -0.561254
-0.484346    -0.563502
-0.483719    -0.565747
-0.483089    -0.567991
-0.482456    -0.570233
-0.48182    -0.572473
-0.481181    -0.574711
-0.480539    -0.576948
-0.479894    -0.579182
-0.479245    -0.581415
-0.478594    -0.583646
-0.477939    -0.585875
-0.477281    -0.588103
-0.476621    -0.590328
-0.475957    -0.592552
-0.47529    -0.594773
-0.474619    -0.596993
-0.473946    -0.599211
-0.473269    -0.601427
-0.47259    -0.603641
-0.471907    -0.605853
-0.471221    -0.608063
-0.470532    -0.610272
-0.469839    -0.612478
-0.469144    -0.614682
-0.468445    -0.616885
-0.467743    -0.619085
-0.467038    -0.621284
-0.46633    -0.62348
-0.465618    -0.625675
-0.464903    -0.627867
-0.464185    -0.630058
-0.463464    -0.632246
-0.46274    -0.634433
-0.462012    -0.636617
-0.461281    -0.6388
-0.460547    -0.64098
-0.45981    -0.643158
-0.459069    -0.645335
-0.458325    -0.647509
-0.457578    -0.649681
-0.456828    -0.651851
-0.456074    -0.654019
-0.455317    -0.656185
-0.454557    -0.658348
-0.453793    -0.66051
-0.453026    -0.662669
-0.452256    -0.664827
-0.451483    -0.666982
-0.450706    -0.669135
-0.449926    -0.671286
-0.449143    -0.673434
-0.448356    -0.675581
-0.447566    -0.677725
-0.446773    -0.679867
-0.445976    -0.682007
-0.445176    -0.684145
-0.444373    -0.686281
-0.443566    -0.688414
-0.442756    -0.690545
-0.441943    -0.692674
-0.441126    -0.6948
-0.440306    -0.696925
-0.439483    -0.699047
-0.438656    -0.701167
-0.437826    -0.703284
-0.436992    -0.705399
-0.436155    -0.707512
-0.435315    -0.709623
-0.434471    -0.711731
-0.433624    -0.713837
-0.432774    -0.715941
-0.43192    -0.718042
-0.431063    -0.720141
-0.430202    -0.722238
-0.429338    -0.724332
-0.42847    -0.726424
-0.427599    -0.728514
-0.426725    -0.730601
-0.425847    -0.732685
-0.424966    -0.734768
-0.424081    -0.736848
-0.423193    -0.738925
-0.422301    -0.741
-0.421406    -0.743073
-0.420508    -0.745143
-0.419606    -0.747211
-0.4187    -0.749276
-0.417791    -0.751339
-0.416879    -0.753399
-0.415963    -0.755457
-0.415044    -0.757512
-0.414121    -0.759565
-0.413195    -0.761615
-0.412265    -0.763663
-0.411332    -0.765708
-0.410395    -0.767751
-0.409455    -0.769791
-0.408511    -0.771829
-0.407564    -0.773864
-0.406613    -0.775896
-0.405659    -0.777926
-0.404701    -0.779954
-0.40374    -0.781978
-0.402775    -0.784001
-0.401807    -0.78602
-0.400835    -0.788037
-0.39986    -0.790051
-0.398881    -0.792063
-0.397898    -0.794072
-0.396912    -0.796078
-0.395923    -0.798082
-0.39493    -0.800083
-0.393933    -0.802081
-0.392933    -0.804077
-0.391929    -0.806069
-0.390922    -0.80806
-0.389911    -0.810047
-0.388897    -0.812032
-0.387879    -0.814014
-0.386857    -0.815993
-0.385832    -0.81797
-0.384804    -0.819943
-0.383771    -0.821914
-0.382736    -0.823883
-0.381696    -0.825848
-0.380653    -0.827811
-0.379607    -0.829771
-0.378556    -0.831728
-0.377503    -0.833682
-0.376445    -0.835633
-0.375384    -0.837582
-0.37432    -0.839527
-0.373252    -0.84147
-0.37218    -0.84341
-0.371105    -0.845347
-0.370026    -0.847281
-0.368943    -0.849213
-0.367857    -0.851141
-0.366767    -0.853067
-0.365674    -0.854989
-0.364577    -0.856909
-0.363476    -0.858826
-0.362372    -0.860739
-0.361264    -0.86265
-0.360153    -0.864558
-0.359038    -0.866463
-0.357919    -0.868365
-0.356796    -0.870264
-0.35567    -0.87216
-0.354541    -0.874053
-0.353407    -0.875943
-0.352271    -0.87783
-0.35113    -0.879713
-0.349986    -0.881594
-0.348838    -0.883472
-0.347686    -0.885347
-0.346531    -0.887218
-0.345372    -0.889087
-0.34421    -0.890952
-0.343044    -0.892815
-0.341874    -0.894674
-0.340701    -0.89653
-0.339524    -0.898383
-0.338343    -0.900233
-0.337159    -0.90208
-0.33597    -0.903923
-0.334779    -0.905764
-0.333583    -0.907601
-0.332384    -0.909435
-0.331182    -0.911266
-0.329975    -0.913094
-0.328765    -0.914918
-0.327552    -0.91674
-0.326334    -0.918558
-0.325113    -0.920373
-0.323888    -0.922184
-0.32266    -0.923993
-0.321428    -0.925798
-0.320192    -0.9276
-0.318953    -0.929398
-0.31771    -0.931193
-0.316463    -0.932985
-0.315213    -0.934774
-0.313958    -0.936559
-0.312701    -0.938341
-0.311439    -0.94012
-0.310174    -0.941895
-0.308905    -0.943667
-0.307633    -0.945436
-0.306356    -0.947201
-0.305077    -0.948963
-0.303793    -0.950721
-0.302506    -0.952477
-0.301215    -0.954228
-0.29992    -0.955977
-0.298622    -0.957721
-0.29732    -0.959463
-0.296014    -0.961201
-0.294705    -0.962935
-0.293392    -0.964666
-0.292075    -0.966394
-0.290755    -0.968118
-0.289431    -0.969838
-0.288103    -0.971555
-0.286772    -0.973269
-0.285436    -0.974979
-0.284098    -0.976686
-0.282755    -0.978389
-0.281409    -0.980088
-0.280059    -0.981784
-0.278706    -0.983476
-0.277348    -0.985165
-0.275987    -0.98685
-0.274623    -0.988531
-0.273255    -0.990209
-0.271883    -0.991884
-0.270507    -0.993554
-0.269128    -0.995221
-0.267745    -0.996885
-0.266358    -0.998545
-0.264968    -1.0002
-0.263574    -1.00185
-0.262176    -1.0035
-0.260775    -1.00515
-0.25937    -1.00679
-0.257961    -1.00843
-0.256549    -1.01006
-0.255133    -1.01169
-0.253713    -1.01332
-0.25229    -1.01494
-0.250863    -1.01656
-0.249432    -1.01817
-0.247998    -1.01978
-0.246559    -1.02139
-0.245118    -1.023
-0.243672    -1.0246
-0.242223    -1.02619
-0.240771    -1.02778
-0.239314    -1.02937
-0.237854    -1.03096
-0.236391    -1.03254
-0.234924    -1.03411
-0.233453    -1.03569
-0.231978    -1.03726
-0.2305    -1.03882
-0.229018    -1.04038
-0.227532    -1.04194
-0.226043    -1.04349
-0.224551    -1.04504
-0.223054    -1.04659
-0.221554    -1.04813
-0.22005    -1.04967
-0.218543    -1.0512
-0.217032    -1.05273
-0.215518    -1.05426
-0.213999    -1.05578
-0.212478    -1.0573
-0.210952    -1.05881
-0.209423    -1.06032
-0.20789    -1.06183
-0.206354    -1.06333
-0.204814    -1.06483
-0.203271    -1.06632
-0.201724    -1.06781
-0.200173    -1.06929
-0.198619    -1.07078
-0.197061    -1.07225
-0.195499    -1.07373
-0.193934    -1.07519
-0.192366    -1.07666
-0.190793    -1.07812
-0.189217    -1.07958
-0.187638    -1.08103
-0.186055    -1.08248
-0.184469    -1.08392
-0.182878    -1.08536
-0.181285    -1.0868
-0.179687    -1.08823
-0.178087    -1.08965
-0.176482    -1.09108
-0.174874    -1.09249
-0.173263    -1.09391
-0.171648    -1.09532
-0.170029    -1.09672
-0.168407    -1.09813
-0.166782    -1.09952
-0.165152    -1.10092
-0.16352    -1.1023
-0.161884    -1.10369
-0.160244    -1.10507
-0.158601    -1.10644
-0.156954    -1.10781
-0.155303    -1.10918
-0.15365    -1.11054
-0.151992    -1.1119
-0.150332    -1.11326
-0.148667    -1.1146
-0.147    -1.11595
-0.145328    -1.11729
-0.143654    -1.11863
-0.141975    -1.11996
-0.140294    -1.12128
-0.138609    -1.12261
-0.13692    -1.12392
-0.135228    -1.12524
-0.133533    -1.12655
-0.131834    -1.12785
-0.130131    -1.12915
-0.128425    -1.13045
-0.126716    -1.13174
-0.125003    -1.13302
-0.123287    -1.13431
-0.121568    -1.13558
-0.119845    -1.13686
-0.118118    -1.13812
-0.116389    -1.13939
-0.114655    -1.14065
-0.112919    -1.1419
-0.111179    -1.14315
-0.109436    -1.1444
-0.107689    -1.14564
-0.105939    -1.14687
-0.104185    -1.1481
-0.102429    -1.14933
-0.100668    -1.15055
-0.0989048    -1.15177
-0.097138    -1.15298
-0.0953677    -1.15419
-0.0935942    -1.15539
-0.0918173    -1.15659
-0.0900371    -1.15778
-0.0882536    -1.15897
-0.0864668    -1.16016
-0.0846767    -1.16134
-0.0828833    -1.16251
-0.0810866    -1.16368
-0.0792866    -1.16484
-0.0774833    -1.166
-0.0756767    -1.16716
-0.0738669    -1.16831
-0.0720538    -1.16945
-0.0702375    -1.1706
-0.0684179    -1.17173
-0.0665951    -1.17286
-0.064769    -1.17399
-0.0629397    -1.17511
-0.0611072    -1.17623
-0.0592715    -1.17734
-0.0574326    -1.17844
-0.0555904    -1.17955
-0.0537451    -1.18064
-0.0518966    -1.18173
-0.0500449    -1.18282
-0.04819    -1.1839
-0.046332    -1.18498
-0.0444708    -1.18605
-0.0426064    -1.18712
-0.0407389    -1.18818
-0.0388683    -1.18924
-0.0369945    -1.19029
-0.0351176    -1.19133
-0.0332376    -1.19238
-0.0313545    -1.19341
-0.0294683    -1.19444
-0.027579    -1.19547
-0.0256866    -1.19649
-0.0237911    -1.19751
-0.0218926    -1.19852
-0.0199909    -1.19952
-0.0180863    -1.20053
-0.0161786    -1.20152
-0.0142678    -1.20251
-0.0123541    -1.2035
-0.0104373    -1.20448
-0.00851745    -1.20545
-0.00659463    -1.20642
-0.00466881    -1.20739
-0.00274    -1.20835
-0.000808209    -1.2093
0.00112655    -1.21025
0.00306428    -1.2112
0.00500497    -1.21213
0.0069486    -1.21307
0.00889517    -1.214
0.0108447    -1.21492
0.0127971    -1.21584
0.0147524    -1.21675
0.0167107    -1.21766
0.0186718    -1.21856
0.0206358    -1.21946
0.0226027    -1.22035
0.0245725    -1.22123
0.0265451    -1.22211
0.0285206    -1.22299
0.0304989    -1.22386
0.0324801    -1.22472
0.0344641    -1.22558
0.0364509    -1.22644
0.0384405    -1.22729
0.0404329    -1.22813
0.042428    -1.22897
0.044426    -1.2298
0.0464267    -1.23063
0.0484302    -1.23145
0.0504364    -1.23226
0.0524454    -1.23307
0.054457    -1.23388
0.0564714    -1.23468
0.0584886    -1.23547
0.0605084    -1.23626
0.0625309    -1.23705
0.064556    -1.23782
0.0665839    -1.2386
0.0686144    -1.23936
0.0706475    -1.24012
0.0726833    -1.24088
0.0747217    -1.24163
0.0767628    -1.24237
0.0788064    -1.24311
0.0808526    -1.24385
0.0829014    -1.24457
0.0849528    -1.2453
0.0870068    -1.24601
0.0890633    -1.24672
0.0911223    -1.24743
0.0931839    -1.24813
0.095248    -1.24882
0.0973146    -1.24951
0.0993838    -1.25019
0.101455    -1.25087
0.103529    -1.25154
0.105606    -1.25221
0.107685    -1.25287
0.109766    -1.25352
0.11185    -1.25417
0.113937    -1.25482
0.116025    -1.25545
0.118116    -1.25609
0.12021    -1.25671
0.122306    -1.25733
0.124404    -1.25795
0.126505    -1.25856
0.128608    -1.25916
0.130713    -1.25976
0.13282    -1.26035
0.13493    -1.26093
0.137042    -1.26151
0.139157    -1.26209
0.141274    -1.26266
0.143393    -1.26322
0.145514    -1.26378
0.147637    -1.26433
0.149763    -1.26487
0.151891    -1.26541
0.154021    -1.26595
0.156153    -1.26647
0.158288    -1.267
0.160424    -1.26751
0.162563    -1.26802
0.164704    -1.26853
0.166847    -1.26902
0.168992    -1.26952
0.17114    -1.27
0.173289    -1.27048
0.17544    -1.27096
0.177594    -1.27143
0.179749    -1.27189
0.181907    -1.27235
0.184066    -1.2728
0.186228    -1.27324
0.188392    -1.27368
0.190557    -1.27411
0.192725    -1.27454
0.194894    -1.27496
0.197066    -1.27538
0.199239    -1.27579
0.201414    -1.27619
0.203591    -1.27659
0.205771    -1.27698
0.207951    -1.27736
0.210134    -1.27774
0.212319    -1.27811
0.214506    -1.27848
0.216694    -1.27884
0.218884    -1.2792
0.221076    -1.27955
0.22327    -1.27989
0.225465    -1.28022
0.227662    -1.28056
0.229861    -1.28088
0.232062    -1.2812
0.234265    -1.28151
0.236469    -1.28182
0.238675    -1.28212
0.240882    -1.28241
0.243091    -1.2827
0.245302    -1.28298
0.247515    -1.28326
0.249729    -1.28353
0.251944    -1.28379
0.254162    -1.28405
