-1.03566    -0.800248
-1.03595    -0.797943
-1.03624    -0.795636
-1.03652    -0.793327
-1.03681    -0.791016
-1.0371    -0.788705
-1.03738    -0.786391
-1.03767    -0.784076
-1.03796    -0.78176
-1.03825    -0.779441
-1.03853    -0.777122
-1.03882    -0.774801
-1.03911    -0.772478
-1.03939    -0.770153
-1.03968    -0.767828
-1.03996    -0.7655
-1.04025    -0.763171
-1.04054    -0.760841
-1.04082    -0.758509
-1.04111    -0.756175
-1.04139    -0.753841
-1.04168    -0.751504
-1.04196    -0.749166
-1.04225    -0.746827
-1.04253    -0.744486
-1.04282    -0.742143
-1.0431    -0.739799
-1.04339    -0.737454
-1.04367    -0.735107
-1.04395    -0.732759
-1.04424    -0.730409
-1.04452    -0.728057
-1.0448    -0.725705
-1.04508    -0.72335
-1.04537    -0.720995
-1.04565    -0.718638
-1.04593    -0.716279
-1.04621    -0.713919
-1.04649    -0.711558
-1.04677    -0.709195
-1.04705    -0.70683
-1.04733    -0.704465
-1.04761    -0.702098
-1.04789    -0.699729
-1.04817    -0.697359
-1.04845    -0.694988
-1.04872    -0.692615
-1.049    -0.690241
-1.04928    -0.687865
-1.04955    -0.685488
-1.04983    -0.68311
-1.0501    -0.68073
-1.05038    -0.678349
-1.05065    -0.675967
-1.05092    -0.673583
-1.0512    -0.671198
-1.05147    -0.668811
-1.05174    -0.666423
-1.05201    -0.664034
-1.05228    -0.661644
-1.05255    -0.659252
-1.05282    -0.656858
-1.05309    -0.654464
-1.05336    -0.652068
-1.05363    -0.649671
-1.05389    -0.647272
-1.05416    -0.644872
-1.05443    -0.642471
-1.05469    -0.640069
-1.05495    -0.637665
-1.05522    -0.63526
-1.05548    -0.632854
-1.05574    -0.630446
-1.056    -0.628037
-1.05626    -0.625627
-1.05652    -0.623216
-1.05678    -0.620803
-1.05704    -0.618389
-1.0573    -0.615974
-1.05755    -0.613558
-1.05781    -0.61114
-1.05807    -0.608721
-1.05832    -0.606301
-1.05857    -0.60388
-1.05883    -0.601457
-1.05908    -0.599033
-1.05933    -0.596608
-1.05958    -0.594182
-1.05983    -0.591755
-1.06007    -0.589326
-1.06032    -0.586896
-1.06057    -0.584465
-1.06081    -0.582033
-1.06106    -0.579599
-1.0613    -0.577165
-1.06154    -0.574729
-1.06178    -0.572292
-1.06202    -0.569854
-1.06226    -0.567415
-1.0625    -0.564975
-1.06274    -0.562533
-1.06297    -0.56009
-1.06321    -0.557647
-1.06344    -0.555202
-1.06368    -0.552756
-1.06391    -0.550309
-1.06414    -0.54786
-1.06437    -0.545411
-1.0646    -0.54296
-1.06483    -0.540509
-1.06505    -0.538056
-1.06528    -0.535602
-1.0655    -0.533148
-1.06573    -0.530692
-1.06595    -0.528235
-1.06617    -0.525777
-1.06639    -0.523318
-1.06661    -0.520857
-1.06682    -0.518396
-1.06704    -0.515934
-1.06725    -0.513471
-1.06747    -0.511006
-1.06768    -0.508541
-1.06789    -0.506075
-1.0681    -0.503607
-1.06831    -0.501139
-1.06852    -0.498669
-1.06872    -0.496199
-1.06893    -0.493727
-1.06913    -0.491255
-1.06933    -0.488782
-1.06953    -0.486307
-1.06973    -0.483832
-1.06993    -0.481356
-1.07012    -0.478878
-1.07032    -0.4764
-1.07051    -0.473921
-1.07071    -0.471441
-1.0709    -0.46896
-1.07109    -0.466478
-1.07127    -0.463995
-1.07146    -0.461511
-1.07164    -0.459026
-1.07183    -0.45654
-1.07201    -0.454054
-1.07219    -0.451566
-1.07237    -0.449078
-1.07255    -0.446589
-1.07272    -0.444098
-1.0729    -0.441607
-1.07307    -0.439115
-1.07324    -0.436623
-1.07341    -0.434129
-1.07358    -0.431634
-1.07375    -0.429139
-1.07391    -0.426643
-1.07408    -0.424146
-1.07424    -0.421648
-1.0744    -0.419149
-1.07456    -0.41665
-1.07472    -0.41415
-1.07487    -0.411648
-1.07503    -0.409146
-1.07518    -0.406644
-1.07533    -0.40414
-1.07548    -0.401636
-1.07563    -0.399131
-1.07577    -0.396625
-1.07592    -0.394118
-1.07606    -0.391611
-1.0762    -0.389103
-1.07634    -0.386594
-1.07647    -0.384084
-1.07661    -0.381574
-1.07674    -0.379063
-1.07687    -0.376551
-1.077    -0.374039
-1.07713    -0.371526
-1.07726    -0.369012
-1.07738    -0.366497
-1.07751    -0.363982
-1.07763    -0.361466
-1.07775    -0.358949
-1.07786    -0.356432
-1.07798    -0.353914
-1.07809    -0.351395
-1.0782    -0.348876
-1.07831    -0.346356
-1.07842    -0.343835
-1.07853    -0.341314
-1.07863    -0.338792
-1.07873    -0.33627
-1.07883    -0.333746
-1.07893    -0.331223
-1.07903    -0.328698
-1.07912    -0.326174
-1.07921    -0.323648
-1.0793    -0.321122
-1.07939    -0.318595
-1.07948    -0.316068
-1.07956    -0.31354
-1.07964    -0.311012
-1.07972    -0.308483
-1.0798    -0.305954
-1.07988    -0.303424
-1.07995    -0.300893
-1.08002    -0.298362
-1.08009    -0.295831
-1.08016    -0.293298
-1.08023    -0.290766
-1.08029    -0.288233
-1.08035    -0.285699
-1.08041    -0.283165
-1.08047    -0.280631
-1.08053    -0.278096
-1.08058    -0.27556
-1.08063    -0.273024
-1.08068    -0.270488
-1.08073    -0.267951
-1.08077    -0.265414
-1.08081    -0.262876
-1.08085    -0.260338
-1.08089    -0.2578
-1.08093    -0.255261
-1.08096    -0.252722
-1.08099    -0.250182
-1.08102    -0.247642
-1.08105    -0.245101
-1.08107    -0.242561
-1.08109    -0.240019
-1.08111    -0.237478
-1.08113    -0.234936
-1.08114    -0.232394
-1.08116    -0.229851
-1.08117    -0.227308
-1.08118    -0.224765
-1.08118    -0.222221
-1.08119    -0.219677
-1.08119    -0.217133
-1.08119    -0.214589
-1.08118    -0.212044
-1.08118    -0.209499
-1.08117    -0.206953
-1.08116    -0.204408
-1.08115    -0.201862
-1.08113    -0.199316
-1.08111    -0.196769
-1.08109    -0.194223
-1.08107    -0.191676
-1.08104    -0.189129
-1.08102    -0.186582
-1.08099    -0.184034
-1.08095    -0.181486
-1.08092    -0.178938
-1.08088    -0.17639
-1.08084    -0.173842
-1.0808    -0.171294
-1.08075    -0.168745
-1.08071    -0.166196
-1.08066    -0.163647
-1.0806    -0.161098
-1.08055    -0.158549
-1.08049    -0.156
-1.08043    -0.15345
-1.08037    -0.150901
-1.0803    -0.148351
-1.08024    -0.145801
-1.08017    -0.143251
-1.08009    -0.140701
-1.08002    -0.138151
-1.07994    -0.135601
-1.07986    -0.133051
-1.07977    -0.130501
-1.07969    -0.127951
-1.0796    -0.1254
-1.07951    -0.12285
-1.07941    -0.1203
-1.07932    -0.117749
-1.07922    -0.115199
-1.07912    -0.112648
-1.07901    -0.110098
-1.0789    -0.107548
-1.07879    -0.104997
-1.07868    -0.102447
-1.07856    -0.0998967
-1.07845    -0.0973465
-1.07832    -0.0947963
-1.0782    -0.0922462
-1.07807    -0.0896961
-1.07794    -0.0871462
-1.07781    -0.0845963
-1.07768    -0.0820465
-1.07754    -0.0794968
-1.0774    -0.0769472
-1.07726    -0.0743977
-1.07711    -0.0718483
-1.07696    -0.0692991
-1.07681    -0.06675
-1.07665    -0.0642011
-1.0765    -0.0616523
-1.07634    -0.0591037
-1.07617    -0.0565552
-1.07601    -0.0540069
-1.07584    -0.0514589
-1.07567    -0.048911
-1.07549    -0.0463633
-1.07531    -0.0438158
-1.07513    -0.0412685
-1.07495    -0.0387215
-1.07476    -0.0361747
-1.07457    -0.0336282
-1.07438    -0.0310819
-1.07419    -0.0285358
-1.07399    -0.02599
-1.07379    -0.0234445
-1.07358    -0.0208993
-1.07338    -0.0183544
-1.07317    -0.0158098
-1.07295    -0.0132655
-1.07274    -0.0107215
-1.07252    -0.00817778
-1.0723    -0.00563444
-1.07207    -0.00309144
-1.07184    -0.000548786
-1.07161    0.00199351
-1.07138    0.00453544
-1.07114    0.00707699
-1.0709    0.00961816
-1.07066    0.0121589
-1.07041    0.0146993
-1.07016    0.0172393
-1.06991    0.0197789
-1.06966    0.022318
-1.0694    0.0248567
-1.06914    0.027395
-1.06887    0.0299328
-1.06861    0.0324701
-1.06833    0.035007
-1.06806    0.0375434
-1.06778    0.0400793
-1.0675    0.0426148
-1.06722    0.0451497
-1.06693    0.0476841
-1.06664    0.050218
-1.06635    0.0527514
-1.06606    0.0552843
-1.06576    0.0578166
-1.06545    0.0603483
-1.06515    0.0628795
-1.06484    0.0654102
-1.06453    0.0679402
-1.06421    0.0704697
-1.0639    0.0729985
-1.06357    0.0755268
-1.06325    0.0780545
-1.06292    0.0805815
-1.06259    0.0831079
-1.06226    0.0856337
-1.06192    0.0881588
-1.06158    0.0906832
-1.06123    0.093207
-1.06089    0.0957302
-1.06054    0.0982526
-1.06018    0.100774
-1.05982    0.103295
-1.05946    0.105816
-1.0591    0.108335
-1.05873    0.110854
-1.05836    0.113372
-1.05799    0.11589
-1.05761    0.118407
-1.05723    0.120922
-1.05685    0.123438
-1.05646    0.125952
-1.05607    0.128466
-1.05568    0.130978
-1.05528    0.13349
-1.05488    0.136001
-1.05448    0.138512
-1.05407    0.141021
-1.05366    0.14353
-1.05324    0.146038
-1.05283    0.148545
-1.05241    0.151051
-1.05198    0.153556
-1.05156    0.15606
-1.05112    0.158564
-1.05069    0.161066
-1.05025    0.163568
-1.04981    0.166069
-1.04937    0.168568
-1.04892    0.171067
-1.04847    0.173565
-1.04801    0.176062
-1.04755    0.178558
-1.04709    0.181053
-1.04663    0.183547
-1.04616    0.18604
-1.04569    0.188532
-1.04521    0.191023
-1.04473    0.193512
-1.04425    0.196001
-1.04376    0.198489
-1.04327    0.200976
-1.04278    0.203462
-1.04228    0.205946
-1.04178    0.20843
-1.04128    0.210912
-1.04077    0.213394
-1.04026    0.215874
-1.03975    0.218353
-1.03923    0.220831
-1.03871    0.223308
-1.03818    0.225784
-1.03766    0.228259
-1.03712    0.230732
-1.03659    0.233204
-1.03605    0.235675
-1.03551    0.238145
-1.03496    0.240614
-1.03441    0.243082
-1.03386    0.245548
-1.0333    0.248013
-1.03274    0.250477
-1.03218    0.252939
-1.03161    0.2554
-1.03104    0.25786
-1.03046    0.260319
-1.02988    0.262777
-1.0293    0.265233
-1.02872    0.267688
-1.02813    0.270141
-1.02753    0.272593
-1.02694    0.275044
-1.02634    0.277494
-1.02573    0.279942
-1.02512    0.282389
-1.02451    0.284834
-1.0239    0.287278
-1.02328    0.289721
-1.02266    0.292162
-1.02203    0.294602
-1.0214    0.297041
-1.02077    0.299478
-1.02013    0.301913
-1.01949    0.304347
-1.01885    0.30678
-1.0182    0.309211
-1.01755    0.311641
-1.01689    0.314069
-1.01623    0.316496
-1.01557    0.318921
-1.0149    0.321344
-1.01423    0.323767
-1.01356    0.326187
-1.01288    0.328606
-1.0122    0.331024
-1.01151    0.33344
-1.01082    0.335854
-1.01013    0.338267
-1.00943    0.340678
-1.00873    0.343087
-1.00803    0.345495
-1.00732    0.347902
-1.00661    0.350306
-1.0059    0.352709
-1.00518    0.355111
-1.00445    0.35751
-1.00373    0.359908
-1.003    0.362305
-1.00226    0.364699
-1.00153    0.367092
-1.00078    0.369483
-1.00004    0.371873
-0.99929    0.374261
-0.998538    0.376647
-0.997781    0.379031
-0.99702    0.381413
-0.996256    0.383794
-0.995488    0.386173
-0.994716    0.38855
-0.99394    0.390925
-0.993161    0.393299
-0.992378    0.39567
-0.991591    0.39804
-0.9908    0.400408
-0.990005    0.402774
-0.989206    0.405138
-0.988404    0.407501
-0.987598    0.409861
-0.986788    0.41222
-0.985974    0.414576
-0.985156    0.416931
-0.984335    0.419284
-0.983509    0.421634
-0.98268    0.423983
-0.981847    0.42633
-0.98101    0.428675
-0.980169    0.431018
-0.979325    0.433359
-0.978476    0.435698
-0.977624    0.438035
-0.976768    0.44037
-0.975908    0.442703
-0.975044    0.445034
-0.974176    0.447363
-0.973304    0.449689
-0.972429    0.452014
-0.97155    0.454337
-0.970667    0.456657
-0.969779    0.458975
-0.968889    0.461292
-0.967994    0.463606
-0.967095    0.465918
-0.966192    0.468228
-0.965286    0.470535
-0.964376    0.472841
-0.963462    0.475144
-0.962543    0.477445
-0.961621    0.479744
-0.960696    0.482041
-0.959766    0.484336
-0.958832    0.486628
-0.957895    0.488918
-0.956953    0.491206
-0.956008    0.493491
-0.955059    0.495774
-0.954106    0.498055
-0.953149    0.500334
-0.952188    0.50261
-0.951223    0.504885
-0.950254    0.507156
-0.949282    0.509426
-0.948305    0.511693
-0.947325    0.513957
-0.946341    0.51622
-0.945352    0.51848
-0.94436    0.520737
-0.943364    0.522992
-0.942364    0.525245
-0.941361    0.527495
-0.940353    0.529743
-0.939341    0.531989
-0.938326    0.534232
-0.937306    0.536472
-0.936283    0.53871
-0.935256    0.540946
-0.934224    0.543179
-0.933189    0.54541
-0.93215    0.547638
-0.931107    0.549863
-0.930061    0.552086
-0.92901    0.554307
-0.927955    0.556525
-0.926897    0.55874
-0.925834    0.560953
-0.924768    0.563163
-0.923697    0.56537
-0.922623    0.567575
-0.921545    0.569778
-0.920463    0.571977
-0.919377    0.574174
-0.918287    0.576369
-0.917193    0.57856
-0.916096    0.580749
-0.914994    0.582936
-0.913888    0.585119
-0.912779    0.5873
-0.911666    0.589479
-0.910548    0.591654
-0.909427    0.593827
-0.908302    0.595997
-0.907173    0.598164
-0.90604    0.600329
-0.904903    0.60249
-0.903762    0.604649
-0.902618    0.606805
-0.901469    0.608958
-0.900317    0.611109
-0.89916    0.613257
-0.898    0.615401
-0.896836    0.617543
-0.895668    0.619682
-0.894496    0.621818
-0.89332    0.623952
-0.89214    0.626082
-0.890957    0.628209
-0.889769    0.630334
-0.888577    0.632455
-0.887382    0.634574
-0.886183    0.63669
-0.88498    0.638802
-0.883773    0.640912
-0.882562    0.643019
-0.881347    0.645123
-0.880128    0.647223
-0.878905    0.649321
-0.877679    0.651416
-0.876449    0.653507
-0.875214    0.655596
-0.873976    0.657681
-0.872734    0.659764
-0.871488    0.661843
-0.870238    0.663919
-0.868985    0.665992
-0.867727    0.668062
-0.866466    0.670129
-0.865201    0.672193
-0.863931    0.674254
-0.862658    0.676311
-0.861382    0.678365
-0.860101    0.680416
-0.858816    0.682464
-0.857528    0.684509
-0.856236    0.68655
-0.854939    0.688589
-0.853639    0.690624
-0.852336    0.692655
-0.851028    0.694684
-0.849716    0.696709
-0.848401    0.698731
-0.847082    0.70075
-0.845759    0.702765
-0.844432    0.704777
-0.843101    0.706786
-0.841767    0.708791
-0.840428    0.710793
-0.839086    0.712792
-0.83774    0.714787
-0.83639    0.716779
-0.835036    0.718767
-0.833679    0.720752
-0.832318    0.722734
-0.830953    0.724712
-0.829584    0.726687
-0.828211    0.728658
-0.826835    0.730626
-0.825454    0.732591
-0.82407    0.734552
-0.822683    0.736509
-0.821291    0.738463
-0.819896    0.740414
-0.818496    0.742361
-0.817093    0.744304
-0.815687    0.746244
-0.814276    0.74818
-0.812862    0.750113
-0.811444    0.752042
-0.810022    0.753968
-0.808597    0.75589
-0.807168    0.757809
-0.805735    0.759723
-0.804298    0.761634
-0.802857    0.763542
-0.801413    0.765446
-0.799965    0.767346
-0.798513    0.769243
-0.797058    0.771136
-0.795599    0.773025
-0.794136    0.77491
-0.79267    0.776792
-0.791199    0.77867
-0.789725    0.780544
-0.788248    0.782415
-0.786766    0.784282
-0.785281    0.786145
-0.783793    0.788004
-0.7823    0.789859
-0.780804    0.791711
-0.779305    0.793559
-0.777801    0.795403
-0.776294    0.797243
-0.774783    0.799079
-0.773269    0.800912
-0.771751    0.802741
-0.770229    0.804565
-0.768704    0.806386
-0.767175    0.808203
-0.765643    0.810016
-0.764107    0.811825
-0.762567    0.813631
-0.761023    0.815432
-0.759476    0.817229
-0.757926    0.819023
-0.756372    0.820812
-0.754814    0.822597
-0.753252    0.824379
-0.751687    0.826156
-0.750119    0.82793
-0.748547    0.829699
-0.746971    0.831464
-0.745392    0.833226
-0.743809    0.834983
-0.742223    0.836736
-0.740633    0.838485
-0.739039    0.84023
-0.737442    0.841971
-0.735842    0.843708
-0.734238    0.845441
-0.73263    0.847169
-0.731019    0.848894
-0.729405    0.850614
-0.727787    0.85233
-0.726165    0.854042
-0.72454    0.85575
-0.722912    0.857454
-0.72128    0.859153
-0.719644    0.860848
-0.718006    0.862539
-0.716363    0.864226
-0.714717    0.865909
-0.713068    0.867587
-0.711416    0.869261
-0.709759    0.870931
-0.7081    0.872596
-0.706437    0.874257
-0.704771    0.875914
-0.703101    0.877567
-0.701428    0.879215
-0.699751    0.880859
-0.698071    0.882498
-0.696388    0.884133
-0.694701    0.885764
-0.693011    0.887391
-0.691318    0.889013
-0.689621    0.89063
-0.687921    0.892244
-0.686218    0.893852
-0.684511    0.895457
-0.682801    0.897057
-0.681088    0.898652
-0.679371    0.900243
-0.677651    0.90183
-0.675928    0.903412
-0.674201    0.90499
-0.672471    0.906563
-0.670738    0.908132
-0.669002    0.909696
-0.667262    0.911256
-0.66552    0.912811
-0.663773    0.914361
-0.662024    0.915907
-0.660272    0.917449
-0.658516    0.918986
-0.656757    0.920518
-0.654995    0.922046
-0.653229    0.923569
-0.651461    0.925087
-0.649689    0.926601
-0.647914    0.92811
-0.646136    0.929615
-0.644355    0.931115
-0.642571    0.93261
-0.640783    0.934101
-0.638992    0.935587
-0.637199    0.937068
-0.635402    0.938544
-0.633602    0.940016
-0.631799    0.941483
-0.629993    0.942946
-0.628184    0.944403
-0.626371    0.945856
-0.624556    0.947304
-0.622738    0.948748
-0.620916    0.950186
-0.619092    0.95162
-0.617264    0.953049
-0.615434    0.954474
-0.6136    0.955893
-0.611764    0.957308
-0.609924    0.958717
-0.608082    0.960122
-0.606236    0.961522
-0.604388    0.962918
-0.602536    0.964308
-0.600682    0.965693
-0.598825    0.967074
-0.596964    0.96845
-0.595101    0.969821
-0.593235    0.971186
-0.591366    0.972547
-0.589494    0.973904
-0.58762    0.975255
-0.585742    0.976601
-0.583862    0.977942
-0.581978    0.979278
-0.580092    0.98061
-0.578203    0.981936
-0.576311    0.983257
-0.574417    0.984573
-0.572519    0.985885
-0.570619    0.987191
-0.568716    0.988492
-0.56681    0.989788
-0.564902    0.99108
-0.56299    0.992366
-0.561076    0.993647
-0.559159    0.994923
-0.55724    0.996194
-0.555318    0.997459
-0.553393    0.99872
-0.551465    0.999976
-0.549535    1.00123
-0.547602    1.00247
-0.545666    1.00371
-0.543728    1.00495
-0.541787    1.00618
-0.539843    1.0074
-0.537897    1.00862
-0.535948    1.00984
-0.533996    1.01105
-0.532042    1.01225
-0.530086    1.01345
-0.528126    1.01464
-0.526165    1.01583
-0.5242    1.01701
-0.522233    1.01819
-0.520264    1.01936
-0.518292    1.02053
-0.516318    1.02169
-0.514341    1.02285
-0.512361    1.024
-0.510379    1.02515
-0.508395    1.02629
-0.506408    1.02743
-0.504419    1.02856
-0.502427    1.02968
-0.500433    1.0308
-0.498436    1.03192
-0.496437    1.03303
-0.494436    1.03413
-0.492432    1.03523
-0.490426    1.03632
-0.488418    1.03741
-0.486407    1.03849
-0.484394    1.03957
-0.482379    1.04064
-0.480361    1.04171
-0.478341    1.04277
-0.476318    1.04383
-0.474294    1.04488
-0.472267    1.04592
-0.470238    1.04696
-0.468206    1.04799
-0.466173    1.04902
-0.464137    1.05005
-0.462099    1.05106
-0.460059    1.05208
-0.458016    1.05308
-0.455972    1.05408
-0.453925    1.05508
-0.451876    1.05607
-0.449825    1.05706
-0.447772    1.05803
-0.445717    1.05901
-0.44366    1.05998
-0.4416    1.06094
-0.439539    1.0619
-0.437475    1.06285
-0.43541    1.06379
-0.433342    1.06473
-0.431272    1.06567
-0.429201    1.0666
-0.427127    1.06752
-0.425051    1.06844
-0.422973    1.06935
-0.420894    1.07026
-0.418812    1.07116
-0.416729    1.07206
-0.414643    1.07295
-0.412556    1.07383
-0.410467    1.07471
-0.408375    1.07559
-0.406282    1.07645
-0.404188    1.07732
-0.402091    1.07817
-0.399992    1.07902
-0.397892    1.07987
-0.395789    1.08071
-0.393685    1.08154
-0.39158    1.08237
-0.389472    1.08319
-0.387363    1.08401
-0.385251    1.08482
-0.383139    1.08563
-0.381024    1.08643
-0.378908    1.08722
-0.37679    1.08801
-0.37467    1.08879
-0.372549    1.08957
-0.370426    1.09034
-0.368301    1.09111
-0.366175    1.09187
-0.364047    1.09262
-0.361917    1.09337
-0.359786    1.09411
-0.357653    1.09485
-0.355519    1.09558
-0.353383    1.0963
-0.351246    1.09702
-0.349107    1.09774
-0.346966    1.09845
-0.344824    1.09915
-0.342681    1.09984
-0.340536    1.10053
-0.338389    1.10122
-0.336242    1.1019
-0.334092    1.10257
-0.331942    1.10324
-0.329789    1.1039
-0.327636    1.10456
-0.325481    1.10521
-0.323325    1.10585
-0.321167    1.10649
-0.319008    1.10712
-0.316848    1.10775
-0.314686    1.10837
-0.312523    1.10898
-0.310359    1.10959
-0.308194    1.11019
-0.306027    1.11079
-0.303859    1.11138
-0.30169    1.11197
-0.299519    1.11255
-0.297347    1.11312
-0.295175    1.11369
-0.293    1.11425
-0.290825    1.11481
-0.288649    1.11535
-0.286471    1.1159
-0.284293    1.11644
-0.282113    1.11697
-0.279932    1.1175
-0.27775    1.11802
-0.275567    1.11853
-0.273383    1.11904
-0.271198    1.11954
-0.269012    1.12004
-0.266825    1.12053
-0.264637    1.12101
-0.262448    1.12149
-0.260257    1.12197
-0.258066    1.12243
-0.255874    1.12289
-0.253682    1.12335
-0.251488    1.1238
-0.249293    1.12424
-0.247097    1.12468
-0.244901    1.12511
-0.242703    1.12554
-0.240505    1.12595
-0.238306    1.12637
-0.236106    1.12678
-0.233906    1.12718
-0.231704    1.12757
-0.229502    1.12796
-0.227299    1.12834
-0.225095    1.12872
-0.222891    1.12909
-0.220685    1.12946
-0.218479    1.12982
-0.216273    1.13017
-0.214066    1.13052
-0.211858    1.13086
-0.209649    1.1312
-0.20744    1.13152
-0.20523    1.13185
-0.20302    1.13217
-0.200808    1.13248
-0.198597    1.13278
-0.196385    1.13308
-0.194172    1.13337
-0.191959    1.13366
-0.189745    1.13394
-0.187531    1.13422
-0.185316    1.13449
-0.183101    1.13475
-0.180885    1.13501
-0.178669    1.13526
-0.176452    1.1355
-0.174235    1.13574
-0.172018    1.13598
-0.1698    1.1362
-0.167582    1.13642
-0.165363    1.13664
-0.163144    1.13685
-0.160925    1.13705
-0.158705    1.13725
-0.156485    1.13744
-0.154265    1.13762
-0.152045    1.1378
-0.149824    1.13797
-0.147603    1.13814
-0.145382    1.1383
-0.14316    1.13845
-0.140939    1.1386
-0.138717    1.13874
-0.136495    1.13888
-0.134273    1.13901
-0.132051    1.13913
-0.129828    1.13925
-0.127606    1.13936
-0.125383    1.13947
-0.12316    1.13957
-0.120938    1.13966
-0.118715    1.13975
-0.116492    1.13983
-0.114269    1.13991
-0.112046    1.13998
-0.109823    1.14004
-0.1076    1.1401
-0.105377    1.14015
-0.103154    1.1402
-0.100931    1.14024
-0.0987085    1.14027
-0.0964858    1.1403
-0.0942632    1.14032
-0.0920407    1.14033
-0.0898184    1.14034
-0.0875962    1.14034
-0.0853741    1.14034
-0.0831522    1.14033
-0.0809305    1.14032
-0.078709    1.1403
-0.0764877    1.14027
-0.0742666    1.14023
-0.0720458    1.1402
-0.0698252    1.14015
-0.0676049    1.1401
-0.0653849    1.14004
-0.0631651    1.13998
-0.0609457    1.13991
-0.0587266    1.13983
-0.0565079    1.13975
-0.0542895    1.13966
-0.0520714    1.13957
-0.0498538    1.13947
-0.0476365    1.13936
-0.0454197    1.13925
-0.0432033    1.13913
-0.0409873    1.13901
-0.0387718    1.13888
-0.0365567    1.13874
-0.0343422    1.1386
-0.0321281    1.13845
-0.0299145    1.1383
-0.0277015    1.13814
-0.025489    1.13797
-0.023277    1.1378
-0.0210656    1.13762
-0.0188548    1.13744
-0.0166446    1.13725
-0.014435    1.13705
-0.012226    1.13685
-0.0100177    1.13664
-0.00780998    1.13643
-0.00560295    1.13621
-0.0033966    1.13598
-0.00119094    1.13575
0.00101401    1.13551
0.00321823    1.13526
0.00542173    1.13501
0.00762448    1.13476
0.00982646    1.1345
0.0120277    1.13423
0.0142281    1.13395
0.0164277    1.13367
0.0186265    1.13339
0.0208245    1.13309
0.0230216    1.1328
0.0252178    1.13249
0.0274132    1.13218
0.0296077    1.13187
0.0318013    1.13154
0.033994    1.13122
0.0361858    1.13088
0.0383766    1.13054
0.0405664    1.1302
0.0427553    1.12984
0.0449432    1.12949
0.0471301    1.12912
0.049316    1.12875
0.0515009    1.12838
0.0536848    1.128
0.0558676    1.12761
0.0580493    1.12722
0.0602299    1.12682
0.0624095    1.12641
0.0645879    1.126
0.0667653    1.12558
0.0689415    1.12516
0.0711165    1.12473
0.0732904    1.1243
0.0754632    1.12386
0.0776347    1.12341
0.0798051    1.12296
0.0819742    1.1225
0.0841421    1.12203
0.0863088    1.12156
0.0884742    1.12109
0.0906384    1.12061
0.0928012    1.12012
0.0949628    1.11963
0.0971231    1.11913
0.0992821    1.11862
0.10144    1.11811
0.103596    1.11759
0.105751    1.11707
0.107905    1.11654
0.110057    1.11601
0.112207    1.11547
0.114357    1.11492
0.116505    1.11437
0.118651    1.11381
0.120796    1.11325
0.12294    1.11268
0.125082    1.1121
0.127223    1.11152
0.129362    1.11094
0.1315    1.11034
0.133636    1.10975
0.13577    1.10914
0.137903    1.10853
0.140035    1.10792
0.142165    1.1073
0.144293    1.10667
0.14642    1.10604
0.148545    1.1054
0.150668    1.10475
0.15279    1.1041
0.15491    1.10345
0.157029    1.10279
0.159146    1.10212
0.161261    1.10145
0.163375    1.10077
0.165486    1.10008
0.167596    1.09939
0.169705    1.0987
0.171811    1.098
0.173916    1.09729
0.176019    1.09658
0.17812    1.09586
0.18022    1.09513
0.182317    1.09441
0.184413    1.09367
0.186507    1.09293
0.188599    1.09218
0.19069    1.09143
0.192778    1.09067
0.194864    1.08991
0.196949    1.08914
0.199032    1.08837
0.201113    1.08759
0.203192    1.0868
0.205268    1.08601
0.207343    1.08521
0.209416    1.08441
0.211488    1.0836
0.213557    1.08279
0.215624    1.08197
0.217689    1.08114
0.219752    1.08031
0.221813    1.07948
0.223872    1.07863
0.225929    1.07779
0.227984    1.07694
0.230036    1.07608
0.232087    1.07521
0.234136    1.07434
0.236182    1.07347
0.238226    1.07259
0.240269    1.0717
0.242309    1.07081
0.244347    1.06992
0.246382    1.06902
0.248416    1.06811
0.250447    1.0672
0.252476    1.06628
0.254503    1.06535
0.256528    1.06442
0.258551    1.06349
0.260571    1.06255
0.262589    1.0616
0.264605    1.06065
0.266618    1.0597
0.268629    1.05874
0.270638    1.05777
0.272645    1.0568
0.274649    1.05582
0.276651    1.05484
0.278651    1.05385
0.280648    1.05285
0.282643    1.05186
0.284635    1.05085
0.286625    1.04984
0.288613    1.04883
0.290598    1.04781
0.292581    1.04678
0.294562    1.04575
0.29654    1.04471
0.298515    1.04367
0.300489    1.04263
0.302459    1.04157
0.304428    1.04052
0.306393    1.03945
0.308357    1.03839
0.310317    1.03731
0.312276    1.03624
0.314231    1.03515
0.316184    1.03406
0.318135    1.03297
0.320083    1.03187
0.322029    1.03077
0.323972    1.02966
0.325912    1.02854
0.32785    1.02743
0.329785    1.0263
0.331718    1.02517
0.333647    1.02404
0.335575    1.0229
0.3375    1.02175
0.339422    1.0206
0.341341    1.01944
0.343258    1.01828
0.345172    1.01712
0.347083    1.01595
0.348992    1.01477
0.350898    1.01359
0.352801    1.01241
0.354701    1.01121
0.356599    1.01002
0.358494    1.00882
0.360387    1.00761
0.362276    1.0064
0.364163    1.00519
0.366047    1.00396
0.367928    1.00274
0.369807    1.00151
0.371682    1.00027
0.373555    0.999031
0.375425    0.997785
0.377293    0.996534
0.379157    0.995279
0.381018    0.994018
0.382877    0.992753
0.384733    0.991482
0.386586    0.990207
0.388436    0.988927
0.390283    0.987642
0.392127    0.986352
0.393969    0.985057
0.395807    0.983757
0.397643    0.982453
0.399476    0.981144
0.401305    0.979829
0.403132    0.97851
0.404956    0.977187
0.406777    0.975858
0.408595    0.974525
0.41041    0.973186
0.412221    0.971844
0.41403    0.970496
0.415836    0.969143
0.417639    0.967786
0.419439    0.966424
0.421236    0.965058
0.42303    0.963686
0.424821    0.96231
0.426609    0.960929
0.428394    0.959544
0.430175    0.958153
0.431954    0.956759
0.43373    0.955359
0.435502    0.953955
0.437272    0.952546
0.439038    0.951133
0.440801    0.949714
0.442561    0.948292
0.444318    0.946864
0.446072    0.945432
0.447823    0.943996
0.449571    0.942555
0.451315    0.941109
0.453057    0.939659
0.454795    0.938204
0.45653    0.936745
0.458262    0.935281
0.459991    0.933812
0.461716    0.932339
0.463438    0.930862
0.465158    0.92938
0.466874    0.927893
0.468586    0.926403
0.470296    0.924907
0.472002    0.923407
0.473705    0.921903
0.475405    0.920394
0.477102    0.918881
0.478795    0.917363
0.480485    0.915841
0.482172    0.914315
0.483856    0.912784
0.485536    0.911249
0.487213    0.909709
0.488887    0.908165
0.490557    0.906617
0.492224    0.905064
0.493888    0.903507
0.495549    0.901946
0.497206    0.90038
0.49886    0.898811
0.500511    0.897236
0.502158    0.895658
0.503802    0.894075
0.505443    0.892488
0.50708    0.890896
0.508714    0.889301
0.510345    0.887701
0.511972    0.886097
0.513596    0.884489
0.515216    0.882876
0.516834    0.881259
0.518447    0.879639
0.520058    0.878013
0.521665    0.876384
0.523268    0.874751
0.524868    0.873113
0.526465    0.871471
0.528059    0.869826
0.529649    0.868176
0.531235    0.866522
0.532818    0.864863
0.534398    0.863201
0.535974    0.861535
0.537547    0.859864
0.539116    0.85819
0.540682    0.856511
0.542245    0.854829
0.543804    0.853142
0.545359    0.851451
0.546911    0.849757
0.54846    0.848058
0.550005    0.846355
0.551547    0.844649
0.553085    0.842938
0.55462    0.841223
0.556151    0.839505
0.557679    0.837782
0.559203    0.836056
0.560723    0.834326
0.562241    0.832591
0.563754    0.830853
0.565265    0.829111
0.566771    0.827365
0.568274    0.825615
0.569774    0.823861
0.57127    0.822104
0.572762    0.820343
0.574251    0.818577
0.575737    0.816808
0.577219    0.815035
0.578697    0.813259
0.580172    0.811478
0.581643    0.809694
0.583111    0.807906
0.584575    0.806114
0.586036    0.804318
0.587492    0.802519
0.588946    0.800716
0.590396    0.798909
0.591842    0.797099
0.593285    0.795285
0.594724    0.793467
0.596159    0.791645
0.597591    0.78982
0.599019    0.787991
0.600444    0.786159
0.601865    0.784322
0.603283    0.782483
0.604697    0.780639
0.606107    0.778792
0.607514    0.776941
0.608917    0.775087
0.610316    0.773229
0.611712    0.771368
0.613104    0.769503
0.614493    0.767634
0.615878    0.765762
0.617259    0.763887
0.618637    0.762008
0.620011    0.760125
0.621381    0.758239
0.622748    0.756349
0.624111    0.754456
0.62547    0.752559
0.626826    0.750659
0.628178    0.748756
0.629527    0.746849
0.630872    0.744939
0.632213    0.743025
0.633551    0.741108
0.634884    0.739187
0.636215    0.737263
0.637541    0.735336
0.638864    0.733405
0.640183    0.731471
0.641499    0.729533
0.642811    0.727593
0.644119    0.725648
0.645424    0.723701
0.646725    0.72175
0.648022    0.719796
0.649315    0.717839
0.650605    0.715878
0.651891    0.713914
0.653174    0.711947
0.654453    0.709977
0.655728    0.708003
0.656999    0.706026
0.658267    0.704046
0.659531    0.702063
0.660791    0.700077
0.662048    0.698087
0.663301    0.696094
0.66455    0.694098
0.665796    0.692099
0.667038    0.690097
0.668276    0.688091
0.669511    0.686083
0.670741    0.684071
0.671969    0.682056
0.673192    0.680038
0.674412    0.678017
0.675628    0.675993
0.67684    0.673966
0.678049    0.671936
0.679253    0.669903
0.680455    0.667867
0.681652    0.665827
0.682846    0.663785
0.684036    0.66174
0.685222    0.659692
0.686405    0.65764
0.687584    0.655586
0.688759    0.653529
0.689931    0.651469
0.691098    0.649406
0.692263    0.64734
0.693423    0.645271
0.69458    0.643199
0.695733    0.641124
0.696882    0.639047
0.698027    0.636966
0.699169    0.634883
0.700307    0.632797
0.701442    0.630707
0.702573    0.628616
0.7037    0.626521
0.704823    0.624423
0.705943    0.622323
0.707058    0.62022
0.708171    0.618114
0.709279    0.616005
0.710384    0.613893
0.711485    0.611779
0.712582    0.609662
0.713676    0.607542
0.714766    0.60542
0.715852    0.603294
0.716935    0.601166
0.718014    0.599036
0.719089    0.596902
0.72016    0.594766
0.721228    0.592628
0.722292    0.590486
0.723352    0.588342
0.724409    0.586196
0.725462    0.584046
0.726511    0.581894
0.727556    0.57974
0.728598    0.577583
0.729636    0.575423
0.730671    0.573261
0.731701    0.571096
0.732729    0.568929
0.733752    0.566759
0.734772    0.564586
0.735788    0.562411
0.7368    0.560234
0.737808    0.558054
0.738813    0.555871
0.739815    0.553686
0.740812    0.551499
0.741806    0.549309
0.742796    0.547116
0.743783    0.544921
0.744765    0.542724
0.745745    0.540524
0.74672    0.538322
0.747692    0.536118
0.74866    0.533911
0.749624    0.531701
0.750585    0.52949
0.751542    0.527275
0.752496    0.525059
0.753446    0.52284
0.754392    0.520619
0.755334    0.518396
0.756273    0.51617
0.757208    0.513942
0.75814    0.511711
0.759068    0.509479
0.759992    0.507244
0.760912    0.505006
0.761829    0.502767
0.762743    0.500525
0.763652    0.498281
0.764558    0.496035
0.765461    0.493786
0.766359    0.491536
0.767254    0.489283
0.768146    0.487028
0.769034    0.484771
0.769918    0.482511
0.770799    0.48025
0.771676    0.477986
0.772549    0.47572
0.773419    0.473452
0.774285    0.471182
0.775147    0.46891
0.776006    0.466636
0.776861    0.464359
0.777713    0.462081
0.778561    0.4598
0.779406    0.457517
0.780247    0.455233
0.781084    0.452946
0.781918    0.450657
0.782748    0.448367
0.783574    0.446074
0.784397    0.443779
0.785217    0.441482
0.786032    0.439183
0.786845    0.436883
0.787653    0.43458
0.788458    0.432275
0.78926    0.429969
0.790058    0.42766
0.790852    0.42535
0.791643    0.423037
0.792431    0.420723
0.793214    0.418407
0.793995    0.416089
0.794771    0.413769
0.795544    0.411447
0.796314    0.409123
0.79708    0.406798
0.797843    0.40447
0.798602    0.402141
0.799357    0.39981
0.800109    0.397477
0.800858    0.395143
0.801603    0.392806
0.802344    0.390468
0.803082    0.388128
0.803816    0.385786
0.804547    0.383443
0.805275    0.381098
0.805999    0.378751
0.806719    0.376402
0.807436    0.374052
0.80815    0.3717
0.80886    0.369346
0.809566    0.36699
0.81027    0.364633
0.810969    0.362275
0.811665    0.359914
0.812358    0.357552
0.813047    0.355188
0.813733    0.352823
0.814416    0.350456
0.815095    0.348087
0.81577    0.345717
0.816442    0.343345
0.817111    0.340972
0.817776    0.338597
0.818438    0.33622
0.819097    0.333842
0.819752    0.331463
0.820403    0.329082
0.821051    0.326699
0.821696    0.324315
0.822338    0.321929
0.822976    0.319542
0.82361    0.317154
0.824242    0.314763
0.824869    0.312372
0.825494    0.309979
0.826115    0.307584
0.826733    0.305188
0.827347    0.302791
0.827959    0.300392
0.828566    0.297992
0.829171    0.295591
0.829772    0.293188
0.83037    0.290783
0.830964    0.288377
0.831555    0.28597
0.832143    0.283562
0.832727    0.281152
0.833308    0.278741
0.833886    0.276329
0.834461    0.273915
0.835032    0.2715
0.8356    0.269083
0.836165    0.266666
0.836726    0.264247
0.837284    0.261827
0.837839    0.259405
0.838391    0.256982
0.838939    0.254559
0.839484    0.252133
0.840026    0.249707
0.840565    0.247279
0.8411    0.24485
0.841632    0.24242
0.842161    0.239989
0.842687    0.237557
0.843209    0.235123
0.843728    0.232689
0.844244    0.230253
0.844757    0.227816
0.845267    0.225378
0.845773    0.222938
0.846277    0.220498
0.846777    0.218056
0.847274    0.215614
0.847767    0.21317
0.848258    0.210726
0.848745    0.20828
0.84923    0.205833
0.849711    0.203385
0.850189    0.200936
0.850664    0.198486
0.851136    0.196035
0.851604    0.193583
0.85207    0.19113
0.852532    0.188676
0.852991    0.186221
0.853448    0.183765
0.853901    0.181308
0.854351    0.17885
0.854798    0.176391
0.855241    0.173932
0.855682    0.171471
0.85612    0.169009
0.856555    0.166547
0.856986    0.164083
0.857415    0.161619
0.85784    0.159154
0.858263    0.156687
0.858682    0.15422
0.859099    0.151753
0.859512    0.149284
0.859923    0.146814
0.86033    0.144344
0.860734    0.141873
0.861136    0.139401
0.861534    0.136928
0.86193    0.134454
0.862322    0.13198
0.862712    0.129505
0.863098    0.127029
0.863482    0.124552
0.863863    0.122075
0.864241    0.119596
0.864615    0.117117
0.864987    0.114638
0.865356    0.112157
0.865722    0.109676
0.866085    0.107194
0.866446    0.104712
0.866803    0.102229
0.867158    0.0997447
0.867509    0.0972602
0.867858    0.094775
0.868204    0.0922892
0.868547    0.0898027
0.868887    0.0873156
0.869224    0.0848279
0.869559    0.0823395
0.86989    0.0798506
0.870219    0.077361
0.870545    0.0748709
0.870868    0.0723802
0.871189    0.0698889
0.871506    0.0673971
0.871821    0.0649047
0.872133    0.0624117
0.872442    0.0599183
0.872749    0.0574243
0.873053    0.0549297
0.873354    0.0524347
0.873652    0.0499392
0.873947    0.0474432
0.87424    0.0449467
0.87453    0.0424497
0.874817    0.0399522
0.875102    0.0374543
0.875384    0.0349559
0.875663    0.0324571
0.875939    0.0299579
0.876213    0.0274583
0.876484    0.0249582
0.876753    0.0224577
0.877019    0.0199568
0.877282    0.0174555
0.877542    0.0149539
0.8778    0.0124519
0.878055    0.00994946
0.878308    0.00744671
0.878558    0.00494361
0.878805    0.00244017
0.87905    -6.36014e-05
0.879292    -0.0025677
0.879532    -0.00507211
0.879769    -0.00757683
0.880003    -0.0100818
0.880235    -0.0125872
0.880464    -0.0150927
0.880691    -0.0175986
0.880915    -0.0201047
0.881137    -0.0226111
0.881356    -0.0251177
0.881573    -0.0276246
0.881787    -0.0301317
0.881999    -0.0326391
0.882208    -0.0351466
0.882415    -0.0376544
0.882619    -0.0401623
0.88282    -0.0426705
0.88302    -0.0451788
0.883217    -0.0476873
0.883411    -0.050196
0.883603    -0.0527048
0.883792    -0.0552138
0.883979    -0.0577229
0.884164    -0.0602321
0.884346    -0.0627415
0.884526    -0.065251
0.884704    -0.0677606
0.884879    -0.0702703
0.885051    -0.0727801
0.885222    -0.07529
0.88539    -0.0778
0.885555    -0.08031
0.885718    -0.0828201
0.885879    -0.0853302
0.886038    -0.0878404
0.886194    -0.0903507
0.886348    -0.0928609
0.8865    -0.0953712
0.886649    -0.0978815
0.886797    -0.100392
0.886941    -0.102902
0.887084    -0.105412
0.887224    -0.107923
0.887362    -0.110433
0.887498    -0.112943
0.887632    -0.115453
0.887763    -0.117963
0.887892    -0.120473
0.888019    -0.122983
0.888144    -0.125493
0.888266    -0.128003
0.888387    -0.130513
0.888505    -0.133023
0.888621    -0.135532
0.888735    -0.138042
0.888847    -0.140551
0.888956    -0.14306
0.889064    -0.145569
0.889169    -0.148078
0.889272    -0.150587
0.889373    -0.153095
0.889472    -0.155604
0.889569    -0.158112
0.889664    -0.16062
0.889757    -0.163128
0.889847    -0.165636
0.889936    -0.168143
0.890023    -0.17065
0.890107    -0.173158
0.89019    -0.175664
0.89027    -0.178171
0.890349    -0.180677
0.890425    -0.183183
0.8905    -0.185689
0.890572    -0.188195
0.890643    -0.1907
0.890712    -0.193205
0.890778    -0.19571
0.890843    -0.198214
0.890906    -0.200718
0.890967    -0.203222
0.891025    -0.205726
0.891082    -0.208229
0.891138    -0.210732
0.891191    -0.213234
0.891242    -0.215736
0.891292    -0.218238
0.891339    -0.22074
0.891385    -0.223241
0.891429    -0.225741
0.891471    -0.228242
0.891511    -0.230741
0.891549    -0.233241
0.891586    -0.23574
0.891621    -0.238239
0.891654    -0.240737
0.891685    -0.243235
0.891714    -0.245732
0.891742    -0.248229
0.891768    -0.250726
0.891792    -0.253222
0.891815    -0.255717
0.891835    -0.258212
0.891854    -0.260707
0.891872    -0.263201
0.891887    -0.265695
0.891901    -0.268188
0.891913    -0.270681
0.891924    -0.273173
0.891933    -0.275664
0.89194    -0.278156
0.891946    -0.280646
0.89195    -0.283136
0.891952    -0.285626
0.891953    -0.288114
0.891952    -0.290603
0.891949    -0.293091
0.891945    -0.295578
0.89194    -0.298064
0.891933    -0.30055
0.891924    -0.303036
0.891914    -0.305521
0.891902    -0.308005
0.891888    -0.310488
0.891873    -0.312971
0.891857    -0.315454
0.891839    -0.317935
0.89182    -0.320416
0.891799    -0.322897
0.891777    -0.325376
0.891753    -0.327855
0.891728    -0.330334
0.891701    -0.332811
0.891673    -0.335288
0.891643    -0.337765
0.891613    -0.34024
0.89158    -0.342715
0.891547    -0.345189
0.891511    -0.347663
0.891475    -0.350136
0.891437    -0.352607
0.891398    -0.355079
0.891357    -0.357549
0.891316    -0.360019
0.891272    -0.362488
0.891228    -0.364956
0.891182    -0.367424
0.891135    -0.36989
0.891087    -0.372356
0.891037    -0.374821
