0.891127    -0.34097
0.891094    -0.343444
0.89106    -0.345918
0.891024    -0.348391
0.890988    -0.350864
0.890949    -0.353335
0.89091    -0.355806
0.890869    -0.358277
0.890827    -0.360746
0.890783    -0.363215
0.890738    -0.365683
0.890692    -0.36815
0.890645    -0.370616
0.890596    -0.373082
0.890546    -0.375546
0.890495    -0.37801
0.890443    -0.380473
0.890389    -0.382936
0.890334    -0.385397
0.890278    -0.387858
0.89022    -0.390318
0.890162    -0.392777
0.890102    -0.395235
0.890041    -0.397692
0.889979    -0.400149
0.889916    -0.402604
0.889852    -0.405059
0.889786    -0.407513
0.889719    -0.409966
0.889652    -0.412418
0.889583    -0.414869
0.889513    -0.417319
0.889442    -0.419768
0.88937    -0.422217
0.889297    -0.424664
0.889222    -0.427111
0.889147    -0.429556
0.889071    -0.432001
0.888993    -0.434445
0.888915    -0.436887
0.888836    -0.439329
0.888755    -0.44177
0.888674    -0.44421
0.888592    -0.446649
0.888508    -0.449086
0.888424    -0.451523
0.888339    -0.453959
0.888253    -0.456394
0.888166    -0.458828
0.888078    -0.461261
0.887989    -0.463693
0.887899    -0.466123
0.887809    -0.468553
0.887717    -0.470982
0.887625    -0.47341
0.887532    -0.475836
0.887438    -0.478262
0.887343    -0.480686
0.887247    -0.48311
0.887151    -0.485532
0.887053    -0.487953
0.886955    -0.490373
0.886856    -0.492792
0.886757    -0.49521
0.886656    -0.497627
0.886555    -0.500043
0.886453    -0.502458
0.886351    -0.504871
0.886248    -0.507284
0.886144    -0.509695
0.886039    -0.512105
0.885934    -0.514514
0.885828    -0.516922
0.885721    -0.519328
0.885614    -0.521734
0.885506    -0.524138
0.885397    -0.526541
0.885288    -0.528943
0.885178    -0.531344
0.885067    -0.533744
0.884956    -0.536142
0.884845    -0.538539
0.884733    -0.540935
0.88462    -0.54333
0.884507    -0.545723
0.884393    -0.548116
0.884279    -0.550507
0.884164    -0.552897
0.884049    -0.555285
0.883933    -0.557672
0.883816    -0.560059
0.8837    -0.562443
0.883582    -0.564827
0.883465    -0.567209
0.883347    -0.56959
0.883228    -0.57197
0.883109    -0.574348
0.88299    -0.576726
0.88287    -0.579101
0.88275    -0.581476
0.882629    -0.583849
0.882509    -0.586221
0.882387    -0.588592
0.882266    -0.590961
0.882144    -0.593329
0.882022    -0.595696
0.881899    -0.598061
0.881776    -0.600425
0.881653    -0.602788
0.88153    -0.605149
0.881406    -0.607509
0.881283    -0.609867
0.881158    -0.612224
0.881034    -0.61458
0.880909    -0.616934
0.880785    -0.619287
0.88066    -0.621639
0.880534    -0.623989
0.880409    -0.626338
0.880284    -0.628685
0.880158    -0.631031
0.880032    -0.633376
0.879906    -0.635719
0.87978    -0.638061
0.879654    -0.640401
0.879528    -0.64274
0.879401    -0.645077
0.879275    -0.647413
0.879148    -0.649748
0.879022    -0.652081
0.878895    -0.654412
0.878768    -0.656743
0.878641    -0.659071
0.878515    -0.661398
0.878388    -0.663724
0.878261    -0.666048
0.878135    -0.668371
0.878008    -0.670692
0.877881    -0.673012
0.877755    -0.67533
0.877628    -0.677647
0.877502    -0.679962
0.877375    -0.682275
0.877249    -0.684588
0.877123    -0.686898
0.876997    -0.689207
0.876871    -0.691515
0.876745    -0.693821
0.87662    -0.696125
0.876494    -0.698428
0.876369    -0.700729
0.876244    -0.703029
0.876119    -0.705327
0.875994    -0.707624
0.87587    -0.709919
0.875745    -0.712212
0.875621    -0.714504
0.875498    -0.716794
0.875374    -0.719083
0.875251    -0.72137
0.875128    -0.723655
0.875005    -0.725939
0.874883    -0.728221
0.874761    -0.730502
0.874639    -0.732781
0.874518    -0.735058
0.874397    -0.737334
0.874276    -0.739608
0.874156    -0.74188
0.874036    -0.744151
0.873916    -0.74642
0.873797    -0.748687
0.873678    -0.750953
0.87356    -0.753217
0.873442    -0.75548
0.873325    -0.75774
0.873208    -0.759999
0.873091    -0.762257
0.872975    -0.764513
0.87286    -0.766767
0.872745    -0.769019
0.87263    -0.771269
0.872516    -0.773518
0.872403    -0.775766
0.87229    -0.778011
0.872178    -0.780255
0.872066    -0.782497
0.871955    -0.784737
0.871844    -0.786976
0.871734    -0.789212
0.871625    -0.791448
0.871516    -0.793681
0.871408    -0.795912
0.871301    -0.798142
0.871194    -0.80037
0.871088    -0.802597
0.870983    -0.804821
0.870878    -0.807044
0.870774    -0.809265
0.870671    -0.811484
0.870568    -0.813701
0.870466    -0.815917
0.870365    -0.818131
0.870265    -0.820343
0.870165    -0.822553
0.870066    -0.824762
0.869968    -0.826968
0.869871    -0.829173
0.869775    -0.831376
0.869679    -0.833577
0.869585    -0.835776
0.869491    -0.837974
0.869398    -0.840169
0.869306    -0.842363
0.869214    -0.844555
0.869124    -0.846745
0.869035    -0.848933
0.868946    -0.85112
0.868858    -0.853304
0.868772    -0.855487
0.868686    -0.857668
0.868601    -0.859847
0.868518    -0.862024
0.868435    -0.864199
0.868353    -0.866372
0.868272    -0.868544
0.868192    -0.870713
0.868114    -0.872881
0.868036    -0.875046
0.867959    -0.87721
0.867884    -0.879372
0.867809    -0.881532
0.867736    -0.88369
0.867664    -0.885846
0.867592    -0.888
0.867522    -0.890152
0.867453    -0.892302
0.867385    -0.894451
0.867319    -0.896597
0.867253    -0.898742
0.867189    -0.900884
0.867126    -0.903025
0.867064    -0.905163
0.867003    -0.9073
0.866943    -0.909434
0.866885    -0.911567
0.866828    -0.913698
0.866772    -0.915826
0.866718    -0.917953
0.866664    -0.920078
0.866612    -0.9222
0.866562    -0.924321
0.866512    -0.92644
0.866464    -0.928557
0.866417    -0.930671
0.866372    -0.932784
0.866328    -0.934895
0.866285    -0.937003
0.866244    -0.93911
0.866204    -0.941214
0.866166    -0.943317
0.866128    -0.945417
0.866093    -0.947516
0.866059    -0.949612
0.866026    -0.951707
0.865994    -0.953799
0.865964    -0.955889
0.865936    -0.957977
0.865909    -0.960063
0.865884    -0.962147
0.86586    -0.964229
0.865837    -0.966309
0.865816    -0.968387
0.865797    -0.970463
0.865779    -0.972536
0.865763    -0.974608
0.865749    -0.976677
0.865736    -0.978744
0.865724    -0.98081
