0.0862467    0.817709
0.0873126    0.819429
0.0883816    0.821146
0.0894537    0.82286
0.0905287    0.824571
0.0916069    0.826278
0.0926881    0.827983
0.0937723    0.829684
0.0948597    0.831382
0.09595    0.833077
0.0970435    0.834769
0.09814    0.836457
0.0992396    0.838142
0.100342    0.839824
0.101448    0.841503
0.102557    0.843179
0.103669    0.844851
0.104784    0.84652
0.105902    0.848186
0.107023    0.849848
0.108147    0.851507
0.109274    0.853163
0.110405    0.854816
0.111538    0.856465
0.112675    0.858111
0.113814    0.859753
0.114957    0.861393
0.116103    0.863029
0.117252    0.864661
0.118404    0.866291
0.119559    0.867916
0.120718    0.869539
0.121879    0.871158
0.123044    0.872774
0.124211    0.874386
0.125382    0.875995
0.126556    0.877601
0.127733    0.879203
0.128913    0.880801
0.130096    0.882397
0.131283    0.883989
0.132472    0.885577
0.133665    0.887162
0.13486    0.888743
0.136059    0.890321
0.137261    0.891896
0.138466    0.893467
0.139675    0.895034
0.140886    0.896598
0.1421    0.898159
0.143318    0.899716
0.144539    0.901269
0.145763    0.902819
0.14699    0.904365
0.14822    0.905908
0.149453    0.907447
0.15069    0.908983
0.15193    0.910515
0.153172    0.912043
0.154418    0.913568
0.155667    0.915089
0.15692    0.916607
0.158175    0.918121
0.159433    0.919631
0.160695    0.921138
0.16196    0.922641
0.163228    0.924141
0.164499    0.925637
0.165773    0.927129
0.167051    0.928617
0.168331    0.930102
0.169615    0.931583
0.170902    0.93306
0.172192    0.934534
0.173485    0.936004
0.174781    0.93747
0.176081    0.938933
0.177384    0.940391
0.178689    0.941846
0.179998    0.943297
0.181311    0.944745
0.182626    0.946189
0.183944    0.947628
0.185266    0.949065
0.186591    0.950497
0.187919    0.951925
0.18925    0.95335
0.190584    0.954771
0.191921    0.956188
0.193262    0.957601
0.194606    0.95901
0.195952    0.960416
0.197302    0.961817
0.198656    0.963215
0.200012    0.964609
0.201372    0.965999
0.202734    0.967385
0.2041    0.968767
0.205469    0.970145
0.206841    0.971519
0.208216    0.97289
0.209595    0.974256
0.210976    0.975619
0.212361    0.976977
0.213749    0.978332
0.21514    0.979682
0.216534    0.981029
0.217932    0.982371
0.219332    0.98371
0.220736    0.985044
0.222143    0.986375
0.223553    0.987702
0.224966    0.989024
0.226382    0.990342
0.227801    0.991657
0.229224    0.992967
0.23065    0.994273
0.232078    0.995576
0.23351    0.996874
0.234945    0.998168
0.236384    0.999458
0.237825    1.00074
0.23927    1.00203
0.240717    1.0033
0.242168    1.00458
0.243622    1.00585
0.245079    1.00711
0.246539    1.00837
0.248002    1.00963
0.249469    1.01088
0.250938    1.01213
0.252411    1.01337
0.253887    1.01461
0.255366    1.01585
0.256848    1.01708
0.258333    1.01831
0.259821    1.01953
0.261313    1.02075
0.262807    1.02196
0.264305    1.02318
0.265806    1.02438
0.267309    1.02558
0.268816    1.02678
0.270326    1.02797
0.27184    1.02916
0.273356    1.03035
0.274875    1.03153
0.276398    1.0327
0.277923    1.03388
0.279452    1.03504
0.280983    1.03621
0.282518    1.03736
0.284056    1.03852
0.285597    1.03967
0.287141    1.04081
0.288688    1.04195
0.290238    1.04309
0.291792    1.04422
0.293348    1.04535
0.294907    1.04647
0.29647    1.04759
0.298035    1.04871
0.299604    1.04982
0.301175    1.05092
0.30275    1.05202
0.304328    1.05312
0.305909    1.05421
0.307492    1.0553
0.309079    1.05638
0.310669    1.05746
0.312262    1.05854
0.313858    1.0596
0.315457    1.06067
0.317059    1.06173
0.318664    1.06279
0.320272    1.06384
0.321883    1.06488
0.323497    1.06593
0.325114    1.06696
0.326734    1.068
0.328357    1.06902
0.329983    1.07005
0.331612    1.07107
0.333244    1.07208
0.334879    1.07309
0.336517    1.0741
0.338158    1.0751
0.339802    1.07609
0.341449    1.07708
0.343099    1.07807
0.344752    1.07905
0.346408    1.08003
0.348066    1.081
0.349728    1.08197
0.351393    1.08293
0.35306    1.08389
0.354731    1.08484
0.356404    1.08579
0.358081    1.08673
0.35976    1.08767
0.361442    1.08861
0.363127    1.08954
0.364815    1.09046
0.366506    1.09138
0.3682    1.0923
0.369897    1.09321
0.371597    1.09411
0.373299    1.09501
0.375005    1.09591
0.376713    1.0968
0.378424    1.09768
0.380138    1.09856
0.381855    1.09944
0.383575    1.10031
0.385298    1.10118
0.387023    1.10204
0.388752    1.1029
0.390483    1.10375
0.392217    1.10459
0.393954    1.10544
0.395693    1.10627
0.397436    1.1071
0.399181    1.10793
0.400929    1.10875
0.40268    1.10957
0.404434    1.11038
0.40619    1.11119
0.407949    1.11199
0.409712    1.11279
0.411476    1.11358
0.413244    1.11436
0.415014    1.11515
0.416787    1.11592
0.418563    1.11669
0.420342    1.11746
0.422123    1.11822
0.423907    1.11898
0.425694    1.11973
0.427484    1.12048
0.429276    1.12122
0.431071    1.12195
0.432869    1.12268
0.434669    1.12341
0.436472    1.12413
0.438278    1.12484
0.440086    1.12555
0.441897    1.12626
0.443711    1.12696
0.445527    1.12765
0.447347    1.12834
0.449168    1.12903
0.450993    1.12971
0.45282    1.13038
0.454649    1.13105
0.456481    1.13171
0.458316    1.13237
0.460154    1.13302
0.461994    1.13367
0.463836    1.13431
0.465681    1.13495
0.467529    1.13558
0.46938    1.13621
0.471233    1.13683
0.473088    1.13744
0.474946    1.13805
0.476807    1.13866
0.47867    1.13926
0.480535    1.13985
0.482403    1.14044
0.484274    1.14103
0.486147    1.1416
0.488023    1.14218
0.489901    1.14275
0.491782    1.14331
0.493665    1.14386
0.49555    1.14442
0.497438    1.14496
0.499329    1.1455
0.501221    1.14604
0.503117    1.14657
0.505015    1.14709
0.506915    1.14761
0.508817    1.14812
0.510722    1.14863
0.51263    1.14913
0.514539    1.14963
0.516451    1.15012
0.518366    1.15061
0.520283    1.15109
0.522202    1.15156
0.524123    1.15203
0.526047    1.1525
0.527974    1.15295
0.529902    1.15341
0.531833    1.15385
0.533766    1.1543
0.535701    1.15473
0.537639    1.15516
0.539579    1.15559
0.541521    1.15601
0.543466    1.15642
0.545412    1.15683
0.547361    1.15723
0.549313    1.15763
0.551266    1.15802
0.553222    1.1584
0.555179    1.15878
0.557139    1.15916
0.559102    1.15953
0.561066    1.15989
0.563033    1.16025
0.565001    1.1606
0.566972    1.16094
0.568945    1.16128
0.57092    1.16162
0.572897    1.16195
0.574877    1.16227
0.576858    1.16259
0.578841    1.1629
0.580827    1.1632
0.582815    1.1635
0.584804    1.1638
0.586796    1.16409
0.58879    1.16437
0.590785    1.16465
0.592783    1.16492
0.594783    1.16518
