-0.514641    -1.2035
-0.513255    -1.20239
-0.511871    -1.20128
-0.510492    -1.20016
-0.509115    -1.19904
-0.507743    -1.19791
-0.506374    -1.19678
-0.505008    -1.19564
-0.503646    -1.1945
-0.502287    -1.19336
-0.500932    -1.19221
-0.499581    -1.19106
-0.498232    -1.1899
-0.496888    -1.18874
-0.495547    -1.18757
-0.494209    -1.1864
-0.492875    -1.18523
-0.491545    -1.18405
-0.490218    -1.18287
-0.488894    -1.18169
-0.487574    -1.1805
-0.486257    -1.1793
-0.484944    -1.1781
-0.483635    -1.1769
-0.482329    -1.1757
-0.481026    -1.17449
-0.479727    -1.17327
-0.478432    -1.17205
-0.477139    -1.17083
-0.475851    -1.16961
-0.474566    -1.16838
-0.473284    -1.16714
-0.472006    -1.1659
-0.470731    -1.16466
-0.46946    -1.16342
-0.468192    -1.16217
-0.466928    -1.16091
-0.465667    -1.15965
-0.46441    -1.15839
-0.463156    -1.15713
-0.461906    -1.15586
-0.460659    -1.15458
-0.459415    -1.15331
-0.458175    -1.15203
-0.456939    -1.15074
-0.455706    -1.14945
-0.454476    -1.14816
-0.45325    -1.14686
-0.452027    -1.14556
-0.450808    -1.14426
-0.449592    -1.14295
-0.44838    -1.14164
-0.447171    -1.14032
-0.445965    -1.139
-0.444763    -1.13768
-0.443564    -1.13635
-0.442369    -1.13502
-0.441177    -1.13369
-0.439989    -1.13235
-0.438804    -1.13101
-0.437623    -1.12966
-0.436444    -1.12831
-0.43527    -1.12696
-0.434098    -1.1256
-0.43293    -1.12424
-0.431766    -1.12288
-0.430605    -1.12151
-0.429447    -1.12014
-0.428293    -1.11876
-0.427142    -1.11738
-0.425994    -1.116
-0.42485    -1.11462
-0.423709    -1.11323
-0.422572    -1.11183
-0.421438    -1.11044
-0.420307    -1.10903
-0.41918    -1.10763
-0.418056    -1.10622
-0.416935    -1.10481
-0.415818    -1.1034
-0.414704    -1.10198
-0.413594    -1.10056
-0.412486    -1.09913
-0.411382    -1.0977
-0.410282    -1.09627
-0.409185    -1.09483
-0.408091    -1.09339
-0.407    -1.09195
-0.405913    -1.0905
-0.404829    -1.08905
-0.403749    -1.0876
-0.402672    -1.08614
-0.401598    -1.08468
-0.400527    -1.08322
-0.39946    -1.08175
-0.398396    -1.08028
-0.397335    -1.0788
-0.396278    -1.07733
-0.395223    -1.07585
-0.394173    -1.07436
-0.393125    -1.07287
-0.392081    -1.07138
-0.39104    -1.06989
-0.390002    -1.06839
-0.388967    -1.06689
-0.387936    -1.06538
-0.386908    -1.06387
-0.385883    -1.06236
-0.384862    -1.06085
-0.383843    -1.05933
-0.382828    -1.05781
-0.381817    -1.05628
-0.380808    -1.05475
-0.379803    -1.05322
-0.378801    -1.05169
-0.377802    -1.05015
-0.376806    -1.04861
-0.375813    -1.04706
-0.374824    -1.04552
-0.373838    -1.04397
-0.372855    -1.04241
-0.371875    -1.04085
-0.370899    -1.03929
-0.369925    -1.03773
-0.368955    -1.03616
-0.367988    -1.03459
-0.367024    -1.03302
-0.366064    -1.03144
-0.365106    -1.02986
-0.364152    -1.02828
-0.3632    -1.02669
-0.362252    -1.0251
-0.361307    -1.02351
-0.360365    -1.02191
-0.359427    -1.02031
-0.358491    -1.01871
-0.357558    -1.0171
-0.356629    -1.0155
-0.355703    -1.01388
-0.35478    -1.01227
-0.35386    -1.01065
-0.352943    -1.00903
-0.352029    -1.00741
-0.351118    -1.00578
-0.35021    -1.00415
-0.349305    -1.00252
-0.348404    -1.00088
-0.347505    -0.99924
-0.34661    -0.997598
-0.345717    -0.995952
-0.344828    -0.994304
-0.343941    -0.992652
-0.343058    -0.990998
-0.342178    -0.98934
-0.3413    -0.98768
-0.340426    -0.986016
-0.339555    -0.98435
-0.338687    -0.98268
-0.337821    -0.981008
-0.336959    -0.979332
-0.3361    -0.977654
-0.335244    -0.975972
-0.33439    -0.974288
-0.33354    -0.972601
-0.332693    -0.970911
-0.331848    -0.969217
-0.331007    -0.967521
-0.330168    -0.965822
-0.329333    -0.964121
-0.3285    -0.962416
-0.32767    -0.960708
-0.326844    -0.958998
-0.32602    -0.957284
-0.325199    -0.955568
-0.324381    -0.953849
-0.323566    -0.952127
-0.322753    -0.950402
-0.321944    -0.948674
-0.321138    -0.946943
-0.320334    -0.94521
-0.319534    -0.943474
-0.318736    -0.941735
-0.317941    -0.939993
-0.317149    -0.938248
-0.316359    -0.936501
-0.315573    -0.93475
-0.31479    -0.932997
-0.314009    -0.931241
-0.313231    -0.929483
-0.312456    -0.927721
-0.311684    -0.925957
-0.310914    -0.92419
-0.310148    -0.922421
-0.309384    -0.920648
-0.308623    -0.918873
-0.307865    -0.917095
-0.307109    -0.915315
-0.306356    -0.913532
-0.305606    -0.911746
-0.304859    -0.909957
-0.304115    -0.908165
-0.303373    -0.906371
-0.302634    -0.904575
-0.301898    -0.902775
-0.301165    -0.900973
-0.300434    -0.899168
-0.299706    -0.897361
-0.298981    -0.895551
-0.298258    -0.893738
-0.297538    -0.891923
-0.296821    -0.890104
-0.296106    -0.888284
-0.295394    -0.886461
-0.294685    -0.884635
-0.293979    -0.882806
-0.293275    -0.880975
-0.292574    -0.879141
-0.291875    -0.877305
-0.291179    -0.875466
-0.290486    -0.873625
-0.289795    -0.871781
-0.289107    -0.869934
-0.288422    -0.868085
-0.287739    -0.866234
-0.287058    -0.864379
-0.286381    -0.862523
-0.285706    -0.860663
-0.285033    -0.858802
-0.284363    -0.856937
-0.283696    -0.85507
-0.283031    -0.853201
-0.282369    -0.851329
-0.281709    -0.849455
-0.281052    -0.847578
-0.280398    -0.845699
-0.279745    -0.843817
-0.279096    -0.841933
-0.278449    -0.840046
-0.277804    -0.838157
-0.277162    -0.836265
-0.276523    -0.834371
-0.275885    -0.832475
-0.275251    -0.830576
-0.274619    -0.828674
-0.273989    -0.82677
-0.273362    -0.824864
-0.272737    -0.822956
-0.272115    -0.821045
-0.271495    -0.819131
-0.270877    -0.817215
-0.270262    -0.815297
-0.26965    -0.813377
-0.269039    -0.811454
-0.268431    -0.809528
-0.267826    -0.807601
-0.267223    -0.805671
-0.266622    -0.803738
-0.266024    -0.801804
-0.265428    -0.799866
-0.264834    -0.797927
-0.264243    -0.795985
-0.263654    -0.794041
-0.263068    -0.792095
-0.262483    -0.790146
-0.261901    -0.788195
-0.261322    -0.786242
-0.260745    -0.784287
-0.26017    -0.782329
-0.259597    -0.780369
-0.259026    -0.778406
-0.258458    -0.776442
-0.257892    -0.774475
-0.257329    -0.772506
-0.256767    -0.770534
-0.256208    -0.768561
-0.255651    -0.766585
-0.255097    -0.764607
-0.254544    -0.762627
-0.253994    -0.760644
-0.253446    -0.758659
-0.2529    -0.756672
-0.252357    -0.754683
-0.251815    -0.752692
-0.251276    -0.750699
-0.250739    -0.748703
-0.250204    -0.746705
-0.249671    -0.744705
-0.249141    -0.742703
-0.248612    -0.740699
-0.248086    -0.738692
-0.247562    -0.736683
-0.24704    -0.734673
-0.24652    -0.73266
-0.246002    -0.730645
-0.245486    -0.728628
-0.244973    -0.726608
-0.244461    -0.724587
-0.243952    -0.722564
-0.243444    -0.720538
-0.242939    -0.71851
-0.242436    -0.716481
-0.241934    -0.714449
-0.241435    -0.712415
-0.240938    -0.710379
-0.240443    -0.708341
-0.239949    -0.706301
-0.239458    -0.704259
-0.238969    -0.702215
-0.238482    -0.700169
-0.237997    -0.69812
-0.237514    -0.69607
-0.237032    -0.694018
-0.236553    -0.691964
-0.236076    -0.689907
-0.2356    -0.687849
-0.235127    -0.685789
-0.234655    -0.683727
-0.234186    -0.681662
-0.233718    -0.679596
-0.233252    -0.677528
-0.232788    -0.675458
-0.232326    -0.673386
-0.231866    -0.671312
-0.231408    -0.669236
-0.230951    -0.667158
-0.230497    -0.665078
-0.230044    -0.662996
-0.229593    -0.660912
-0.229144    -0.658827
-0.228697    -0.656739
-0.228252    -0.65465
-0.227808    -0.652558
-0.227366    -0.650465
-0.226926    -0.64837
-0.226488    -0.646273
-0.226052    -0.644174
-0.225617    -0.642073
-0.225184    -0.639971
-0.224753    -0.637866
-0.224324    -0.63576
-0.223896    -0.633652
-0.22347    -0.631542
-0.223046    -0.62943
-0.222623    -0.627317
-0.222202    -0.625201
-0.221783    -0.623084
-0.221366    -0.620965
-0.22095    -0.618844
-0.220536    -0.616721
-0.220124    -0.614597
-0.219713    -0.612471
-0.219304    -0.610343
-0.218896    -0.608213
-0.218491    -0.606081
-0.218086    -0.603948
-0.217684    -0.601813
-0.217283    -0.599676
-0.216883    -0.597538
-0.216486    -0.595397
-0.216089    -0.593255
-0.215695    -0.591112
-0.215302    -0.588966
-0.21491    -0.586819
-0.21452    -0.58467
-0.214132    -0.58252
-0.213745    -0.580368
-0.213359    -0.578214
-0.212976    -0.576058
-0.212593    -0.573901
-0.212212    -0.571742
-0.211833    -0.569581
-0.211455    -0.567419
-0.211079    -0.565255
-0.210704    -0.56309
-0.21033    -0.560923
-0.209958    -0.558754
-0.209588    -0.556584
-0.209218    -0.554412
-0.208851    -0.552238
-0.208484    -0.550063
-0.208119    -0.547886
-0.207756    -0.545708
-0.207394    -0.543528
-0.207033    -0.541346
-0.206674    -0.539163
-0.206316    -0.536978
-0.205959    -0.534792
-0.205604    -0.532604
-0.20525    -0.530415
-0.204897    -0.528224
-0.204546    -0.526032
-0.204196    -0.523838
-0.203847    -0.521643
-0.2035    -0.519446
-0.203153    -0.517247
-0.202809    -0.515047
-0.202465    -0.512846
-0.202123    -0.510643
-0.201782    -0.508438
-0.201442    -0.506233
-0.201103    -0.504025
-0.200766    -0.501816
-0.20043    -0.499606
-0.200095    -0.497394
-0.199761    -0.495181
-0.199429    -0.492967
-0.199097    -0.490751
-0.198767    -0.488533
-0.198438    -0.486314
-0.19811    -0.484094
-0.197784    -0.481873
-0.197458    -0.479649
-0.197134    -0.477425
-0.19681    -0.475199
-0.196488    -0.472972
-0.196167    -0.470743
-0.195847    -0.468513
-0.195528    -0.466282
-0.195211    -0.46405
-0.194894    -0.461816
-0.194578    -0.45958
-0.194264    -0.457344
-0.19395    -0.455106
-0.193638    -0.452866
-0.193326    -0.450626
-0.193016    -0.448384
-0.192706    -0.446141
-0.192398    -0.443896
-0.192091    -0.44165
-0.191784    -0.439403
-0.191479    -0.437155
-0.191174    -0.434905
-0.190871    -0.432655
-0.190568    -0.430402
-0.190266    -0.428149
-0.189966    -0.425895
-0.189666    -0.423639
-0.189367    -0.421382
-0.189069    -0.419123
-0.188772    -0.416864
-0.188476    -0.414603
-0.188181    -0.412342
-0.187886    -0.410079
-0.187593    -0.407814
-0.1873    -0.405549
-0.187008    -0.403282
-0.186717    -0.401015
-0.186427    -0.398746
-0.186138    -0.396476
-0.185849    -0.394205
-0.185562    -0.391932
-0.185275    -0.389659
-0.184988    -0.387384
-0.184703    -0.385109
-0.184419    -0.382832
-0.184135    -0.380554
-0.183852    -0.378275
-0.183569    -0.375995
-0.183288    -0.373714
-0.183007    -0.371432
-0.182727    -0.369149
-0.182447    -0.366864
-0.182168    -0.364579
-0.18189    -0.362293
-0.181613    -0.360005
-0.181336    -0.357717
-0.18106    -0.355427
-0.180785    -0.353137
-0.18051    -0.350845
-0.180236    -0.348553
-0.179962    -0.346259
-0.17969    -0.343965
-0.179417    -0.341669
-0.179146    -0.339373
-0.178875    -0.337075
-0.178604    -0.334777
-0.178334    -0.332478
-0.178065    -0.330177
-0.177796    -0.327876
-0.177528    -0.325574
-0.17726    -0.323271
-0.176993    -0.320967
-0.176726    -0.318662
-0.17646    -0.316356
-0.176195    -0.31405
-0.175929    -0.311742
-0.175665    -0.309434
-0.175401    -0.307124
-0.175137    -0.304814
-0.174874    -0.302503
-0.174611    -0.300191
-0.174349    -0.297878
-0.174087    -0.295565
-0.173825    -0.29325
-0.173564    -0.290935
-0.173303    -0.288619
-0.173043    -0.286302
-0.172783    -0.283985
-0.172524    -0.281666
-0.172265    -0.279347
-0.172006    -0.277027
-0.171747    -0.274706
-0.171489    -0.272385
-0.171232    -0.270063
-0.170974    -0.26774
-0.170717    -0.265416
-0.17046    -0.263091
-0.170204    -0.260766
-0.169948    -0.25844
-0.169692    -0.256113
-0.169436    -0.253786
-0.169181    -0.251458
-0.168926    -0.249129
-0.168671    -0.2468
-0.168416    -0.24447
-0.168162    -0.242139
-0.167907    -0.239808
-0.167653    -0.237475
-0.1674    -0.235143
-0.167146    -0.232809
-0.166893    -0.230475
-0.166639    -0.228141
-0.166386    -0.225806
-0.166134    -0.22347
-0.165881    -0.221133
-0.165628    -0.218796
-0.165376    -0.216459
-0.165123    -0.21412
-0.164871    -0.211782
-0.164619    -0.209442
-0.164367    -0.207103
-0.164115    -0.204762
-0.163863    -0.202421
-0.163611    -0.20008
-0.16336    -0.197738
-0.163108    -0.195395
-0.162856    -0.193052
-0.162605    -0.190709
-0.162353    -0.188365
-0.162101    -0.18602
-0.16185    -0.183675
-0.161598    -0.18133
-0.161347    -0.178984
-0.161095    -0.176637
-0.160843    -0.174291
-0.160592    -0.171943
-0.16034    -0.169596
-0.160088    -0.167248
-0.159836    -0.164899
-0.159584    -0.16255
-0.159332    -0.160201
-0.15908    -0.157851
-0.158828    -0.155501
-0.158576    -0.15315
-0.158324    -0.1508
-0.158071    -0.148448
-0.157818    -0.146097
-0.157565    -0.143745
-0.157313    -0.141393
-0.157059    -0.13904
-0.156806    -0.136687
-0.156553    -0.134334
-0.156299    -0.13198
-0.156045    -0.129627
-0.155791    -0.127273
-0.155537    -0.124918
-0.155282    -0.122563
-0.155028    -0.120209
-0.154773    -0.117853
-0.154517    -0.115498
-0.154262    -0.113142
-0.154006    -0.110786
-0.15375    -0.10843
-0.153494    -0.106074
-0.153237    -0.103717
-0.15298    -0.10136
-0.152723    -0.0990034
-0.152466    -0.0966462
-0.152208    -0.0942888
-0.15195    -0.0919313
-0.151691    -0.0895736
-0.151432    -0.0872158
-0.151173    -0.0848578
-0.150913    -0.0824996
-0.150653    -0.0801413
-0.150393    -0.0777829
-0.150132    -0.0754244
-0.149871    -0.0730658
-0.149609    -0.0707071
-0.149347    -0.0683482
-0.149085    -0.0659893
-0.148822    -0.0636303
-0.148558    -0.0612713
-0.148295    -0.0589122
-0.14803    -0.056553
-0.147766    -0.0541938
-0.1475    -0.0518345
-0.147235    -0.0494752
-0.146968    -0.0471159
-0.146702    -0.0447566
-0.146434    -0.0423973
-0.146166    -0.040038
-0.145898    -0.0376787
-0.145629    -0.0353194
-0.14536    -0.0329601
-0.14509    -0.0306009
-0.144819    -0.0282417
-0.144548    -0.0258825
-0.144276    -0.0235235
-0.144004    -0.0211644
-0.143731    -0.0188055
-0.143457    -0.0164466
-0.143183    -0.0140879
-0.142908    -0.0117292
-0.142633    -0.00937064
-0.142357    -0.00701219
-0.14208    -0.00465387
-0.141803    -0.00229568
-0.141524    6.23769e-05
-0.141246    0.00242028
-0.140966    0.00477804
-0.140686    0.00713562
-0.140405    0.00949304
-0.140124    0.0118503
-0.139841    0.0142073
-0.139558    0.0165642
-0.139274    0.0189208
-0.13899    0.0212773
-0.138704    0.0236335
-0.138418    0.0259895
-0.138131    0.0283452
-0.137844    0.0307008
-0.137555    0.033056
-0.137266    0.035411
-0.136976    0.0377657
-0.136685    0.0401202
-0.136393    0.0424744
-0.136101    0.0448283
-0.135808    0.0471818
-0.135513    0.0495351
-0.135218    0.051888
-0.134922    0.0542407
-0.134625    0.056593
-0.134328    0.0589449
-0.134029    0.0612965
-0.133729    0.0636478
-0.133429    0.0659987
-0.133128    0.0683492
-0.132825    0.0706993
-0.132522    0.073049
-0.132218    0.0753984
-0.131913    0.0777473
-0.131607    0.0800958
-0.1313    0.0824439
-0.130992    0.0847916
-0.130683    0.0871388
-0.130373    0.0894856
-0.130062    0.0918319
-0.12975    0.0941777
-0.129436    0.0965231
-0.129122    0.098868
-0.128807    0.101212
-0.128491    0.103556
-0.128174    0.1059
-0.127856    0.108243
-0.127536    0.110585
-0.127216    0.112927
-0.126894    0.115268
-0.126572    0.117609
-0.126248    0.119949
-0.125923    0.122289
-0.125597    0.124628
-0.12527    0.126967
-0.124942    0.129305
-0.124613    0.131642
-0.124282    0.133979
-0.123951    0.136315
-0.123618    0.13865
-0.123284    0.140985
-0.122949    0.14332
-0.122612    0.145653
-0.122275    0.147986
-0.121936    0.150318
-0.121596    0.15265
-0.121255    0.154981
-0.120912    0.157311
-0.120569    0.159641
-0.120224    0.16197
-0.119878    0.164298
-0.11953    0.166626
-0.119181    0.168952
-0.118831    0.171278
-0.11848    0.173604
-0.118128    0.175928
-0.117774    0.178252
-0.117419    0.180575
-0.117062    0.182897
-0.116704    0.185219
-0.116345    0.187539
-0.115985    0.189859
-0.115623    0.192178
-0.115259    0.194497
-0.114895    0.196814
-0.114529    0.199131
-0.114162    0.201447
-0.113793    0.203762
-0.113423    0.206076
-0.113051    0.208389
-0.112678    0.210701
-0.112304    0.213013
-0.111928    0.215324
-0.111551    0.217633
-0.111172    0.219942
-0.110792    0.22225
-0.110411    0.224557
-0.110027    0.226863
-0.109643    0.229168
-0.109257    0.231472
-0.108869    0.233776
-0.10848    0.236078
-0.10809    0.238379
-0.107698    0.24068
-0.107304    0.242979
-0.106909    0.245278
-0.106513    0.247575
-0.106115    0.249871
-0.105715    0.252167
-0.105314    0.254461
-0.104911    0.256755
-0.104506    0.259047
-0.1041    0.261338
-0.103693    0.263628
-0.103284    0.265917
-0.102873    0.268206
-0.102461    0.270493
-0.102047    0.272778
-0.101631    0.275063
-0.101214    0.277347
-0.100795    0.27963
-0.100374    0.281911
-0.099952    0.284192
-0.0995281    0.286471
-0.0991026    0.288749
-0.0986754    0.291026
-0.0982465    0.293302
-0.0978159    0.295576
-0.0973836    0.29785
-0.0969496    0.300122
-0.0965138    0.302393
-0.0960764    0.304663
-0.0956372    0.306932
-0.0951963    0.309199
-0.0947537    0.311466
-0.0943092    0.313731
-0.0938631    0.315995
-0.0934151    0.318257
-0.0929654    0.320518
-0.0925139    0.322778
-0.0920607    0.325037
-0.0916056    0.327295
-0.0911487    0.329551
-0.09069    0.331806
-0.0902295    0.33406
-0.0897672    0.336312
-0.0893031    0.338563
-0.0888371    0.340813
-0.0883692    0.343061
-0.0878996    0.345308
-0.087428    0.347554
-0.0869546    0.349798
-0.0864793    0.352041
-0.0860021    0.354283
-0.0855231    0.356523
-0.0850421    0.358762
-0.0845593    0.360999
-0.0840745    0.363236
-0.0835879    0.36547
-0.0830993    0.367703
-0.0826087    0.369935
-0.0821163    0.372166
-0.0816219    0.374395
-0.0811255    0.376622
-0.0806272    0.378848
-0.080127    0.381073
-0.0796247    0.383296
-0.0791205    0.385517
-0.0786143    0.387738
-0.0781061    0.389956
-0.0775959    0.392173
-0.0770837    0.394389
-0.0765695    0.396603
-0.0760533    0.398816
-0.075535    0.401027
-0.0750148    0.403236
-0.0744924    0.405444
-0.0739681    0.407651
-0.0734417    0.409856
-0.0729132    0.412059
-0.0723827    0.414261
-0.0718501    0.416461
-0.0713154    0.418659
-0.0707786    0.420856
-0.0702398    0.423052
-0.0696988    0.425245
-0.0691557    0.427437
-0.0686106    0.429628
-0.0680633    0.431817
-0.0675139    0.434004
-0.0669623    0.436189
-0.0664087    0.438373
-0.0658528    0.440555
-0.0652949    0.442736
-0.0647348    0.444914
-0.0641725    0.447091
-0.063608    0.449267
-0.0630414    0.451441
-0.0624726    0.453613
-0.0619016    0.455783
-0.0613284    0.457951
-0.060753    0.460118
-0.0601754    0.462283
-0.0595956    0.464446
-0.0590135    0.466608
-0.0584293    0.468767
-0.0578428    0.470925
-0.0572541    0.473082
-0.0566631    0.475236
-0.0560699    0.477388
-0.0554744    0.479539
-0.0548766    0.481688
-0.0542766    0.483835
-0.0536743    0.48598
-0.0530698    0.488124
-0.0524629    0.490265
-0.0518538    0.492405
-0.0512423    0.494543
-0.0506286    0.496679
-0.0500125    0.498813
-0.0493941    0.500945
-0.0487734    0.503076
-0.0481504    0.505204
-0.047525    0.507331
-0.0468973    0.509455
-0.0462673    0.511578
-0.0456348    0.513699
-0.0450001    0.515817
-0.0443629    0.517934
-0.0437234    0.520049
-0.0430816    0.522162
-0.0424373    0.524273
-0.0417906    0.526382
-0.0411416    0.528489
-0.0404901    0.530594
-0.0398363    0.532697
-0.03918    0.534798
-0.0385213    0.536897
-0.0378602    0.538994
-0.0371967    0.541089
-0.0365307    0.543182
-0.0358623    0.545273
-0.0351915    0.547361
-0.0345182    0.549448
-0.0338424    0.551533
-0.0331642    0.553615
-0.0324835    0.555696
-0.0318003    0.557774
-0.0311147    0.559851
-0.0304266    0.561925
-0.029736    0.563997
-0.0290428    0.566067
-0.0283472    0.568135
-0.0276491    0.5702
-0.0269485    0.572264
-0.0262453    0.574325
-0.0255397    0.576384
-0.0248315    0.578442
-0.0241207    0.580496
-0.0234075    0.582549
-0.0226916    0.5846
-0.0219733    0.586648
-0.0212524    0.588694
-0.0205289    0.590738
-0.0198028    0.59278
-0.0190742    0.594819
-0.018343    0.596856
-0.0176093    0.598891
-0.0168729    0.600924
-0.016134    0.602955
-0.0153924    0.604983
-0.0146483    0.607009
-0.0139015    0.609032
-0.0131521    0.611054
-0.0124002    0.613073
-0.0116456    0.61509
-0.0108883    0.617104
-0.0101285    0.619116
-0.00936599    0.621126
-0.00860085    0.623133
-0.00783307    0.625139
-0.00706263    0.627141
-0.00628954    0.629142
-0.00551379    0.63114
-0.00473537    0.633135
-0.00395428    0.635129
-0.00317052    0.63712
-0.00238407    0.639108
-0.00159494    0.641094
-0.00080312    0.643078
-8.60464e-06    0.645059
0.00078861    0.647038
0.00158853    0.649015
0.00239116    0.650989
0.0031965    0.65296
0.00400456    0.654929
0.00481534    0.656896
0.00562885    0.65886
0.00644509    0.660822
0.00726407    0.662781
0.00808579    0.664738
0.00891025    0.666692
0.00973747    0.668644
0.0105674    0.670593
0.0114002    0.67254
0.0122357    0.674484
0.0130739    0.676425
0.013915    0.678365
0.0147588    0.680301
0.0156054    0.682235
0.0164547    0.684166
0.0173069    0.686095
0.0181619    0.688021
0.0190196    0.689945
0.0198802    0.691866
0.0207435    0.693785
0.0216097    0.6957
0.0224787    0.697614
0.0233505    0.699524
0.0242252    0.701432
0.0251026    0.703337
0.0259829    0.70524
0.026866    0.70714
0.027752    0.709037
0.0286408    0.710932
0.0295325    0.712824
0.030427    0.714713
0.0313244    0.7166
0.0322246    0.718484
0.0331277    0.720365
0.0340336    0.722243
0.0349425    0.724119
0.0358542    0.725992
0.0367688    0.727862
0.0376862    0.72973
0.0386066    0.731595
0.0395298    0.733456
0.040456    0.735316
0.041385    0.737172
0.042317    0.739026
0.0432518    0.740877
0.0441895    0.742725
0.0451302    0.74457
0.0460738    0.746412
0.0470203    0.748252
0.0479697    0.750089
0.0489221    0.751922
0.0498774    0.753753
0.0508356    0.755582
0.0517967    0.757407
0.0527608    0.759229
0.0537279    0.761049
0.0546978    0.762866
0.0556708    0.764679
0.0566467    0.76649
0.0576255    0.768298
0.0586073    0.770103
0.0595921    0.771906
0.0605798    0.773705
0.0615705    0.775501
0.0625642    0.777294
0.0635609    0.779085
0.0645605    0.780872
0.0655631    0.782657
0.0665688    0.784438
0.0675774    0.786216
0.0685889    0.787992
0.0696035    0.789764
0.0706211    0.791534
0.0716417    0.7933
0.0726653    0.795064
0.0736919    0.796824
0.0747215    0.798581
0.0757541    0.800336
0.0767898    0.802087
0.0778284    0.803835
0.0788701    0.80558
0.0799148    0.807322
0.0809625    0.809061
0.0820133    0.810797
0.0830671    0.812529
0.0841239    0.814259
0.0851838    0.815986
