-0.543804    -1.18997
-0.542774    -1.18855
-0.541748    -1.18713
-0.540726    -1.1857
-0.539707    -1.18427
-0.538692    -1.18284
-0.53768    -1.18141
-0.536673    -1.17997
-0.535668    -1.17852
-0.534668    -1.17708
-0.533671    -1.17563
-0.532678    -1.17417
-0.531689    -1.17271
-0.530703    -1.17125
-0.529721    -1.16979
-0.528742    -1.16832
-0.527767    -1.16685
-0.526796    -1.16537
-0.525828    -1.1639
-0.524864    -1.16241
-0.523904    -1.16093
-0.522947    -1.15944
-0.521993    -1.15795
-0.521044    -1.15645
-0.520098    -1.15495
-0.519155    -1.15345
-0.518216    -1.15194
-0.517281    -1.15043
-0.516349    -1.14892
-0.51542    -1.1474
-0.514496    -1.14588
-0.513575    -1.14436
-0.512657    -1.14283
-0.511743    -1.1413
-0.510832    -1.13977
-0.509925    -1.13823
-0.509021    -1.13669
-0.508121    -1.13515
-0.507225    -1.1336
-0.506331    -1.13205
-0.505442    -1.1305
-0.504556    -1.12894
-0.503673    -1.12738
-0.502794    -1.12582
-0.501918    -1.12425
-0.501046    -1.12268
-0.500177    -1.12111
-0.499312    -1.11953
-0.49845    -1.11795
-0.497591    -1.11637
-0.496736    -1.11478
-0.495884    -1.11319
-0.495036    -1.1116
-0.494191    -1.11
-0.49335    -1.1084
-0.492512    -1.1068
-0.491677    -1.1052
-0.490846    -1.10359
-0.490018    -1.10197
-0.489193    -1.10036
-0.488372    -1.09874
-0.487554    -1.09712
-0.48674    -1.09549
-0.485928    -1.09387
-0.485121    -1.09223
-0.484316    -1.0906
-0.483515    -1.08896
-0.482717    -1.08732
-0.481923    -1.08568
-0.481131    -1.08403
-0.480343    -1.08238
-0.479559    -1.08073
-0.478777    -1.07907
-0.477999    -1.07741
-0.477224    -1.07575
-0.476453    -1.07409
-0.475685    -1.07242
-0.47492    -1.07075
-0.474158    -1.06907
-0.473399    -1.06739
-0.472644    -1.06571
-0.471892    -1.06403
-0.471143    -1.06234
-0.470397    -1.06065
-0.469654    -1.05896
-0.468915    -1.05727
-0.468179    -1.05557
-0.467446    -1.05387
-0.466716    -1.05216
-0.465989    -1.05045
-0.465266    -1.04874
-0.464546    -1.04703
-0.463828    -1.04531
-0.463114    -1.04359
-0.462403    -1.04187
-0.461696    -1.04015
-0.460991    -1.03842
-0.460289    -1.03669
-0.459591    -1.03495
-0.458896    -1.03321
-0.458203    -1.03147
-0.457514    -1.02973
-0.456828    -1.02799
-0.456145    -1.02624
-0.455465    -1.02449
-0.454788    -1.02273
-0.454114    -1.02098
-0.453443    -1.01921
-0.452775    -1.01745
-0.45211    -1.01569
-0.451448    -1.01392
-0.450789    -1.01215
-0.450133    -1.01037
-0.449481    -1.0086
-0.448831    -1.00682
-0.448184    -1.00503
-0.44754    -1.00325
-0.446899    -1.00146
-0.446261    -0.999668
-0.445626    -0.997874
-0.444994    -0.996077
-0.444364    -0.994278
-0.443738    -0.992476
-0.443115    -0.990671
-0.442494    -0.988863
-0.441876    -0.987053
-0.441262    -0.98524
-0.44065    -0.983424
-0.440041    -0.981605
-0.439435    -0.979784
-0.438832    -0.97796
-0.438231    -0.976133
-0.437634    -0.974304
-0.437039    -0.972472
-0.436447    -0.970637
-0.435858    -0.968799
-0.435272    -0.966959
-0.434688    -0.965116
-0.434108    -0.963271
-0.43353    -0.961422
-0.432955    -0.959572
-0.432382    -0.957718
-0.431813    -0.955862
-0.431246    -0.954003
-0.430682    -0.952142
-0.430121    -0.950278
-0.429562    -0.948411
-0.429006    -0.946542
-0.428453    -0.94467
-0.427903    -0.942795
-0.427355    -0.940918
-0.42681    -0.939039
-0.426268    -0.937156
-0.425728    -0.935272
-0.425191    -0.933384
-0.424657    -0.931494
-0.424125    -0.929602
-0.423596    -0.927707
-0.42307    -0.925809
-0.422546    -0.923909
-0.422025    -0.922006
-0.421506    -0.920101
-0.42099    -0.918193
-0.420477    -0.916283
-0.419966    -0.91437
-0.419458    -0.912455
-0.418952    -0.910537
-0.418449    -0.908616
-0.417949    -0.906694
-0.417451    -0.904768
-0.416955    -0.902841
-0.416463    -0.90091
-0.415972    -0.898978
-0.415484    -0.897042
-0.414999    -0.895105
-0.414516    -0.893165
-0.414036    -0.891222
-0.413558    -0.889277
-0.413082    -0.88733
-0.412609    -0.88538
-0.412139    -0.883428
-0.411671    -0.881473
-0.411205    -0.879516
-0.410742    -0.877556
-0.410281    -0.875594
-0.409823    -0.87363
-0.409367    -0.871663
-0.408913    -0.869694
-0.408462    -0.867723
-0.408013    -0.865749
-0.407567    -0.863773
-0.407123    -0.861794
-0.406681    -0.859813
-0.406241    -0.85783
-0.405804    -0.855844
-0.40537    -0.853856
-0.404937    -0.851866
-0.404507    -0.849873
-0.404079    -0.847878
-0.403654    -0.845881
-0.40323    -0.843881
-0.402809    -0.84188
-0.402391    -0.839875
-0.401974    -0.837869
-0.40156    -0.83586
-0.401148    -0.833849
-0.400738    -0.831836
-0.400331    -0.82982
-0.399925    -0.827802
-0.399522    -0.825782
-0.399121    -0.823759
-0.398723    -0.821735
-0.398326    -0.819708
-0.397932    -0.817679
-0.397539    -0.815647
-0.397149    -0.813614
-0.396761    -0.811578
-0.396376    -0.80954
-0.395992    -0.807499
-0.39561    -0.805457
-0.395231    -0.803412
-0.394853    -0.801365
-0.394478    -0.799316
-0.394105    -0.797265
-0.393734    -0.795211
-0.393365    -0.793156
-0.392998    -0.791098
-0.392633    -0.789038
-0.39227    -0.786976
-0.391909    -0.784911
-0.39155    -0.782845
-0.391193    -0.780776
-0.390838    -0.778706
-0.390485    -0.776633
-0.390134    -0.774558
-0.389785    -0.772481
-0.389438    -0.770401
-0.389093    -0.76832
-0.38875    -0.766237
-0.388409    -0.764151
-0.38807    -0.762064
-0.387732    -0.759974
-0.387397    -0.757882
-0.387064    -0.755788
-0.386732    -0.753692
-0.386402    -0.751594
-0.386074    -0.749494
-0.385748    -0.747392
-0.385424    -0.745288
-0.385102    -0.743181
-0.384781    -0.741073
-0.384463    -0.738963
-0.384146    -0.736851
-0.383831    -0.734736
-0.383518    -0.73262
-0.383206    -0.730501
-0.382896    -0.728381
-0.382589    -0.726259
-0.382282    -0.724134
-0.381978    -0.722008
-0.381675    -0.71988
-0.381374    -0.717749
-0.381075    -0.715617
-0.380778    -0.713483
-0.380482    -0.711346
-0.380188    -0.709208
-0.379896    -0.707068
-0.379605    -0.704926
-0.379316    -0.702782
-0.379029    -0.700636
-0.378743    -0.698488
-0.378459    -0.696338
-0.378176    -0.694186
-0.377896    -0.692033
-0.377616    -0.689877
-0.377339    -0.68772
-0.377063    -0.68556
-0.376788    -0.683399
-0.376515    -0.681236
-0.376244    -0.679071
-0.375974    -0.676904
-0.375706    -0.674735
-0.37544    -0.672565
-0.375174    -0.670392
-0.374911    -0.668218
-0.374649    -0.666042
-0.374388    -0.663864
-0.374129    -0.661684
-0.373872    -0.659502
-0.373615    -0.657319
-0.373361    -0.655133
-0.373108    -0.652946
-0.372856    -0.650757
-0.372605    -0.648567
-0.372356    -0.646374
-0.372109    -0.64418
-0.371863    -0.641984
-0.371618    -0.639786
-0.371375    -0.637586
-0.371133    -0.635385
-0.370892    -0.633182
-0.370653    -0.630977
-0.370415    -0.62877
-0.370179    -0.626562
-0.369944    -0.624352
-0.36971    -0.62214
-0.369477    -0.619926
-0.369246    -0.617711
-0.369016    -0.615494
-0.368787    -0.613275
-0.36856    -0.611055
-0.368334    -0.608833
-0.368109    -0.606609
-0.367885    -0.604383
-0.367663    -0.602156
-0.367442    -0.599927
-0.367222    -0.597697
-0.367003    -0.595465
-0.366785    -0.593231
-0.366569    -0.590995
-0.366354    -0.588758
-0.36614    -0.586519
-0.365927    -0.584279
-0.365715    -0.582037
-0.365504    -0.579793
-0.365295    -0.577548
-0.365087    -0.575301
-0.364879    -0.573053
-0.364673    -0.570803
-0.364468    -0.568551
-0.364264    -0.566298
-0.364061    -0.564043
-0.363859    -0.561787
-0.363659    -0.559529
-0.363459    -0.557269
-0.36326    -0.555008
-0.363063    -0.552746
-0.362866    -0.550482
-0.36267    -0.548216
-0.362476    -0.545949
-0.362282    -0.54368
-0.362089    -0.54141
-0.361897    -0.539138
-0.361707    -0.536865
-0.361517    -0.53459
-0.361328    -0.532314
-0.36114    -0.530036
-0.360953    -0.527757
-0.360767    -0.525476
-0.360581    -0.523194
-0.360397    -0.520911
-0.360213    -0.518626
-0.360031    -0.516339
-0.359849    -0.514051
-0.359668    -0.511762
-0.359488    -0.509471
-0.359309    -0.507179
-0.35913    -0.504885
-0.358952    -0.50259
-0.358776    -0.500294
-0.3586    -0.497996
-0.358424    -0.495696
-0.35825    -0.493396
-0.358076    -0.491094
-0.357903    -0.48879
-0.357731    -0.486486
-0.357559    -0.48418
-0.357388    -0.481872
-0.357218    -0.479563
-0.357049    -0.477253
-0.35688    -0.474942
-0.356712    -0.472629
-0.356545    -0.470315
-0.356378    -0.467999
-0.356212    -0.465682
-0.356047    -0.463364
-0.355882    -0.461045
-0.355718    -0.458724
-0.355554    -0.456402
-0.355391    -0.454079
-0.355229    -0.451755
-0.355067    -0.449429
-0.354906    -0.447102
-0.354745    -0.444774
-0.354585    -0.442444
-0.354426    -0.440114
-0.354267    -0.437782
-0.354108    -0.435449
-0.35395    -0.433114
-0.353793    -0.430779
-0.353636    -0.428442
-0.35348    -0.426104
-0.353324    -0.423765
-0.353168    -0.421424
-0.353013    -0.419083
-0.352858    -0.41674
-0.352704    -0.414396
-0.35255    -0.412051
-0.352397    -0.409705
-0.352244    -0.407358
-0.352092    -0.405009
-0.351939    -0.40266
-0.351788    -0.400309
-0.351636    -0.397957
-0.351485    -0.395604
-0.351335    -0.39325
-0.351184    -0.390895
-0.351034    -0.388539
-0.350884    -0.386181
-0.350735    -0.383823
-0.350586    -0.381464
-0.350437    -0.379103
-0.350289    -0.376742
-0.35014    -0.374379
-0.349992    -0.372015
-0.349845    -0.369651
-0.349697    -0.367285
-0.34955    -0.364918
-0.349403    -0.362551
-0.349256    -0.360182
-0.349109    -0.357812
-0.348963    -0.355441
-0.348817    -0.35307
-0.34867    -0.350697
-0.348524    -0.348323
-0.348379    -0.345949
-0.348233    -0.343573
-0.348088    -0.341197
-0.347942    -0.338819
-0.347797    -0.336441
-0.347652    -0.334062
-0.347507    -0.331681
-0.347362    -0.3293
-0.347217    -0.326918
-0.347072    -0.324535
-0.346927    -0.322152
-0.346782    -0.319767
-0.346637    -0.317381
-0.346493    -0.314995
-0.346348    -0.312607
-0.346203    -0.310219
-0.346059    -0.30783
-0.345914    -0.30544
-0.345769    -0.30305
-0.345624    -0.300658
-0.34548    -0.298266
-0.345335    -0.295873
-0.34519    -0.293479
-0.345045    -0.291084
-0.3449    -0.288689
-0.344754    -0.286292
-0.344609    -0.283895
-0.344464    -0.281497
-0.344318    -0.279099
-0.344173    -0.276699
-0.344027    -0.274299
-0.343881    -0.271899
-0.343735    -0.269497
-0.343588    -0.267095
-0.343442    -0.264692
-0.343295    -0.262288
-0.343149    -0.259884
-0.343001    -0.257479
-0.342854    -0.255073
-0.342707    -0.252666
-0.342559    -0.250259
-0.342411    -0.247851
-0.342263    -0.245443
-0.342114    -0.243034
-0.341965    -0.240624
-0.341816    -0.238214
-0.341667    -0.235803
-0.341517    -0.233391
-0.341367    -0.230979
-0.341217    -0.228566
-0.341066    -0.226153
-0.340915    -0.223739
-0.340764    -0.221324
-0.340612    -0.218909
-0.34046    -0.216494
-0.340308    -0.214077
-0.340155    -0.211661
-0.340001    -0.209243
-0.339848    -0.206825
-0.339694    -0.204407
-0.339539    -0.201988
-0.339384    -0.199569
-0.339229    -0.197149
-0.339073    -0.194729
-0.338916    -0.192308
-0.33876    -0.189886
-0.338602    -0.187465
-0.338444    -0.185042
-0.338286    -0.18262
-0.338127    -0.180196
-0.337968    -0.177773
-0.337808    -0.175349
-0.337647    -0.172924
-0.337486    -0.170499
-0.337325    -0.168074
-0.337163    -0.165648
-0.337    -0.163222
-0.336837    -0.160796
-0.336673    -0.158369
-0.336508    -0.155942
-0.336343    -0.153514
-0.336177    -0.151087
-0.336011    -0.148658
-0.335844    -0.14623
-0.335676    -0.143801
-0.335507    -0.141372
-0.335338    -0.138942
-0.335168    -0.136512
-0.334998    -0.134082
-0.334827    -0.131652
-0.334655    -0.129221
-0.334482    -0.12679
-0.334309    -0.124359
-0.334135    -0.121927
-0.33396    -0.119496
-0.333784    -0.117064
-0.333608    -0.114632
-0.33343    -0.112199
-0.333252    -0.109767
-0.333074    -0.107334
-0.332894    -0.104901
-0.332714    -0.102468
-0.332532    -0.100034
-0.33235    -0.0976006
-0.332167    -0.0951668
-0.331984    -0.0927329
-0.331799    -0.0902989
-0.331613    -0.0878647
-0.331427    -0.0854304
-0.33124    -0.082996
-0.331051    -0.0805615
-0.330862    -0.0781268
-0.330672    -0.0756921
-0.330481    -0.0732572
-0.330289    -0.0708223
-0.330096    -0.0683873
-0.329903    -0.0659522
-0.329708    -0.0635171
-0.329512    -0.0610819
-0.329315    -0.0586467
-0.329117    -0.0562115
-0.328919    -0.0537762
-0.328719    -0.0513409
-0.328518    -0.0489056
-0.328316    -0.0464703
-0.328113    -0.044035
-0.32791    -0.0415997
-0.327705    -0.0391645
-0.327499    -0.0367292
-0.327291    -0.0342941
-0.327083    -0.0318589
-0.326874    -0.0294238
-0.326663    -0.0269888
-0.326452    -0.0245539
-0.326239    -0.0221191
-0.326026    -0.0196843
-0.325811    -0.0172496
-0.325595    -0.0148151
-0.325377    -0.0123806
-0.325159    -0.00994632
-0.324939    -0.00751213
-0.324719    -0.00507809
-0.324497    -0.0026442
-0.324274    -0.000210463
-0.324049    0.00222311
-0.323824    0.0046565
-0.323597    0.00708972
-0.323369    0.00952274
-0.32314    0.0119556
-0.322909    0.0143882
-0.322677    0.0168206
-0.322444    0.0192527
-0.32221    0.0216847
-0.321974    0.0241164
-0.321737    0.0265478
-0.321499    0.028979
-0.321259    0.03141
-0.321018    0.0338406
-0.320776    0.036271
-0.320532    0.038701
-0.320288    0.0411308
-0.320041    0.0435603
-0.319794    0.0459894
-0.319544    0.0484183
-0.319294    0.0508468
-0.319042    0.0532749
-0.318789    0.0557027
-0.318534    0.0581301
-0.318278    0.0605572
-0.318021    0.0629839
-0.317762    0.0654102
-0.317501    0.0678361
-0.31724    0.0702616
-0.316976    0.0726867
-0.316711    0.0751114
-0.316445    0.0775357
-0.316177    0.0799595
-0.315908    0.0823829
-0.315637    0.0848058
-0.315365    0.0872282
-0.315091    0.0896502
-0.314816    0.0920718
-0.314539    0.0944928
-0.314261    0.0969133
-0.313981    0.0993334
-0.313699    0.101753
-0.313416    0.104172
-0.313131    0.10659
-0.312845    0.109008
-0.312557    0.111426
-0.312267    0.113842
-0.311976    0.116259
-0.311684    0.118674
-0.311389    0.12109
-0.311093    0.123504
-0.310795    0.125918
-0.310496    0.128331
-0.310195    0.130744
-0.309892    0.133156
-0.309588    0.135568
-0.309282    0.137978
-0.308974    0.140389
-0.308665    0.142798
-0.308354    0.145207
-0.308041    0.147615
-0.307726    0.150023
-0.30741    0.152429
-0.307092    0.154836
-0.306772    0.157241
-0.30645    0.159646
-0.306127    0.16205
-0.305801    0.164453
-0.305474    0.166855
-0.305146    0.169257
-0.304815    0.171658
-0.304483    0.174058
-0.304148    0.176458
-0.303812    0.178856
-0.303474    0.181254
-0.303135    0.183651
-0.302793    0.186047
-0.30245    0.188443
-0.302104    0.190837
-0.301757    0.193231
-0.301408    0.195624
-0.301057    0.198016
-0.300704    0.200407
-0.300349    0.202798
-0.299993    0.205187
-0.299634    0.207576
-0.299274    0.209963
-0.298911    0.21235
-0.298547    0.214736
-0.29818    0.217121
-0.297812    0.219505
-0.297442    0.221888
-0.297069    0.22427
-0.296695    0.226651
-0.296319    0.229032
-0.295941    0.231411
-0.29556    0.233789
-0.295178    0.236166
-0.294794    0.238543
-0.294407    0.240918
-0.294019    0.243292
-0.293629    0.245665
-0.293236    0.248038
-0.292841    0.250409
-0.292445    0.252779
-0.292046    0.255148
-0.291645    0.257516
-0.291243    0.259883
-0.290838    0.262249
-0.290431    0.264613
-0.290021    0.266977
-0.28961    0.26934
-0.289197    0.271701
-0.288781    0.274061
-0.288363    0.27642
-0.287944    0.278779
-0.287522    0.281135
-0.287097    0.283491
-0.286671    0.285846
-0.286242    0.288199
-0.285812    0.290551
-0.285379    0.292902
-0.284944    0.295252
-0.284506    0.297601
-0.284067    0.299948
-0.283625    0.302294
-0.283181    0.304639
-0.282735    0.306983
-0.282287    0.309325
-0.281836    0.311666
-0.281383    0.314006
-0.280928    0.316345
-0.28047    0.318682
-0.28001    0.321018
-0.279548    0.323353
-0.279084    0.325686
-0.278617    0.328018
-0.278148    0.330349
-0.277677    0.332679
-0.277204    0.335007
-0.276728    0.337333
-0.276249    0.339659
-0.275769    0.341983
-0.275286    0.344305
-0.274801    0.346627
-0.274313    0.348946
-0.273823    0.351265
-0.273331    0.353582
-0.272836    0.355898
-0.272339    0.358212
-0.271839    0.360524
-0.271337    0.362836
-0.270833    0.365146
-0.270326    0.367454
-0.269817    0.369761
-0.269305    0.372066
-0.268791    0.37437
-0.268275    0.376673
-0.267756    0.378974
-0.267234    0.381273
-0.266711    0.383571
-0.266184    0.385867
-0.265655    0.388162
-0.265124    0.390456
-0.26459    0.392747
-0.264054    0.395037
-0.263515    0.397326
-0.262974    0.399613
-0.26243    0.401898
-0.261884    0.404182
-0.261335    0.406465
-0.260784    0.408745
-0.26023    0.411024
-0.259674    0.413302
-0.259115    0.415577
-0.258553    0.417851
-0.257989    0.420124
-0.257422    0.422395
-0.256853    0.424664
-0.256281    0.426931
-0.255707    0.429197
-0.25513    0.431461
-0.25455    0.433723
-0.253968    0.435984
-0.253383    0.438243
-0.252796    0.4405
-0.252206    0.442755
-0.251613    0.445009
-0.251018    0.447261
-0.25042    0.449511
-0.249819    0.451759
-0.249216    0.454006
-0.24861    0.456251
-0.248001    0.458494
-0.24739    0.460735
-0.246776    0.462974
-0.24616    0.465212
-0.24554    0.467447
-0.244918    0.469681
-0.244294    0.471913
-0.243666    0.474144
-0.243036    0.476372
-0.242403    0.478598
-0.241768    0.480823
-0.241129    0.483046
-0.240488    0.485266
