-0.249136    0.455029
-0.248529    0.457273
-0.247919    0.459515
-0.247307    0.461756
-0.246691    0.463994
-0.246073    0.466231
-0.245453    0.468466
-0.244829    0.470699
-0.244203    0.47293
-0.243574    0.475159
-0.242943    0.477387
-0.242309    0.479612
-0.241672    0.481836
-0.241032    0.484058
-0.240389    0.486278
-0.239744    0.488496
-0.239096    0.490712
-0.238446    0.492926
-0.237792    0.495138
-0.237136    0.497348
-0.236477    0.499557
-0.235815    0.501763
-0.235151    0.503967
-0.234484    0.50617
-0.233814    0.50837
-0.233141    0.510569
-0.232465    0.512765
-0.231786    0.514959
-0.231105    0.517152
-0.230421    0.519342
-0.229734    0.52153
-0.229044    0.523717
-0.228352    0.525901
-0.227656    0.528083
-0.226958    0.530263
-0.226257    0.532441
-0.225553    0.534617
-0.224846    0.536791
-0.224136    0.538963
-0.223423    0.541133
-0.222708    0.5433
-0.22199    0.545465
-0.221268    0.547629
-0.220544    0.54979
-0.219817    0.551949
-0.219087    0.554106
-0.218354    0.55626
-0.217619    0.558413
-0.21688    0.560563
-0.216138    0.562711
-0.215394    0.564857
-0.214646    0.567001
-0.213896    0.569142
-0.213143    0.571281
-0.212386    0.573418
-0.211627    0.575553
-0.210865    0.577686
-0.2101    0.579816
-0.209332    0.581944
-0.208561    0.58407
-0.207786    0.586193
-0.207009    0.588314
-0.206229    0.590433
-0.205446    0.59255
-0.20466    0.594664
-0.203871    0.596776
-0.203079    0.598885
-0.202284    0.600992
-0.201486    0.603097
-0.200685    0.6052
-0.199881    0.6073
-0.199074    0.609398
-0.198264    0.611493
-0.197451    0.613586
-0.196635    0.615676
-0.195816    0.617765
-0.194993    0.61985
-0.194168    0.621934
-0.19334    0.624015
-0.192508    0.626093
-0.191674    0.628169
-0.190836    0.630243
-0.189996    0.632314
-0.189152    0.634382
-0.188305    0.636448
-0.187456    0.638512
-0.186603    0.640573
-0.185747    0.642632
-0.184888    0.644688
-0.184025    0.646741
-0.18316    0.648792
-0.182292    0.650841
-0.18142    0.652887
-0.180545    0.65493
-0.179668    0.656971
-0.178787    0.659009
-0.177903    0.661045
-0.177016    0.663078
-0.176125    0.665108
-0.175232    0.667136
-0.174335    0.669162
-0.173436    0.671184
-0.172533    0.673204
-0.171627    0.675221
-0.170718    0.677236
-0.169805    0.679248
-0.16889    0.681257
-0.167971    0.683264
-0.16705    0.685268
-0.166125    0.687269
-0.165196    0.689268
-0.164265    0.691264
-0.163331    0.693257
-0.162393    0.695248
-0.161452    0.697235
-0.160508    0.69922
-0.159561    0.701202
-0.15861    0.703182
-0.157656    0.705159
-0.1567    0.707133
-0.155739    0.709104
-0.154776    0.711072
-0.15381    0.713038
-0.15284    0.715
-0.151867    0.71696
-0.150891    0.718917
-0.149911    0.720871
-0.148929    0.722823
-0.147943    0.724771
-0.146954    0.726717
-0.145961    0.72866
-0.144966    0.7306
-0.143967    0.732537
-0.142965    0.734471
-0.141959    0.736402
-0.140951    0.738331
-0.139939    0.740256
-0.138924    0.742179
-0.137905    0.744098
-0.136884    0.746015
-0.135859    0.747928
-0.134831    0.749839
-0.133799    0.751747
-0.132764    0.753652
-0.131726    0.755553
-0.130685    0.757452
-0.129641    0.759348
-0.128593    0.761241
-0.127542    0.76313
-0.126487    0.765017
-0.125429    0.766901
-0.124368    0.768781
-0.123304    0.770659
-0.122236    0.772533
-0.121165    0.774405
-0.120091    0.776273
-0.119014    0.778138
-0.117933    0.780001
-0.116849    0.78186
-0.115761    0.783716
-0.11467    0.785568
-0.113576    0.787418
-0.112479    0.789265
-0.111378    0.791108
-0.110274    0.792948
-0.109167    0.794785
-0.108056    0.796619
-0.106942    0.79845
-0.105825    0.800277
-0.104704    0.802102
-0.10358    0.803923
-0.102452    0.805741
-0.101322    0.807555
-0.100188    0.809367
-0.0990502    0.811175
-0.0979095    0.81298
-0.0967654    0.814781
-0.095618    0.81658
-0.0944672    0.818375
-0.0933131    0.820167
-0.0921556    0.821955
-0.0909947    0.823741
-0.0898305    0.825523
-0.088663    0.827301
-0.0874921    0.829076
-0.0863178    0.830848
-0.0851402    0.832617
-0.0839593    0.834382
-0.0827749    0.836144
-0.0815872    0.837902
-0.0803961    0.839658
-0.0792017    0.841409
-0.0780039    0.843158
-0.0768028    0.844903
-0.0755982    0.846644
-0.0743903    0.848382
-0.073179    0.850117
-0.0719644    0.851848
-0.0707464    0.853576
-0.069525    0.8553
-0.0683002    0.857021
-0.0670721    0.858738
-0.0658406    0.860452
-0.0646057    0.862162
-0.0633674    0.863869
-0.0621258    0.865573
-0.0608808    0.867272
-0.0596324    0.868969
-0.0583806    0.870661
-0.0571254    0.872351
-0.0558669    0.874036
-0.0546049    0.875718
-0.0533396    0.877397
-0.0520709    0.879072
-0.0507989    0.880743
-0.0495234    0.882411
-0.0482446    0.884075
-0.0469624    0.885736
-0.0456767    0.887392
-0.0443878    0.889046
-0.0430954    0.890695
-0.0417996    0.892341
-0.0405005    0.893984
-0.039198    0.895622
-0.037892    0.897257
-0.0365827    0.898888
-0.0352701    0.900516
-0.033954    0.90214
-0.0326345    0.90376
-0.0313117    0.905376
-0.0299855    0.906989
-0.0286559    0.908598
-0.0273229    0.910203
-0.0259865    0.911805
-0.0246467    0.913402
-0.0233036    0.914996
-0.0219571    0.916587
-0.0206072    0.918173
-0.0192539    0.919755
-0.0178972    0.921334
-0.0165372    0.922909
-0.0151737    0.92448
-0.0138069    0.926047
-0.0124367    0.927611
-0.0110632    0.92917
-0.00968621    0.930726
-0.00830588    0.932278
-0.00692218    0.933826
-0.0055351    0.93537
-0.00414465    0.93691
-0.00275082    0.938446
-0.00135362    0.939978
4.69478e-05    0.941507
0.00145089    0.943031
0.0028582    0.944552
0.00426889    0.946068
0.00568294    0.947581
0.00710035    0.949089
0.00852114    0.950594
0.00994529    0.952095
0.0113728    0.953591
0.0128037    0.955084
0.0142379    0.956572
0.0156755    0.958057
0.0171165    0.959538
0.0185608    0.961014
0.0200084    0.962487
0.0214594    0.963955
0.0229138    0.965419
0.0243715    0.96688
0.0258326    0.968336
0.027297    0.969788
0.0287648    0.971236
0.0302359    0.97268
0.0317103    0.974119
0.0331881    0.975555
0.0346692    0.976986
0.0361537    0.978414
0.0376415    0.979837
0.0391326    0.981256
0.0406271    0.982671
0.0421249    0.984081
0.043626    0.985488
0.0451304    0.98689
0.0466382    0.988288
0.0481493    0.989682
0.0496637    0.991071
0.0511814    0.992456
0.0527024    0.993838
0.0542267    0.995214
0.0557544    0.996587
0.0572853    0.997955
0.0588196    0.999319
0.0603571    1.00068
0.061898    1.00203
0.0634421    1.00339
0.0649896    1.00473
0.0665403    1.00607
0.0680943    1.00741
0.0696516    1.00875
0.0712122    1.01008
0.0727761    1.0114
0.0743432    1.01272
0.0759136    1.01404
0.0774873    1.01535
0.0790643    1.01666
0.0806445    1.01796
0.082228    1.01926
0.0838147    1.02055
0.0854047    1.02184
0.0869979    1.02313
0.0885944    1.02441
0.0901941    1.02569
0.0917971    1.02696
0.0934033    1.02822
0.0950128    1.02949
0.0966255    1.03075
0.0982414    1.032
0.0998605    1.03325
0.101483    1.03449
0.103108    1.03573
0.104737    1.03697
0.106369    1.0382
0.108004    1.03943
0.109643    1.04065
0.111284    1.04187
0.112929    1.04308
0.114577    1.04429
0.116228    1.04549
0.117883    1.04669
0.11954    1.04789
0.121201    1.04908
0.122865    1.05026
0.124532    1.05144
0.126202    1.05262
0.127875    1.05379
0.129552    1.05496
0.131231    1.05612
0.132914    1.05727
0.1346    1.05843
0.136289    1.05958
0.137981    1.06072
0.139677    1.06186
0.141375    1.06299
0.143077    1.06412
0.144781    1.06524
0.146489    1.06636
0.1482    1.06748
0.149914    1.06859
0.151631    1.06969
0.153351    1.07079
0.155074    1.07189
0.156801    1.07298
0.15853    1.07406
0.160263    1.07514
0.161998    1.07622
0.163737    1.07729
0.165478    1.07836
0.167223    1.07942
0.168971    1.08047
0.170721    1.08153
0.172475    1.08257
0.174232    1.08361
0.175992    1.08465
0.177755    1.08568
0.17952    1.08671
0.181289    1.08773
0.183061    1.08875
0.184836    1.08976
0.186614    1.09077
0.188394    1.09177
0.190178    1.09277
0.191965    1.09376
0.193755    1.09475
0.195547    1.09573
0.197343    1.09671
0.199141    1.09768
0.200943    1.09865
0.202747    1.09961
0.204554    1.10056
0.206365    1.10152
0.208178    1.10246
0.209994    1.1034
0.211813    1.10434
0.213634    1.10527
0.215459    1.1062
0.217287    1.10712
0.219117    1.10804
0.220951    1.10895
0.222787    1.10985
0.224626    1.11075
0.226468    1.11165
0.228312    1.11254
0.23016    1.11342
0.23201    1.1143
0.233863    1.11518
0.235719    1.11605
0.237578    1.11691
0.23944    1.11777
0.241304    1.11863
0.243171    1.11948
0.245041    1.12032
0.246914    1.12116
0.248789    1.12199
0.250667    1.12282
0.252548    1.12364
0.254432    1.12446
0.256318    1.12527
0.258207    1.12607
0.260099    1.12688
0.261994    1.12767
0.263891    1.12846
0.265791    1.12925
0.267694    1.13003
0.269599    1.1308
0.271507    1.13157
0.273417    1.13233
0.275331    1.13309
0.277246    1.13385
0.279165    1.13459
0.281086    1.13534
0.28301    1.13607
0.284936    1.1368
0.286865    1.13753
0.288797    1.13825
0.290731    1.13896
0.292668    1.13967
0.294607    1.14038
0.296549    1.14108
0.298493    1.14177
0.30044    1.14246
0.30239    1.14314
0.304342    1.14382
0.306296    1.14449
0.308253    1.14515
0.310212    1.14581
0.312174    1.14647
0.314139    1.14712
0.316106    1.14776
0.318075    1.1484
0.320047    1.14903
0.322021    1.14966
0.323998    1.15028
0.325977    1.15089
0.327959    1.1515
0.329943    1.15211
0.331929    1.15271
0.333918    1.1533
0.335909    1.15389
0.337902    1.15447
0.339898    1.15505
0.341896    1.15562
0.343897    1.15618
0.3459    1.15674
0.347905    1.15729
0.349912    1.15784
0.351922    1.15838
0.353934    1.15892
0.355949    1.15945
0.357965    1.15998
0.359984    1.1605
0.362005    1.16101
0.364028    1.16152
0.366054    1.16202
0.368082    1.16252
0.370112    1.16301
0.372144    1.16349
0.374178    1.16397
0.376215    1.16444
0.378254    1.16491
0.380295    1.16537
0.382338    1.16583
0.384383    1.16628
0.38643    1.16673
0.388479    1.16716
0.390531    1.1676
0.392584    1.16802
0.39464    1.16844
0.396698    1.16886
0.398758    1.16927
0.400819    1.16967
0.402883    1.17007
0.404949    1.17046
0.407017    1.17085
0.409087    1.17123
0.411159    1.1716
0.413233    1.17197
0.415309    1.17233
0.417386    1.17269
0.419466    1.17304
0.421548    1.17338
0.423632    1.17372
0.425717    1.17406
0.427805    1.17438
0.429894    1.1747
0.431985    1.17502
0.434078    1.17533
0.436173    1.17563
0.43827    1.17593
0.440368    1.17622
0.442469    1.1765
0.444571    1.17678
0.446675    1.17706
0.448781    1.17732
0.450888    1.17758
0.452998    1.17784
0.455109    1.17809
0.457221    1.17833
0.459336    1.17857
0.461452    1.1788
0.46357    1.17902
0.46569    1.17924
0.467811    1.17945
0.469934    1.17966
0.472058    1.17986
0.474185    1.18006
0.476313    1.18024
0.478442    1.18043
0.480573    1.1806
0.482706    1.18077
0.48484    1.18094
0.486976    1.18109
0.489113    1.18125
0.491252    1.18139
0.493392    1.18153
0.495534    1.18166
0.497677    1.18179
0.499822    1.18191
0.501969    1.18203
0.504116    1.18214
0.506266    1.18224
0.508416    1.18233
0.510568    1.18242
0.512722    1.18251
0.514877    1.18259
0.517033    1.18266
0.519191    1.18272
0.52135    1.18278
0.52351    1.18284
0.525671    1.18288
0.527834    1.18292
0.529999    1.18296
0.532164    1.18299
0.534331    1.18301
0.536499    1.18302
0.538668    1.18303
0.540839    1.18304
0.54301    1.18303
0.545183    1.18303
0.547357    1.18301
0.549533    1.18299
0.551709    1.18296
0.553887    1.18293
0.556066    1.18289
0.558245    1.18284
0.560426    1.18279
