-1.00423    -0.83784
-1.00443    -0.835625
-1.00463    -0.833409
-1.00482    -0.831191
-1.00502    -0.828971
-1.00522    -0.82675
-1.00542    -0.824526
-1.00562    -0.822302
-1.00583    -0.820075
-1.00603    -0.817848
-1.00623    -0.815618
-1.00643    -0.813387
-1.00663    -0.811154
-1.00684    -0.80892
-1.00704    -0.806684
-1.00724    -0.804446
-1.00745    -0.802207
-1.00765    -0.799966
-1.00785    -0.797724
-1.00806    -0.79548
-1.00826    -0.793235
-1.00847    -0.790987
-1.00867    -0.788739
-1.00888    -0.786489
-1.00908    -0.784237
-1.00929    -0.781984
-1.00949    -0.779729
-1.0097    -0.777472
-1.0099    -0.775214
-1.01011    -0.772955
-1.01032    -0.770694
-1.01052    -0.768431
-1.01073    -0.766167
-1.01094    -0.763902
-1.01114    -0.761634
-1.01135    -0.759366
-1.01156    -0.757096
-1.01176    -0.754824
-1.01197    -0.752551
-1.01218    -0.750276
-1.01238    -0.748
-1.01259    -0.745722
-1.0128    -0.743443
-1.013    -0.741163
-1.01321    -0.73888
-1.01342    -0.736597
-1.01362    -0.734312
-1.01383    -0.732025
-1.01404    -0.729737
-1.01424    -0.727448
-1.01445    -0.725157
-1.01466    -0.722865
-1.01486    -0.720571
-1.01507    -0.718276
-1.01527    -0.715979
-1.01548    -0.713681
-1.01568    -0.711381
-1.01589    -0.709081
-1.0161    -0.706778
-1.0163    -0.704474
-1.01651    -0.702169
-1.01671    -0.699863
-1.01691    -0.697555
-1.01712    -0.695245
-1.01732    -0.692935
-1.01753    -0.690622
-1.01773    -0.688309
-1.01793    -0.685994
-1.01814    -0.683678
-1.01834    -0.68136
-1.01854    -0.679041
-1.01874    -0.676721
-1.01894    -0.674399
-1.01915    -0.672076
-1.01935    -0.669751
-1.01955    -0.667426
-1.01975    -0.665098
-1.01995    -0.66277
-1.02015    -0.66044
-1.02035    -0.658109
-1.02054    -0.655777
-1.02074    -0.653443
-1.02094    -0.651108
-1.02114    -0.648771
-1.02134    -0.646434
-1.02153    -0.644095
-1.02173    -0.641755
-1.02192    -0.639413
-1.02212    -0.63707
-1.02231    -0.634726
-1.02251    -0.632381
-1.0227    -0.630034
-1.02289    -0.627686
-1.02309    -0.625337
-1.02328    -0.622986
-1.02347    -0.620635
-1.02366    -0.618282
-1.02385    -0.615928
-1.02404    -0.613572
-1.02423    -0.611216
-1.02442    -0.608858
-1.02461    -0.606499
-1.02479    -0.604138
-1.02498    -0.601777
-1.02516    -0.599414
-1.02535    -0.59705
-1.02553    -0.594685
-1.02572    -0.592319
-1.0259    -0.589951
-1.02608    -0.587583
-1.02627    -0.585213
-1.02645    -0.582842
-1.02663    -0.580469
-1.02681    -0.578096
-1.02699    -0.575721
-1.02716    -0.573346
-1.02734    -0.570969
-1.02752    -0.568591
-1.02769    -0.566212
-1.02787    -0.563832
-1.02804    -0.56145
-1.02821    -0.559068
-1.02839    -0.556684
-1.02856    -0.554299
-1.02873    -0.551913
-1.0289    -0.549526
-1.02907    -0.547138
-1.02924    -0.544749
-1.0294    -0.542359
-1.02957    -0.539968
-1.02973    -0.537575
-1.0299    -0.535182
-1.03006    -0.532787
-1.03022    -0.530392
-1.03039    -0.527995
-1.03055    -0.525597
-1.03071    -0.523199
-1.03086    -0.520799
-1.03102    -0.518398
-1.03118    -0.515996
-1.03133    -0.513593
-1.03149    -0.511189
-1.03164    -0.508784
-1.03179    -0.506378
-1.03194    -0.503971
-1.03209    -0.501563
-1.03224    -0.499155
-1.03239    -0.496745
-1.03254    -0.494334
-1.03269    -0.491922
-1.03283    -0.489509
-1.03297    -0.487095
-1.03312    -0.48468
-1.03326    -0.482265
-1.0334    -0.479848
-1.03354    -0.47743
-1.03367    -0.475012
-1.03381    -0.472592
-1.03395    -0.470172
-1.03408    -0.46775
-1.03421    -0.465328
-1.03435    -0.462905
-1.03448    -0.460481
-1.03461    -0.458056
-1.03473    -0.45563
-1.03486    -0.453203
-1.03499    -0.450775
-1.03511    -0.448347
-1.03523    -0.445917
-1.03536    -0.443487
-1.03548    -0.441056
-1.03559    -0.438624
-1.03571    -0.436191
-1.03583    -0.433757
-1.03594    -0.431323
-1.03606    -0.428887
-1.03617    -0.426451
-1.03628    -0.424014
-1.03639    -0.421576
-1.0365    -0.419138
-1.0366    -0.416698
-1.03671    -0.414258
-1.03681    -0.411817
-1.03692    -0.409375
-1.03702    -0.406932
-1.03712    -0.404489
-1.03721    -0.402045
-1.03731    -0.3996
-1.03741    -0.397154
-1.0375    -0.394708
-1.03759    -0.39226
-1.03768    -0.389812
-1.03777    -0.387364
-1.03786    -0.384914
-1.03795    -0.382464
-1.03803    -0.380013
-1.03811    -0.377562
-1.03819    -0.37511
-1.03827    -0.372657
-1.03835    -0.370203
-1.03843    -0.367749
-1.0385    -0.365294
-1.03858    -0.362838
-1.03865    -0.360382
-1.03872    -0.357925
-1.03879    -0.355467
-1.03885    -0.353009
-1.03892    -0.35055
-1.03898    -0.34809
-1.03904    -0.34563
-1.0391    -0.343169
-1.03916    -0.340707
-1.03922    -0.338245
-1.03927    -0.335783
-1.03933    -0.333319
-1.03938    -0.330855
-1.03943    -0.328391
-1.03948    -0.325926
-1.03952    -0.32346
-1.03957    -0.320994
-1.03961    -0.318527
-1.03965    -0.31606
-1.03969    -0.313592
-1.03973    -0.311124
-1.03976    -0.308655
-1.0398    -0.306185
-1.03983    -0.303715
-1.03986    -0.301245
-1.03989    -0.298774
-1.03991    -0.296302
-1.03994    -0.29383
-1.03996    -0.291358
-1.03998    -0.288885
-1.04    -0.286411
-1.04002    -0.283937
-1.04003    -0.281463
-1.04004    -0.278988
-1.04006    -0.276512
-1.04006    -0.274037
-1.04007    -0.27156
-1.04008    -0.269084
-1.04008    -0.266606
-1.04008    -0.264129
-1.04008    -0.261651
-1.04008    -0.259173
-1.04007    -0.256694
-1.04007    -0.254215
-1.04006    -0.251735
-1.04005    -0.249255
-1.04003    -0.246775
-1.04002    -0.244294
-1.04    -0.241813
-1.03998    -0.239332
-1.03996    -0.23685
-1.03994    -0.234368
-1.03991    -0.231886
-1.03989    -0.229403
-1.03986    -0.22692
-1.03983    -0.224437
-1.03979    -0.221953
-1.03976    -0.219469
-1.03972    -0.216985
-1.03968    -0.2145
-1.03964    -0.212016
-1.03959    -0.209531
-1.03955    -0.207045
-1.0395    -0.20456
-1.03945    -0.202074
-1.03939    -0.199588
-1.03934    -0.197101
-1.03928    -0.194615
-1.03922    -0.192128
-1.03916    -0.189641
-1.0391    -0.187154
-1.03903    -0.184666
-1.03896    -0.182179
-1.03889    -0.179691
-1.03882    -0.177203
-1.03874    -0.174715
-1.03866    -0.172227
-1.03858    -0.169738
-1.0385    -0.167249
-1.03842    -0.164761
-1.03833    -0.162272
-1.03824    -0.159783
-1.03815    -0.157294
-1.03805    -0.154804
-1.03796    -0.152315
-1.03786    -0.149825
-1.03776    -0.147336
-1.03765    -0.144846
-1.03755    -0.142356
-1.03744    -0.139866
-1.03733    -0.137377
-1.03722    -0.134887
-1.0371    -0.132397
-1.03698    -0.129907
-1.03686    -0.127416
-1.03674    -0.124926
-1.03661    -0.122436
-1.03649    -0.119946
-1.03636    -0.117456
-1.03622    -0.114966
-1.03609    -0.112475
-1.03595    -0.109985
-1.03581    -0.107495
-1.03567    -0.105005
-1.03552    -0.102515
-1.03538    -0.100025
-1.03523    -0.097535
-1.03507    -0.0950451
-1.03492    -0.0925552
-1.03476    -0.0900655
-1.0346    -0.0875758
-1.03444    -0.0850862
-1.03427    -0.0825967
-1.0341    -0.0801073
-1.03393    -0.077618
-1.03376    -0.0751288
-1.03358    -0.0726398
-1.03341    -0.0701509
-1.03323    -0.0676621
-1.03304    -0.0651735
-1.03286    -0.062685
-1.03267    -0.0601967
-1.03248    -0.0577086
-1.03228    -0.0552207
-1.03208    -0.0527329
-1.03189    -0.0502454
-1.03168    -0.047758
-1.03148    -0.0452709
-1.03127    -0.0427839
-1.03106    -0.0402972
-1.03085    -0.0378108
-1.03063    -0.0353245
-1.03041    -0.0328386
-1.03019    -0.0303529
-1.02997    -0.0278674
-1.02974    -0.0253822
-1.02951    -0.0228973
-1.02928    -0.0204127
-1.02905    -0.0179284
-1.02881    -0.0154444
-1.02857    -0.0129607
-1.02833    -0.0104774
-1.02808    -0.00799431
-1.02783    -0.0055116
-1.02758    -0.00302924
-1.02732    -0.000547227
-1.02707    0.00193442
-1.02681    0.00441571
-1.02655    0.00689661
-1.02628    0.00937714
-1.02601    0.0118573
-1.02574    0.014337
-1.02547    0.0168163
-1.02519    0.0192952
-1.02491    0.0217737
-1.02463    0.0242518
-1.02434    0.0267294
-1.02405    0.0292065
-1.02376    0.0316832
-1.02347    0.0341595
-1.02317    0.0366352
-1.02287    0.0391105
-1.02257    0.0415853
-1.02226    0.0440596
-1.02195    0.0465334
-1.02164    0.0490067
-1.02132    0.0514795
-1.02101    0.0539517
-1.02069    0.0564234
-1.02036    0.0588945
-1.02004    0.0613651
-1.01971    0.0638352
-1.01937    0.0663046
-1.01904    0.0687735
-1.0187    0.0712418
-1.01836    0.0737095
-1.01801    0.0761766
-1.01767    0.0786431
-1.01732    0.0811089
-1.01696    0.0835741
-1.0166    0.0860387
-1.01625    0.0885027
-1.01588    0.090966
-1.01552    0.0934286
-1.01515    0.0958906
-1.01478    0.0983518
-1.0144    0.100812
-1.01402    0.103272
-1.01364    0.105732
-1.01326    0.10819
-1.01287    0.110648
-1.01248    0.113105
-1.01209    0.115561
-1.01169    0.118017
-1.01129    0.120471
-1.01089    0.122925
-1.01048    0.125379
-1.01007    0.127831
-1.00966    0.130283
-1.00924    0.132734
-1.00882    0.135184
-1.0084    0.137633
-1.00798    0.140081
-1.00755    0.142529
-1.00712    0.144976
-1.00668    0.147422
-1.00625    0.149867
-1.00581    0.152311
-1.00536    0.154754
-1.00491    0.157197
-1.00446    0.159638
-1.00401    0.162079
-1.00355    0.164518
-1.00309    0.166957
-1.00263    0.169395
-1.00216    0.171832
-1.00169    0.174268
-1.00122    0.176703
-1.00074    0.179137
-1.00026    0.18157
-0.999781    0.184002
-0.999295    0.186433
-0.998806    0.188864
-0.998313    0.191293
-0.997817    0.193721
-0.997318    0.196148
-0.996815    0.198574
-0.99631    0.200999
-0.995801    0.203423
-0.995288    0.205846
-0.994772    0.208268
-0.994253    0.210688
-0.993731    0.213108
-0.993205    0.215527
-0.992676    0.217944
-0.992144    0.22036
-0.991608    0.222776
-0.991069    0.22519
-0.990527    0.227603
-0.989981    0.230014
-0.989432    0.232425
-0.988879    0.234834
-0.988323    0.237243
-0.987764    0.23965
-0.987202    0.242056
-0.986636    0.244461
-0.986066    0.246864
-0.985493    0.249266
-0.984917    0.251667
-0.984338    0.254067
-0.983755    0.256466
-0.983168    0.258863
-0.982579    0.261259
-0.981985    0.263654
-0.981389    0.266047
-0.980789    0.268439
-0.980185    0.27083
-0.979578    0.27322
-0.978968    0.275608
-0.978354    0.277995
-0.977737    0.28038
-0.977116    0.282765
-0.976492    0.285147
-0.975864    0.287529
-0.975233    0.289909
-0.974598    0.292288
-0.97396    0.294665
-0.973319    0.297041
-0.972674    0.299415
-0.972025    0.301788
-0.971373    0.30416
-0.970718    0.30653
-0.970059    0.308899
-0.969396    0.311266
-0.968731    0.313632
-0.968061    0.315996
-0.967388    0.318359
-0.966712    0.32072
-0.966032    0.32308
-0.965348    0.325439
-0.964661    0.327795
-0.96397    0.330151
-0.963276    0.332504
-0.962578    0.334856
-0.961877    0.337207
-0.961173    0.339556
-0.960464    0.341903
-0.959752    0.344249
-0.959037    0.346593
-0.958318    0.348936
-0.957595    0.351277
-0.956869    0.353616
-0.95614    0.355954
-0.955406    0.35829
-0.95467    0.360624
-0.953929    0.362957
-0.953185    0.365288
-0.952438    0.367618
-0.951687    0.369945
-0.950932    0.372271
-0.950174    0.374595
-0.949412    0.376918
-0.948646    0.379239
-0.947877    0.381558
-0.947104    0.383875
-0.946328    0.38619
-0.945548    0.388504
-0.944765    0.390816
-0.943977    0.393126
-0.943187    0.395435
-0.942392    0.397741
-0.941594    0.400046
-0.940793    0.402349
-0.939987    0.40465
-0.939178    0.406949
-0.938366    0.409246
-0.93755    0.411542
-0.93673    0.413835
-0.935906    0.416127
-0.935079    0.418417
-0.934249    0.420704
-0.933414    0.42299
-0.932576    0.425274
-0.931734    0.427556
-0.930889    0.429837
-0.93004    0.432115
-0.929187    0.434391
-0.928331    0.436665
-0.927471    0.438937
-0.926607    0.441207
-0.92574    0.443476
-0.924869    0.445742
-0.923994    0.448006
-0.923116    0.450268
-0.922234    0.452528
-0.921348    0.454786
-0.920459    0.457042
-0.919566    0.459296
-0.918669    0.461548
-0.917769    0.463797
-0.916864    0.466045
-0.915957    0.46829
-0.915045    0.470534
-0.91413    0.472775
-0.913211    0.475014
-0.912288    0.477251
-0.911362    0.479485
-0.910432    0.481718
-0.909498    0.483948
-0.908561    0.486176
-0.90762    0.488402
-0.906675    0.490626
-0.905727    0.492847
-0.904774    0.495067
-0.903818    0.497284
-0.902859    0.499498
-0.901895    0.501711
-0.900928    0.503921
-0.899957    0.506129
-0.898983    0.508335
-0.898005    0.510538
-0.897023    0.512739
-0.896037    0.514938
-0.895048    0.517134
-0.894055    0.519328
-0.893058    0.521519
-0.892057    0.523709
-0.891053    0.525896
-0.890045    0.52808
-0.889033    0.530262
-0.888018    0.532442
-0.886998    0.534619
-0.885976    0.536794
-0.884949    0.538966
-0.883919    0.541136
-0.882884    0.543304
-0.881847    0.545469
-0.880805    0.547631
-0.87976    0.549791
-0.878711    0.551949
-0.877658    0.554104
-0.876601    0.556256
-0.875541    0.558406
-0.874477    0.560553
-0.87341    0.562698
-0.872338    0.564841
-0.871263    0.56698
-0.870184    0.569118
-0.869101    0.571252
-0.868015    0.573384
-0.866925    0.575513
-0.865831    0.57764
-0.864734    0.579764
-0.863632    0.581886
-0.862527    0.584005
-0.861418    0.586121
-0.860306    0.588234
-0.85919    0.590345
-0.85807    0.592453
-0.856946    0.594558
-0.855819    0.596661
-0.854687    0.598761
-0.853552    0.600858
-0.852414    0.602953
-0.851271    0.605044
-0.850125    0.607133
-0.848975    0.609219
-0.847822    0.611303
-0.846665    0.613383
-0.845504    0.615461
-0.844339    0.617536
-0.84317    0.619608
-0.841998    0.621678
-0.840822    0.623744
-0.839642    0.625808
-0.838459    0.627868
-0.837272    0.629926
-0.836081    0.631981
-0.834886    0.634033
-0.833688    0.636082
-0.832486    0.638128
-0.83128    0.640172
-0.830071    0.642212
-0.828858    0.644249
-0.827641    0.646284
-0.82642    0.648315
-0.825196    0.650344
-0.823968    0.652369
-0.822736    0.654392
-0.821501    0.656411
-0.820262    0.658428
-0.819019    0.660441
-0.817772    0.662451
-0.816522    0.664459
-0.815268    0.666463
-0.81401    0.668464
-0.812749    0.670462
-0.811484    0.672457
-0.810215    0.674449
-0.808943    0.676438
-0.807666    0.678423
-0.806387    0.680406
-0.805103    0.682385
-0.803816    0.684361
-0.802525    0.686334
-0.80123    0.688304
-0.799932    0.690271
-0.79863    0.692234
-0.797324    0.694195
-0.796015    0.696152
-0.794702    0.698105
-0.793385    0.700056
-0.792065    0.702003
-0.790741    0.703947
-0.789414    0.705888
-0.788082    0.707825
-0.786747    0.70976
-0.785409    0.711691
-0.784066    0.713618
-0.78272    0.715542
-0.781371    0.717463
-0.780018    0.719381
-0.778661    0.721295
-0.7773    0.723206
-0.775936    0.725113
-0.774568    0.727017
-0.773197    0.728918
-0.771822    0.730815
-0.770443    0.732709
-0.769061    0.7346
-0.767675    0.736487
-0.766286    0.73837
-0.764892    0.74025
-0.763496    0.742127
-0.762095    0.744
-0.760691    0.74587
-0.759284    0.747736
-0.757873    0.749599
-0.756458    0.751458
-0.755039    0.753313
-0.753617    0.755165
-0.752192    0.757014
-0.750763    0.758859
-0.74933    0.7607
-0.747894    0.762538
-0.746454    0.764372
-0.745011    0.766203
-0.743564    0.76803
-0.742113    0.769853
-0.740659    0.771673
-0.739201    0.773489
-0.73774    0.775301
-0.736275    0.77711
-0.734807    0.778915
-0.733335    0.780717
-0.73186    0.782514
-0.730381    0.784308
-0.728899    0.786099
-0.727413    0.787885
-0.725923    0.789668
-0.72443    0.791447
-0.722934    0.793223
-0.721434    0.794994
-0.71993    0.796762
-0.718423    0.798526
-0.716913    0.800286
-0.715399    0.802043
-0.713881    0.803795
-0.712361    0.805544
-0.710836    0.807289
-0.709308    0.80903
-0.707777    0.810767
-0.706242    0.812501
-0.704704    0.81423
-0.703162    0.815956
-0.701617    0.817677
-0.700068    0.819395
-0.698516    0.821109
-0.696961    0.822819
-0.695402    0.824525
-0.69384    0.826227
-0.692274    0.827925
-0.690705    0.829619
-0.689132    0.831309
-0.687556    0.832996
-0.685977    0.834678
-0.684394    0.836356
-0.682808    0.83803
-0.681219    0.8397
-0.679626    0.841366
-0.67803    0.843028
-0.67643    0.844686
-0.674827    0.84634
-0.673221    0.84799
-0.671611    0.849636
-0.669998    0.851278
-0.668382    0.852915
-0.666762    0.854548
-0.665139    0.856178
-0.663513    0.857803
-0.661883    0.859424
-0.66025    0.861041
-0.658614    0.862654
-0.656975    0.864262
-0.655332    0.865866
-0.653686    0.867467
-0.652036    0.869062
-0.650384    0.870654
-0.648728    0.872242
-0.647069    0.873825
-0.645406    0.875404
-0.64374    0.876979
-0.642072    0.878549
-0.640399    0.880115
-0.638724    0.881677
-0.637045    0.883235
-0.635364    0.884788
-0.633679    0.886337
-0.63199    0.887882
-0.630299    0.889423
-0.628604    0.890959
-0.626907    0.89249
-0.625206    0.894018
-0.623502    0.895541
-0.621794    0.897059
-0.620084    0.898573
-0.61837    0.900083
-0.616653    0.901589
-0.614934    0.90309
-0.613211    0.904586
-0.611484    0.906078
-0.609755    0.907566
-0.608023    0.909049
-0.606287    0.910528
-0.604549    0.912002
-0.602807    0.913472
-0.601063    0.914937
-0.599315    0.916398
-0.597564    0.917854
-0.59581    0.919306
-0.594053    0.920754
-0.592293    0.922196
-0.59053    0.923634
-0.588764    0.925068
-0.586995    0.926497
-0.585223    0.927922
-0.583448    0.929341
-0.58167    0.930757
-0.579889    0.932167
-0.578105    0.933573
-0.576318    0.934975
-0.574528    0.936372
-0.572735    0.937764
-0.57094    0.939151
-0.569141    0.940534
-0.567339    0.941913
-0.565535    0.943286
-0.563727    0.944655
-0.561917    0.946019
-0.560103    0.947379
-0.558287    0.948733
-0.556468    0.950083
-0.554646    0.951429
-0.552821    0.952769
-0.550993    0.954105
-0.549163    0.955436
-0.547329    0.956763
-0.545493    0.958084
-0.543654    0.959401
-0.541812    0.960713
-0.539967    0.96202
-0.53812    0.963322
-0.53627    0.96462
-0.534417    0.965913
-0.532561    0.9672
-0.530702    0.968484
-0.528841    0.969762
-0.526977    0.971035
-0.52511    0.972304
-0.523241    0.973567
-0.521368    0.974826
-0.519493    0.97608
-0.517616    0.977329
-0.515735    0.978573
-0.513852    0.979812
-0.511967    0.981046
-0.510078    0.982275
-0.508187    0.983499
-0.506294    0.984719
-0.504397    0.985933
-0.502499    0.987143
-0.500597    0.988347
-0.498693    0.989546
-0.496786    0.990741
-0.494877    0.99193
-0.492965    0.993115
-0.491051    0.994294
-0.489133    0.995469
-0.487214    0.996638
-0.485292    0.997803
-0.483367    0.998962
-0.48144    1.00012
-0.47951    1.00127
-0.477578    1.00241
-0.475644    1.00355
-0.473706    1.00468
-0.471767    1.00581
-0.469825    1.00693
-0.46788    1.00805
-0.465933    1.00917
-0.463984    1.01028
-0.462032    1.01138
-0.460078    1.01248
-0.458121    1.01357
-0.456162    1.01466
-0.454201    1.01574
-0.452237    1.01682
-0.450271    1.01789
-0.448303    1.01896
-0.446332    1.02002
-0.444359    1.02108
-0.442383    1.02213
-0.440406    1.02317
-0.438426    1.02421
-0.436443    1.02525
-0.434459    1.02628
-0.432472    1.02731
-0.430483    1.02833
-0.428491    1.02934
-0.426498    1.03035
-0.424502    1.03136
-0.422504    1.03235
-0.420504    1.03335
-0.418501    1.03434
-0.416497    1.03532
-0.41449    1.0363
-0.412481    1.03727
-0.41047    1.03824
-0.408457    1.0392
-0.406442    1.04016
-0.404424    1.04111
-0.402405    1.04205
-0.400383    1.04299
-0.39836    1.04393
-0.396334    1.04486
-0.394306    1.04578
-0.392276    1.0467
-0.390244    1.04762
-0.38821    1.04852
-0.386175    1.04943
-0.384137    1.05032
-0.382097    1.05122
-0.380055    1.0521
-0.378011    1.05298
-0.375965    1.05386
-0.373918    1.05473
-0.371868    1.05559
-0.369816    1.05645
-0.367763    1.05731
-0.365708    1.05816
-0.36365    1.059
-0.361591    1.05984
-0.35953    1.06067
-0.357468    1.0615
-0.355403    1.06232
-0.353336    1.06313
-0.351268    1.06394
-0.349198    1.06475
-0.347126    1.06555
-0.345053    1.06634
-0.342977    1.06713
-0.3409    1.06791
-0.338821    1.06869
-0.33674    1.06946
-0.334658    1.07022
-0.332574    1.07098
-0.330488    1.07174
-0.328401    1.07249
-0.326312    1.07323
-0.324221    1.07397
-0.322129    1.0747
-0.320035    1.07543
-0.317939    1.07615
-0.315842    1.07687
-0.313743    1.07758
-0.311643    1.07828
-0.309541    1.07898
-0.307437    1.07967
-0.305332    1.08036
-0.303225    1.08104
-0.301117    1.08172
-0.299007    1.08239
-0.296896    1.08305
-0.294784    1.08371
-0.29267    1.08437
-0.290554    1.08501
-0.288437    1.08566
-0.286319    1.08629
-0.284199    1.08692
-0.282078    1.08755
-0.279955    1.08817
-0.277831    1.08878
-0.275706    1.08939
-0.273579    1.08999
-0.271451    1.09059
-0.269321    1.09118
-0.267191    1.09177
-0.265059    1.09235
-0.262925    1.09292
-0.260791    1.09349
-0.258655    1.09405
-0.256518    1.09461
-0.254379    1.09516
-0.25224    1.0957
-0.250099    1.09624
-0.247957    1.09678
-0.245814    1.09731
-0.243669    1.09783
-0.241524    1.09834
-0.239377    1.09885
-0.237229    1.09936
-0.23508    1.09986
-0.23293    1.10035
-0.230779    1.10084
-0.228627    1.10132
-0.226474    1.1018
-0.224319    1.10227
-0.222164    1.10273
-0.220008    1.10319
-0.21785    1.10364
-0.215692    1.10409
-0.213532    1.10453
-0.211372    1.10497
-0.20921    1.1054
-0.207048    1.10582
-0.204885    1.10624
-0.202721    1.10665
-0.200556    1.10706
-0.19839    1.10746
-0.196223    1.10785
-0.194055    1.10824
-0.191886    1.10863
-0.189717    1.109
-0.187547    1.10938
-0.185376    1.10974
-0.183204    1.1101
-0.181031    1.11045
-0.178858    1.1108
-0.176683    1.11114
