-0.174508    1.11148
-0.172333    1.11181
-0.170156    1.11214
-0.167979    1.11245
-0.165801    1.11277
-0.163623    1.11307
-0.161444    1.11338
-0.159264    1.11367
-0.157083    1.11396
-0.154902    1.11424
-0.15272    1.11452
-0.150538    1.11479
-0.148355    1.11506
-0.146172    1.11532
-0.143988    1.11557
-0.141803    1.11582
-0.139618    1.11606
-0.137432    1.1163
-0.135246    1.11653
-0.13306    1.11675
-0.130872    1.11697
-0.128685    1.11719
-0.126497    1.11739
-0.124308    1.11759
-0.12212    1.11779
-0.11993    1.11798
-0.117741    1.11816
-0.11555    1.11834
-0.11336    1.11851
-0.111169    1.11867
-0.108978    1.11883
-0.106787    1.11899
-0.104595    1.11914
-0.102403    1.11928
-0.100211    1.11941
-0.0980179    1.11954
-0.095825    1.11967
-0.0936319    1.11979
-0.0914385    1.1199
-0.089245    1.12
-0.0870512    1.1201
-0.0848572    1.1202
-0.0826631    1.12029
-0.0804688    1.12037
-0.0782743    1.12045
-0.0760798    1.12052
-0.0738851    1.12058
-0.0716903    1.12064
-0.0694954    1.12069
-0.0673004    1.12074
-0.0651053    1.12078
-0.0629102    1.12082
-0.0607151    1.12085
-0.05852    1.12087
-0.0563248    1.12089
-0.0541296    1.1209
-0.0519345    1.1209
-0.0497394    1.1209
-0.0475443    1.1209
-0.0453493    1.12089
-0.0431544    1.12087
-0.0409596    1.12084
-0.0387648    1.12081
-0.0365702    1.12078
-0.0343757    1.12073
-0.0321813    1.12069
-0.0299871    1.12063
-0.0277931    1.12057
-0.0255992    1.12051
-0.0234056    1.12044
-0.0212121    1.12036
-0.0190189    1.12028
-0.0168259    1.12019
-0.0146332    1.12009
-0.0124407    1.11999
-0.0102486    1.11988
-0.00805666    1.11977
-0.00586508    1.11965
-0.00367381    1.11953
-0.00148288    1.11939
0.000707699    1.11926
0.00289792    1.11912
0.00508777    1.11897
0.00727722    1.11881
0.00946628    1.11865
0.0116549    1.11849
0.0138431    1.11831
0.0160309    1.11814
0.0182182    1.11795
0.020405    1.11776
0.0225914    1.11757
0.0247772    1.11736
0.0269626    1.11716
0.0291474    1.11694
0.0313317    1.11672
0.0335154    1.1165
0.0356986    1.11627
0.0378812    1.11603
0.0400631    1.11579
0.0422445    1.11554
0.0444253    1.11528
0.0466054    1.11502
0.0487849    1.11475
0.0509637    1.11448
0.0531419    1.1142
0.0553193    1.11392
0.0574961    1.11363
0.0596721    1.11333
0.0618475    1.11303
0.064022    1.11272
0.0661958    1.11241
0.0683689    1.11209
0.0705412    1.11177
0.0727127    1.11143
0.0748833    1.1111
0.0770532    1.11075
0.0792222    1.11041
0.0813904    1.11005
0.0835577    1.10969
0.0857241    1.10932
0.0878896    1.10895
0.0900543    1.10857
0.092218    1.10819
0.0943808    1.1078
0.0965427    1.10741
0.0987036    1.107
0.100864    1.1066
0.103022    1.10618
0.10518    1.10577
0.107337    1.10534
0.109493    1.10491
0.111648    1.10447
0.113802    1.10403
0.115955    1.10358
0.118107    1.10313
0.120257    1.10267
0.122407    1.10221
0.124555    1.10174
0.126703    1.10126
0.128849    1.10078
0.130994    1.10029
0.133138    1.09979
0.13528    1.09929
0.137422    1.09879
0.139562    1.09828
0.141701    1.09776
0.143839    1.09724
0.145976    1.09671
0.148111    1.09617
0.150245    1.09563
0.152378    1.09509
0.15451    1.09454
0.15664    1.09398
0.158769    1.09342
0.160896    1.09285
0.163023    1.09227
0.165148    1.09169
0.167271    1.09111
0.169393    1.09051
0.171514    1.08992
0.173633    1.08931
0.175751    1.08871
0.177868    1.08809
0.179983    1.08747
0.182097    1.08684
0.184209    1.08621
0.186319    1.08558
0.188429    1.08493
0.190536    1.08428
0.192642    1.08363
0.194747    1.08297
0.19685    1.08231
0.198952    1.08163
0.201052    1.08096
0.20315    1.08028
0.205247    1.07959
0.207342    1.07889
0.209436    1.07819
0.211528    1.07749
0.213618    1.07678
0.215707    1.07606
0.217794    1.07534
0.219879    1.07461
0.221963    1.07388
0.224045    1.07314
0.226125    1.0724
0.228204    1.07165
0.230281    1.07089
0.232356    1.07013
0.234429    1.06937
0.236501    1.0686
0.23857    1.06782
0.240638    1.06704
0.242705    1.06625
0.244769    1.06545
0.246832    1.06465
0.248892    1.06385
0.250951    1.06304
0.253008    1.06222
0.255063    1.0614
0.257117    1.06057
0.259168    1.05974
0.261217    1.0589
0.263265    1.05806
0.265311    1.05721
0.267354    1.05636
0.269396    1.0555
0.271436    1.05463
0.273474    1.05376
0.275509    1.05289
0.277543    1.052
0.279575    1.05112
0.281605    1.05023
0.283633    1.04933
0.285658    1.04842
0.287682    1.04752
0.289704    1.0466
0.291723    1.04568
0.29374    1.04476
0.295756    1.04383
0.297769    1.04289
0.29978    1.04195
0.301789    1.04101
0.303796    1.04005
0.305801    1.0391
0.307803    1.03813
0.309804    1.03717
0.311802    1.03619
0.313798    1.03522
0.315792    1.03423
0.317783    1.03324
0.319773    1.03225
0.32176    1.03125
0.323745    1.03025
0.325728    1.02924
0.327708    1.02822
0.329686    1.0272
0.331662    1.02617
0.333635    1.02514
0.335607    1.02411
0.337576    1.02307
0.339542    1.02202
0.341506    1.02097
0.343468    1.01991
0.345428    1.01885
0.347385    1.01778
0.34934    1.01671
0.351292    1.01563
0.353242    1.01455
0.35519    1.01346
0.357135    1.01237
0.359078    1.01127
0.361018    1.01016
0.362956    1.00906
0.364892    1.00794
0.366825    1.00682
0.368755    1.0057
0.370683    1.00457
0.372609    1.00344
0.374532    1.0023
0.376452    1.00115
0.37837    1
0.380286    0.998847
0.382199    0.997687
0.384109    0.996523
0.386017    0.995353
0.387922    0.994178
0.389825    0.992998
0.391725    0.991813
0.393623    0.990624
0.395517    0.989429
0.39741    0.988229
0.399299    0.987024
0.401186    0.985814
0.403071    0.984599
0.404953    0.98338
0.406832    0.982155
0.408708    0.980925
0.410582    0.979691
0.412453    0.978451
0.414321    0.977207
0.416187    0.975957
0.41805    0.974703
0.41991    0.973444
0.421768    0.97218
0.423622    0.970911
0.425474    0.969637
0.427324    0.968358
0.42917    0.967075
0.431014    0.965786
0.432855    0.964493
0.434693    0.963195
0.436529    0.961892
0.438361    0.960584
0.440191    0.959272
0.442018    0.957954
0.443842    0.956632
0.445663    0.955305
0.447482    0.953974
0.449297    0.952637
0.45111    0.951296
0.45292    0.94995
0.454727    0.948599
0.456531    0.947244
0.458332    0.945884
0.460131    0.944519
0.461926    0.943149
0.463718    0.941775
0.465508    0.940396
0.467295    0.939013
0.469078    0.937624
0.470859    0.936231
0.472637    0.934834
0.474412    0.933432
0.476184    0.932025
0.477953    0.930613
0.479719    0.929197
0.481481    0.927776
0.483241    0.926351
0.484998    0.924921
0.486752    0.923487
0.488503    0.922047
0.490251    0.920604
0.491996    0.919156
0.493738    0.917703
0.495477    0.916246
0.497212    0.914784
0.498945    0.913318
0.500674    0.911847
0.502401    0.910371
0.504124    0.908892
0.505845    0.907407
0.507562    0.905918
0.509276    0.904425
0.510987    0.902928
0.512695    0.901425
0.5144    0.899919
0.516102    0.898408
0.5178    0.896892
0.519496    0.895373
0.521188    0.893848
0.522877    0.89232
0.524563    0.890787
0.526246    0.889249
0.527925    0.887708
0.529602    0.886162
0.531275    0.884611
0.532945    0.883056
0.534612    0.881497
0.536276    0.879934
0.537936    0.878366
0.539593    0.876794
0.541248    0.875218
0.542898    0.873637
0.544546    0.872053
0.54619    0.870464
0.547831    0.86887
0.549469    0.867273
0.551104    0.865671
0.552735    0.864065
0.554363    0.862455
0.555988    0.86084
0.55761    0.859222
0.559228    0.857599
0.560843    0.855972
0.562454    0.854341
0.564063    0.852705
0.565668    0.851066
0.56727    0.849422
0.568868    0.847775
0.570463    0.846123
0.572055    0.844467
0.573644    0.842807
0.575229    0.841143
0.57681    0.839475
0.578389    0.837802
0.579964    0.836126
0.581536    0.834446
0.583104    0.832761
0.584669    0.831073
0.586231    0.82938
0.587789    0.827684
0.589344    0.825984
0.590896    0.824279
0.592444    0.822571
0.593989    0.820858
0.59553    0.819142
0.597068    0.817422
0.598602    0.815698
0.600134    0.813969
0.601661    0.812237
0.603186    0.810501
0.604707    0.808761
0.606224    0.807018
0.607738    0.80527
0.609249    0.803518
0.610756    0.801763
0.61226    0.800004
0.61376    0.798241
0.615257    0.796474
0.61675    0.794703
0.61824    0.792929
0.619726    0.79115
0.621209    0.789368
0.622689    0.787582
0.624165    0.785792
0.625638    0.783999
0.627107    0.782202
0.628572    0.780401
0.630034    0.778596
0.631493    0.776788
0.632948    0.774976
0.6344    0.77316
0.635848    0.77134
0.637292    0.769517
0.638734    0.76769
0.640171    0.76586
0.641605    0.764026
0.643036    0.762188
0.644463    0.760346
0.645886    0.758501
0.647306    0.756653
0.648723    0.7548
0.650136    0.752944
0.651545    0.751085
0.652951    0.749222
0.654353    0.747355
0.655752    0.745485
0.657147    0.743611
0.658539    0.741734
0.659927    0.739854
0.661311    0.737969
0.662692    0.736081
0.66407    0.73419
0.665444    0.732296
0.666814    0.730397
0.668181    0.728496
0.669544    0.726591
0.670903    0.724682
0.672259    0.72277
0.673612    0.720855
0.67496    0.718936
0.676306    0.717014
0.677647    0.715088
0.678985    0.713159
0.68032    0.711227
0.681651    0.709291
0.682978    0.707352
0.684302    0.705409
0.685622    0.703464
0.686938    0.701515
0.688251    0.699562
0.68956    0.697607
0.690866    0.695648
0.692168    0.693685
0.693466    0.69172
0.694761    0.689751
0.696052    0.687779
0.69734    0.685804
0.698624    0.683826
0.699904    0.681844
0.701181    0.679859
0.702454    0.677871
0.703724    0.67588
0.704989    0.673885
0.706252    0.671887
0.70751    0.669887
0.708765    0.667883
0.710016    0.665876
0.711264    0.663866
0.712508    0.661852
0.713749    0.659836
0.714985    0.657816
0.716218    0.655794
0.717448    0.653768
0.718674    0.651739
0.719896    0.649707
0.721115    0.647673
0.72233    0.645635
0.723541    0.643594
0.724749    0.64155
0.725952    0.639503
0.727153    0.637453
0.72835    0.6354
0.729543    0.633344
0.730732    0.631286
0.731918    0.629224
0.7331    0.627159
0.734278    0.625091
0.735453    0.623021
0.736624    0.620947
0.737792    0.618871
0.738956    0.616792
0.740116    0.614709
0.741272    0.612624
0.742425    0.610537
0.743574    0.608446
0.74472    0.606352
0.745862    0.604256
0.747    0.602156
0.748135    0.600054
0.749266    0.59795
0.750393    0.595842
0.751517    0.593731
0.752637    0.591618
0.753753    0.589502
0.754866    0.587384
0.755975    0.585262
0.75708    0.583138
0.758182    0.581011
0.75928    0.578881
0.760374    0.576749
0.761465    0.574614
0.762552    0.572476
0.763636    0.570336
0.764715    0.568193
0.765791    0.566047
0.766864    0.563899
0.767933    0.561748
0.768998    0.559595
0.77006    0.557438
0.771117    0.55528
0.772172    0.553118
0.773222    0.550954
0.774269    0.548788
0.775312    0.546619
0.776352    0.544447
0.777388    0.542273
0.77842    0.540097
0.779449    0.537917
0.780474    0.535736
0.781496    0.533552
0.782513    0.531365
0.783527    0.529176
0.784538    0.526984
0.785545    0.52479
0.786548    0.522594
0.787548    0.520395
0.788544    0.518193
0.789536    0.51599
0.790525    0.513783
0.79151    0.511575
0.792491    0.509364
0.793469    0.50715
0.794443    0.504935
0.795414    0.502717
0.79638    0.500496
0.797344    0.498273
0.798303    0.496048
0.799259    0.493821
0.800212    0.491591
0.801161    0.489359
0.802106    0.487125
0.803048    0.484889
0.803985    0.48265
0.80492    0.480409
0.805851    0.478165
0.806778    0.47592
0.807701    0.473672
0.808621    0.471422
0.809538    0.46917
0.81045    0.466915
0.811359    0.464659
0.812265    0.4624
0.813167    0.460139
0.814065    0.457876
0.81496    0.455611
0.815851    0.453344
0.816739    0.451074
0.817623    0.448802
0.818503    0.446529
0.81938    0.444253
0.820254    0.441975
0.821123    0.439695
0.821989    0.437413
0.822852    0.435129
0.823711    0.432843
0.824566    0.430555
0.825418    0.428265
0.826267    0.425972
0.827111    0.423678
0.827953    0.421382
0.82879    0.419084
0.829624    0.416784
0.830455    0.414482
0.831282    0.412177
0.832105    0.409871
0.832925    0.407563
0.833742    0.405254
0.834555    0.402942
0.835364    0.400628
0.83617    0.398312
0.836972    0.395995
0.837771    0.393676
0.838566    0.391354
0.839358    0.389031
0.840146    0.386706
0.840931    0.384379
0.841712    0.382051
0.84249    0.37972
0.843264    0.377388
0.844035    0.375054
0.844802    0.372718
0.845566    0.370381
0.846326    0.368041
0.847083    0.3657
0.847836    0.363357
0.848586    0.361013
0.849332    0.358666
0.850075    0.356318
0.850814    0.353968
0.85155    0.351617
0.852283    0.349264
0.853012    0.346909
0.853737    0.344552
0.85446    0.342194
0.855178    0.339834
0.855894    0.337473
0.856605    0.33511
0.857314    0.332745
0.858019    0.330379
0.85872    0.328011
0.859418    0.325641
0.860113    0.32327
0.860804    0.320897
0.861492    0.318523
0.862176    0.316147
0.862857    0.31377
0.863535    0.311391
0.864209    0.30901
0.86488    0.306628
0.865548    0.304245
0.866212    0.30186
0.866872    0.299473
0.86753    0.297085
0.868184    0.294696
0.868834    0.292305
0.869481    0.289913
0.870125    0.287519
0.870766    0.285124
0.871403    0.282727
0.872037    0.280329
0.872667    0.27793
0.873294    0.275529
0.873918    0.273127
0.874539    0.270723
0.875156    0.268318
0.87577    0.265912
0.87638    0.263504
0.876987    0.261095
0.877591    0.258685
0.878192    0.256274
0.878789    0.253861
0.879383    0.251446
0.879974    0.249031
0.880561    0.246614
0.881146    0.244196
0.881727    0.241777
0.882304    0.239356
0.882879    0.236934
0.88345    0.234511
0.884018    0.232087
0.884582    0.229662
0.885144    0.227235
0.885702    0.224807
0.886257    0.222378
0.886808    0.219948
0.887357    0.217517
0.887902    0.215084
0.888444    0.21265
0.888983    0.210215
0.889518    0.20778
0.890051    0.205342
0.89058    0.202904
0.891106    0.200465
0.891629    0.198025
0.892149    0.195583
0.892665    0.193141
0.893179    0.190697
0.893689    0.188252
0.894196    0.185807
0.8947    0.18336
0.8952    0.180912
0.895698    0.178464
0.896192    0.176014
0.896684    0.173563
0.897172    0.171111
0.897657    0.168659
0.898139    0.166205
0.898618    0.16375
0.899094    0.161295
0.899566    0.158838
0.900036    0.156381
0.900502    0.153922
0.900966    0.151463
0.901426    0.149003
0.901884    0.146541
0.902338    0.144079
0.902789    0.141617
0.903237    0.139153
0.903682    0.136688
0.904124    0.134223
0.904563    0.131756
0.904999    0.129289
0.905432    0.126821
0.905862    0.124352
0.906289    0.121883
0.906713    0.119412
0.907134    0.116941
0.907552    0.114469
0.907967    0.111997
0.908379    0.109523
0.908788    0.107049
0.909195    0.104574
0.909598    0.102098
0.909998    0.0996216
0.910395    0.0971445
0.910789    0.0946666
0.911181    0.0921881
0.911569    0.0897088
0.911955    0.0872289
0.912337    0.0847483
0.912717    0.082267
0.913094    0.0797851
0.913468    0.0773025
0.913839    0.0748193
0.914207    0.0723355
0.914572    0.069851
0.914935    0.067366
0.915294    0.0648803
0.915651    0.0623941
0.916005    0.0599073
0.916356    0.0574199
0.916704    0.0549319
0.91705    0.0524434
0.917392    0.0499543
0.917732    0.0474647
0.918069    0.0449746
0.918403    0.0424839
0.918734    0.0399927
0.919063    0.0375011
0.919388    0.0350089
0.919711    0.0325163
0.920032    0.0300231
0.920349    0.0275295
0.920664    0.0250355
0.920976    0.022541
0.921285    0.020046
0.921591    0.0175506
0.921895    0.0150548
0.922196    0.0125586
0.922495    0.010062
0.92279    0.00756492
0.923083    0.00506749
0.923373    0.00256969
0.923661    7.15093e-05
0.923946    -0.00242703
0.924228    -0.00492593
0.924508    -0.00742518
0.924785    -0.00992477
0.925059    -0.0124247
0.925331    -0.0149249
0.9256    -0.0174255
0.925866    -0.0199263
0.92613    -0.0224275
0.926391    -0.0249289
0.926649    -0.0274307
0.926905    -0.0299327
0.927159    -0.0324349
0.92741    -0.0349374
0.927658    -0.0374402
0.927903    -0.0399432
0.928147    -0.0424464
0.928387    -0.0449498
0.928625    -0.0474535
0.928861    -0.0499574
0.929094    -0.0524614
0.929324    -0.0549656
0.929552    -0.0574701
0.929777    -0.0599747
0.93    -0.0624794
0.930221    -0.0649843
0.930439    -0.0674894
0.930654    -0.0699946
0.930867    -0.0724999
0.931078    -0.0750053
0.931286    -0.0775109
0.931492    -0.0800165
0.931695    -0.0825223
0.931896    -0.0850281
0.932094    -0.087534
0.93229    -0.09004
0.932484    -0.0925461
0.932675    -0.0950522
0.932864    -0.0975583
0.93305    -0.100065
0.933234    -0.102571
0.933416    -0.105077
0.933595    -0.107583
0.933772    -0.11009
0.933947    -0.112596
0.934119    -0.115102
0.93429    -0.117608
0.934457    -0.120115
0.934623    -0.122621
0.934786    -0.125127
0.934947    -0.127633
0.935105    -0.130139
0.935261    -0.132645
0.935415    -0.135151
0.935567    -0.137657
0.935717    -0.140162
0.935864    -0.142668
0.936009    -0.145173
0.936152    -0.147679
0.936292    -0.150184
0.936431    -0.152689
0.936567    -0.155194
0.936701    -0.157699
0.936833    -0.160204
0.936963    -0.162708
0.93709    -0.165213
0.937215    -0.167717
0.937339    -0.170221
0.93746    -0.172725
0.937579    -0.175228
0.937696    -0.177732
0.93781    -0.180235
0.937923    -0.182738
0.938033    -0.185241
0.938142    -0.187743
0.938248    -0.190246
0.938352    -0.192748
0.938455    -0.195249
0.938555    -0.197751
0.938653    -0.200252
0.938749    -0.202753
0.938843    -0.205253
0.938935    -0.207754
0.939025    -0.210254
0.939113    -0.212753
0.939199    -0.215253
0.939283    -0.217752
0.939366    -0.220251
0.939446    -0.222749
0.939524    -0.225247
0.9396    -0.227745
0.939674    -0.230242
0.939747    -0.232739
0.939817    -0.235235
0.939886    -0.237731
0.939952    -0.240227
0.940017    -0.242722
0.94008    -0.245217
0.940141    -0.247712
0.9402    -0.250206
0.940258    -0.2527
0.940313    -0.255193
0.940367    -0.257685
0.940418    -0.260178
0.940468    -0.26267
0.940517    -0.265161
0.940563    -0.267652
0.940607    -0.270142
0.94065    -0.272632
0.940691    -0.275121
0.94073    -0.27761
0.940768    -0.280099
0.940804    -0.282586
0.940838    -0.285074
0.94087    -0.287561
0.940901    -0.290047
0.940929    -0.292532
0.940957    -0.295018
0.940982    -0.297502
0.941006    -0.299986
0.941028    -0.30247
0.941048    -0.304952
0.941067    -0.307435
0.941084    -0.309916
0.9411    -0.312397
0.941114    -0.314878
0.941126    -0.317357
0.941137    -0.319836
0.941146    -0.322315
0.941153    -0.324793
0.941159    -0.32727
0.941164    -0.329747
0.941167    -0.332223
0.941168    -0.334698
0.941168    -0.337172
0.941166    -0.339646
0.941162    -0.342119
0.941158    -0.344592
0.941151    -0.347064
0.941143    -0.349535
0.941134    -0.352005
0.941123    -0.354475
0.941111    -0.356943
0.941098    -0.359412
0.941082    -0.361879
0.941066    -0.364346
0.941048    -0.366811
0.941028    -0.369277
0.941008    -0.371741
0.940986    -0.374204
0.940962    -0.376667
0.940937    -0.379129
0.940911    -0.38159
0.940883    -0.384051
0.940854    -0.38651
0.940824    -0.388969
0.940792    -0.391427
0.940759    -0.393884
0.940725    -0.39634
0.940689    -0.398796
0.940652    -0.40125
0.940614    -0.403704
0.940575    -0.406157
0.940534    -0.408609
0.940492    -0.41106
0.940449    -0.41351
0.940405    -0.415959
0.940359    -0.418408
0.940313    -0.420855
0.940265    -0.423302
0.940215    -0.425748
0.940165    -0.428192
0.940114    -0.430636
0.940061    -0.433079
0.940007    -0.435521
0.939952    -0.437962
0.939896    -0.440402
0.939839    -0.442841
0.939781    -0.445279
0.939722    -0.447716
0.939661    -0.450152
0.9396    -0.452588
0.939537    -0.455022
0.939473    -0.457455
0.939409    -0.459887
0.939343    -0.462318
0.939276    -0.464748
0.939208    -0.467178
0.93914    -0.469606
0.93907    -0.472033
0.938999    -0.474459
0.938928    -0.476884
0.938855    -0.479308
0.938781    -0.481731
0.938707    -0.484152
0.938631    -0.486573
0.938555    -0.488993
0.938478    -0.491411
0.938399    -0.493829
0.93832    -0.496245
0.93824    -0.49866
0.938159    -0.501075
0.938078    -0.503488
0.937995    -0.5059
0.937912    -0.50831
0.937828    -0.51072
0.937743    -0.513129
0.937657    -0.515536
0.93757    -0.517942
0.937483    -0.520347
0.937394    -0.522751
0.937305    -0.525154
0.937216    -0.527556
0.937125    -0.529956
0.937034    -0.532355
0.936942    -0.534753
0.936849    -0.53715
0.936756    -0.539546
0.936662    -0.54194
0.936567    -0.544334
0.936472    -0.546726
0.936376    -0.549116
0.936279    -0.551506
0.936182    -0.553894
0.936084    -0.556281
0.935985    -0.558667
0.935886    -0.561052
0.935786    -0.563435
0.935686    -0.565817
0.935585    -0.568198
0.935483    -0.570578
0.935381    -0.572956
0.935279    -0.575333
0.935176    -0.577709
0.935072    -0.580083
0.934968    -0.582456
0.934863    -0.584828
0.934758    -0.587198
0.934652    -0.589567
0.934546    -0.591935
0.934439    -0.594302
0.934332    -0.596667
0.934225    -0.599031
0.934117    -0.601393
0.934009    -0.603754
0.9339    -0.606114
0.933791    -0.608473
0.933681    -0.61083
0.933571    -0.613185
0.933461    -0.61554
0.933351    -0.617893
0.93324    -0.620244
0.933128    -0.622594
0.933017    -0.624943
0.932905    -0.62729
0.932793    -0.629636
0.93268    -0.631981
0.932567    -0.634324
0.932454    -0.636666
0.932341    -0.639006
0.932227    -0.641345
0.932114    -0.643682
0.932    -0.646018
0.931885    -0.648353
0.931771    -0.650686
0.931656    -0.653017
0.931542    -0.655348
0.931427    -0.657676
0.931311    -0.660003
0.931196    -0.662329
0.931081    -0.664653
0.930965    -0.666976
0.93085    -0.669297
0.930734    -0.671617
0.930618    -0.673935
0.930502    -0.676252
0.930386    -0.678567
0.93027    -0.680881
0.930154    -0.683193
0.930038    -0.685504
0.929921    -0.687813
0.929805    -0.69012
0.929689    -0.692427
0.929573    -0.694731
0.929457    -0.697034
0.92934    -0.699335
0.929224    -0.701635
0.929108    -0.703933
0.928992    -0.70623
0.928876    -0.708525
0.92876    -0.710819
0.928645    -0.713111
0.928529    -0.715401
0.928413    -0.71769
0.928298    -0.719977
0.928183    -0.722263
0.928067    -0.724546
0.927952    -0.726829
0.927838    -0.729109
0.927723    -0.731389
0.927608    -0.733666
0.927494    -0.735942
0.92738    -0.738216
0.927266    -0.740489
0.927153    -0.742759
0.927039    -0.745029
0.926926    -0.747296
0.926813    -0.749562
0.926701    -0.751827
0.926588    -0.754089
0.926476    -0.75635
0.926365    -0.758609
0.926253    -0.760867
0.926142    -0.763123
0.926032    -0.765377
0.925921    -0.767629
0.925811    -0.76988
0.925702    -0.772129
0.925593    -0.774377
0.925484    -0.776622
0.925375    -0.778866
0.925267    -0.781108
0.92516    -0.783349
0.925053    -0.785588
0.924946    -0.787825
0.92484    -0.79006
0.924734    -0.792293
0.924629    -0.794525
0.924524    -0.796755
0.92442    -0.798983
0.924316    -0.80121
0.924213    -0.803435
0.924111    -0.805658
0.924009    -0.807879
0.923907    -0.810098
0.923806    -0.812316
0.923706    -0.814532
0.923606    -0.816746
0.923507    -0.818958
0.923408    -0.821168
0.923311    -0.823377
0.923213    -0.825584
0.923117    -0.827789
0.923021    -0.829992
0.922925    -0.832193
0.922831    -0.834393
0.922737    -0.83659
0.922644    -0.838786
0.922551    -0.84098
0.92246    -0.843172
0.922369    -0.845363
0.922279    -0.847551
0.922189    -0.849738
0.9221    -0.851923
0.922013    -0.854105
0.921925    -0.856286
0.921839    -0.858466
0.921754    -0.860643
0.921669    -0.862818
0.921585    -0.864992
0.921502    -0.867163
0.92142    -0.869333
0.921339    -0.871501
0.921259    -0.873667
0.921179    -0.875831
0.921101    -0.877993
0.921023    -0.880153
0.920946    -0.882311
0.920871    -0.884467
0.920796    -0.886622
0.920722    -0.888774
0.920649    -0.890925
0.920577    -0.893073
0.920507    -0.89522
0.920437    -0.897364
0.920368    -0.899507
0.9203    -0.901648
0.920233    -0.903787
0.920168    -0.905923
0.920103    -0.908058
0.920039    -0.910191
0.919977    -0.912322
0.919916    -0.914451
0.919855    -0.916578
0.919796    -0.918703
0.919738    -0.920826
0.919681    -0.922947
0.919626    -0.925066
0.919571    -0.927183
0.919518    -0.929297
0.919465    -0.93141
