-0.83402    0.925271
-0.83219    0.926616
-0.830359    0.927956
-0.828525    0.929292
-0.826689    0.930622
-0.82485    0.931948
-0.823009    0.933269
-0.821165    0.934585
-0.819319    0.935896
-0.817471    0.937202
-0.815621    0.938503
-0.813768    0.939799
-0.811913    0.941091
-0.810055    0.942377
-0.808196    0.943659
-0.806334    0.944935
-0.804469    0.946207
-0.802603    0.947473
-0.800734    0.948735
-0.798863    0.949992
-0.79699    0.951243
-0.795114    0.95249
-0.793236    0.953732
-0.791357    0.954968
-0.789474    0.9562
-0.78759    0.957427
-0.785704    0.958648
-0.783815    0.959865
-0.781925    0.961076
-0.780032    0.962283
-0.778137    0.963484
-0.77624    0.964681
-0.77434    0.965872
-0.772439    0.967058
-0.770536    0.96824
-0.76863    0.969416
-0.766723    0.970587
-0.764813    0.971753
-0.762902    0.972913
-0.760988    0.974069
-0.759073    0.97522
-0.757155    0.976365
-0.755235    0.977506
-0.753314    0.978641
-0.75139    0.979771
-0.749465    0.980896
-0.747537    0.982016
-0.745608    0.98313
-0.743676    0.98424
-0.741743    0.985344
-0.739808    0.986443
-0.737871    0.987537
-0.735932    0.988626
-0.733991    0.989709
-0.732049    0.990788
-0.730104    0.991861
-0.728158    0.992929
-0.72621    0.993991
-0.72426    0.995049
-0.722308    0.996101
-0.720355    0.997148
-0.718399    0.99819
-0.716442    0.999226
-0.714484    1.00026
-0.712523    1.00128
-0.710561    1.0023
-0.708597    1.00332
-0.706631    1.00433
-0.704664    1.00534
-0.702695    1.00633
-0.700724    1.00733
-0.698751    1.00832
-0.696777    1.0093
-0.694802    1.01028
-0.692824    1.01125
-0.690845    1.01222
-0.688865    1.01318
-0.686883    1.01414
-0.684899    1.01509
-0.682914    1.01604
-0.680927    1.01698
-0.678938    1.01792
-0.676948    1.01885
-0.674957    1.01977
-0.672964    1.02069
-0.67097    1.02161
-0.668974    1.02252
-0.666976    1.02342
-0.664978    1.02432
-0.662977    1.02521
-0.660976    1.0261
-0.658972    1.02698
-0.656968    1.02786
-0.654962    1.02873
-0.652955    1.0296
-0.650946    1.03046
-0.648936    1.03131
-0.646924    1.03216
-0.644912    1.03301
-0.642898    1.03384
-0.640882    1.03468
-0.638865    1.03551
-0.636847    1.03633
-0.634828    1.03715
-0.632808    1.03796
-0.630786    1.03876
-0.628763    1.03957
-0.626739    1.04036
-0.624713    1.04115
-0.622687    1.04194
-0.620659    1.04271
-0.61863    1.04349
-0.616599    1.04426
-0.614568    1.04502
-0.612536    1.04578
-0.610502    1.04653
-0.608467    1.04727
-0.606431    1.04801
-0.604394    1.04875
-0.602356    1.04948
-0.600317    1.0502
-0.598277    1.05092
-0.596236    1.05164
-0.594194    1.05234
-0.59215    1.05305
-0.590106    1.05374
-0.588061    1.05443
-0.586015    1.05512
-0.583968    1.0558
-0.581919    1.05647
-0.57987    1.05714
-0.57782    1.05781
-0.575769    1.05846
-0.573718    1.05912
-0.571665    1.05976
-0.569611    1.06041
-0.567557    1.06104
-0.565501    1.06167
-0.563445    1.0623
-0.561388    1.06292
-0.55933    1.06353
-0.557272    1.06414
-0.555212    1.06474
-0.553152    1.06534
-0.551091    1.06593
-0.549029    1.06651
-0.546967    1.06709
-0.544904    1.06767
-0.54284    1.06824
-0.540775    1.0688
-0.53871    1.06936
-0.536644    1.06991
-0.534577    1.07046
-0.53251    1.071
-0.530442    1.07154
-0.528373    1.07207
-0.526304    1.07259
-0.524234    1.07311
-0.522164    1.07362
-0.520093    1.07413
-0.518021    1.07463
-0.515949    1.07513
-0.513876    1.07562
-0.511803    1.0761
-0.50973    1.07658
-0.507655    1.07706
-0.505581    1.07753
-0.503505    1.07799
-0.50143    1.07845
-0.499354    1.0789
-0.497277    1.07934
-0.4952    1.07978
-0.493123    1.08022
-0.491045    1.08065
-0.488967    1.08107
-0.486888    1.08149
-0.484809    1.0819
-0.48273    1.08231
-0.48065    1.08271
-0.478571    1.0831
-0.47649    1.08349
-0.47441    1.08388
-0.472329    1.08426
-0.470248    1.08463
-0.468166    1.085
-0.466085    1.08536
-0.464003    1.08571
-0.461921    1.08606
-0.459838    1.08641
-0.457756    1.08675
-0.455673    1.08708
-0.45359    1.08741
-0.451507    1.08773
-0.449424    1.08805
-0.447341    1.08836
-0.445257    1.08866
-0.443174    1.08896
-0.44109    1.08926
-0.439006    1.08955
-0.436922    1.08983
-0.434838    1.09011
-0.432754    1.09038
-0.43067    1.09064
-0.428586    1.0909
-0.426502    1.09116
-0.424418    1.09141
-0.422334    1.09165
-0.42025    1.09189
-0.418166    1.09212
-0.416082    1.09235
-0.413998    1.09257
-0.411914    1.09278
-0.409831    1.09299
-0.407747    1.0932
-0.405664    1.09339
-0.40358    1.09359
-0.401497    1.09377
-0.399414    1.09396
-0.397331    1.09413
-0.395248    1.0943
-0.393165    1.09447
-0.391083    1.09462
-0.389001    1.09478
-0.386919    1.09493
-0.384837    1.09507
-0.382756    1.0952
-0.380674    1.09533
-0.378593    1.09546
-0.376513    1.09558
-0.374432    1.09569
-0.372352    1.0958
-0.370272    1.0959
-0.368193    1.096
-0.366114    1.09609
-0.364035    1.09618
-0.361957    1.09626
-0.359879    1.09633
-0.357801    1.0964
-0.355724    1.09647
-0.353647    1.09652
-0.351571    1.09658
-0.349495    1.09662
-0.347419    1.09666
-0.345344    1.0967
-0.34327    1.09673
-0.341196    1.09675
-0.339122    1.09677
-0.337049    1.09678
-0.334977    1.09679
-0.332905    1.09679
-0.330833    1.09679
-0.328762    1.09678
-0.326692    1.09676
-0.324622    1.09674
-0.322553    1.09672
-0.320485    1.09669
-0.318417    1.09665
-0.316349    1.09661
-0.314283    1.09656
-0.312217    1.0965
-0.310152    1.09644
-0.308087    1.09638
-0.306023    1.09631
-0.30396    1.09623
-0.301897    1.09615
-0.299835    1.09606
-0.297774    1.09597
-0.295714    1.09587
-0.293654    1.09577
-0.291596    1.09566
-0.289537    1.09554
-0.28748    1.09542
-0.285424    1.09529
-0.283368    1.09516
-0.281313    1.09502
-0.279259    1.09488
-0.277206    1.09473
-0.275154    1.09458
-0.273103    1.09442
-0.271052    1.09426
-0.269003    1.09408
-0.266954    1.09391
-0.264906    1.09373
-0.262859    1.09354
-0.260814    1.09335
-0.258769    1.09315
-0.256725    1.09295
-0.254682    1.09274
-0.25264    1.09252
-0.250599    1.0923
-0.248559    1.09208
-0.24652    1.09185
-0.244482    1.09161
-0.242445    1.09137
-0.240409    1.09112
-0.238374    1.09087
-0.236341    1.09061
-0.234308    1.09034
-0.232276    1.09007
-0.230246    1.0898
-0.228217    1.08952
-0.226188    1.08923
-0.224161    1.08894
-0.222136    1.08865
-0.220111    1.08834
-0.218087    1.08804
-0.216065    1.08772
-0.214044    1.08741
-0.212024    1.08708
-0.210005    1.08675
-0.207988    1.08642
-0.205971    1.08608
-0.203956    1.08573
-0.201942    1.08538
-0.19993    1.08503
-0.197919    1.08466
-0.195909    1.0843
-0.1939    1.08392
-0.191893    1.08355
-0.189887    1.08316
-0.187882    1.08277
-0.185879    1.08238
-0.183877    1.08198
-0.181876    1.08158
-0.179877    1.08117
-0.177879    1.08075
-0.175883    1.08033
-0.173888    1.0799
-0.171894    1.07947
-0.169902    1.07904
-0.167911    1.07859
-0.165922    1.07815
-0.163934    1.07769
-0.161947    1.07724
-0.159962    1.07677
-0.157979    1.0763
-0.155997    1.07583
-0.154016    1.07535
-0.152038    1.07487
-0.15006    1.07438
-0.148084    1.07388
-0.14611    1.07338
-0.144137    1.07287
-0.142166    1.07236
-0.140196    1.07185
-0.138228    1.07132
-0.136262    1.0708
-0.134297    1.07027
-0.132334    1.06973
-0.130372    1.06919
-0.128412    1.06864
-0.126454    1.06808
-0.124497    1.06753
-0.122542    1.06696
-0.120588    1.06639
-0.118637    1.06582
-0.116687    1.06524
-0.114738    1.06466
-0.112792    1.06407
-0.110847    1.06347
-0.108904    1.06287
-0.106962    1.06227
-0.105023    1.06166
-0.103085    1.06104
-0.101149    1.06042
-0.0992143    1.05979
-0.0972817    1.05916
-0.0953509    1.05853
-0.0934219    1.05789
-0.0914947    1.05724
-0.0895693    1.05659
-0.0876457    1.05593
-0.085724    1.05527
-0.0838041    1.0546
-0.0818861    1.05393
-0.07997    1.05325
-0.0780557    1.05257
-0.0761433    1.05188
-0.0742328    1.05119
-0.0723241    1.05049
-0.0704174    1.04979
-0.0685126    1.04908
-0.0666097    1.04837
-0.0647088    1.04765
-0.0628098    1.04693
-0.0609127    1.0462
-0.0590176    1.04547
-0.0571245    1.04473
-0.0552334    1.04399
-0.0533442    1.04324
-0.051457    1.04248
-0.0495718    1.04173
-0.0476887    1.04096
-0.0458075    1.04019
-0.0439284    1.03942
-0.0420513    1.03864
-0.0401762    1.03786
-0.0383032    1.03707
-0.0364322    1.03628
-0.0345633    1.03548
-0.0326965    1.03468
-0.0308318    1.03387
-0.0289692    1.03306
-0.0271086    1.03224
-0.0252502    1.03142
-0.0233938    1.03059
-0.0215396    1.02975
-0.0196875    1.02892
-0.0178376    1.02807
-0.0159898    1.02723
-0.0141442    1.02637
-0.0123007    1.02552
-0.0104594    1.02466
-0.00862021    1.02379
-0.00678324    1.02292
-0.00494847    1.02204
-0.00311589    1.02116
-0.00128552    1.02027
0.000542634    1.01938
0.00236857    1.01848
0.00419228    1.01758
0.00601376    1.01668
0.007833    1.01577
0.00964998    1.01485
0.0114647    1.01393
0.0132772    1.01301
0.0150874    1.01208
0.0168953    1.01114
0.0187009    1.0102
0.0205043    1.00926
0.0223053    1.00831
0.024104    1.00735
0.0259005    1.0064
0.0276946    1.00543
0.0294863    1.00446
0.0312758    1.00349
0.0330629    1.00251
0.0348476    1.00153
0.03663    1.00054
0.0384101    0.999553
0.0401877    0.998556
0.041963    0.997555
0.0437359    0.99655
0.0455065    0.995539
0.0472746    0.994524
0.0490403    0.993504
0.0508036    0.99248
0.0525646    0.99145
0.054323    0.990417
0.0560791    0.989378
0.0578327    0.988335
0.0595839    0.987288
0.0613327    0.986235
0.063079    0.985178
0.0648228    0.984117
0.0665642    0.983051
0.0683031    0.98198
0.0700395    0.980905
0.0717734    0.979825
0.0735049    0.97874
0.0752338    0.977651
0.0769603    0.976558
0.0786843    0.97546
0.0804057    0.974357
0.0821246    0.97325
0.083841    0.972138
0.0855549    0.971022
0.0872662    0.969901
0.088975    0.968776
0.0906812    0.967646
0.0923849    0.966512
0.0940861    0.965373
0.0957846    0.96423
0.0974806    0.963082
0.099174    0.96193
0.100865    0.960773
0.102553    0.959612
0.104239    0.958447
0.105922    0.957277
0.107602    0.956102
0.10928    0.954923
0.110955    0.95374
0.112628    0.952553
0.114298    0.951361
0.115965    0.950164
0.11763    0.948963
0.119292    0.947758
0.120952    0.946549
0.122608    0.945335
0.124263    0.944117
0.125914    0.942894
0.127563    0.941667
0.129209    0.940436
0.130853    0.9392
0.132493    0.93796
0.134132    0.936716
0.135767    0.935467
0.1374    0.934215
0.13903    0.932958
0.140657    0.931696
0.142282    0.93043
0.143904    0.929161
0.145523    0.927886
0.147139    0.926608
0.148753    0.925325
0.150364    0.924038
0.151972    0.922747
0.153578    0.921452
0.155181    0.920152
0.156781    0.918849
0.158378    0.917541
0.159973    0.916228
0.161564    0.914912
0.163153    0.913592
0.16474    0.912267
0.166323    0.910938
0.167904    0.909605
0.169482    0.908268
0.171057    0.906927
0.172629    0.905581
0.174199    0.904232
0.175766    0.902878
0.17733    0.901521
0.178891    0.900159
0.180449    0.898793
0.182005    0.897423
0.183557    0.896049
0.185107    0.894671
0.186654    0.893289
0.188199    0.891902
0.18974    0.890512
0.191279    0.889118
0.192814    0.887719
0.194347    0.886317
0.195877    0.884911
0.197405    0.8835
0.198929    0.882086
0.20045    0.880668
0.201969    0.879245
0.203485    0.877819
0.204998    0.876389
0.206508    0.874955
0.208015    0.873516
0.209519    0.872074
0.211021    0.870628
0.212519    0.869178
0.214015    0.867724
0.215508    0.866267
0.216998    0.864805
0.218485    0.863339
0.219969    0.86187
0.22145    0.860396
0.222928    0.858919
0.224404    0.857438
0.225876    0.855953
0.227346    0.854464
0.228812    0.852972
0.230276    0.851475
0.231737    0.849975
0.233195    0.848471
0.23465    0.846963
0.236102    0.845451
0.237551    0.843936
0.238997    0.842417
0.24044    0.840894
0.241881    0.839367
0.243318    0.837836
0.244752    0.836302
0.246184    0.834764
0.247612    0.833222
0.249038    0.831676
0.250461    0.830127
0.25188    0.828574
0.253297    0.827018
0.254711    0.825457
0.256122    0.823893
0.25753    0.822325
0.258935    0.820754
0.260336    0.819179
0.261735    0.8176
0.263131    0.816018
0.264524    0.814432
0.265914    0.812842
0.267301    0.811249
0.268686    0.809652
0.270067    0.808052
0.271445    0.806448
0.27282    0.80484
0.274192    0.803229
0.275561    0.801614
0.276927    0.799995
0.278291    0.798373
0.279651    0.796748
0.281008    0.795119
0.282362    0.793486
0.283713    0.79185
0.285062    0.790211
0.286407    0.788567
0.287749    0.786921
0.289088    0.785271
0.290425    0.783617
0.291758    0.78196
0.293088    0.780299
0.294415    0.778635
0.295739    0.776968
0.297061    0.775297
0.298379    0.773622
0.299694    0.771945
0.301006    0.770263
0.302315    0.768579
0.303621    0.766891
0.304924    0.765199
0.306224    0.763504
0.307521    0.761806
0.308816    0.760105
0.310107    0.7584
0.311395    0.756691
0.31268    0.75498
0.313961    0.753265
0.31524    0.751546
0.316516    0.749825
0.317789    0.7481
0.319059    0.746372
0.320326    0.74464
0.32159    0.742905
0.32285    0.741167
0.324108    0.739426
0.325363    0.737681
0.326615    0.735933
0.327863    0.734182
0.329109    0.732427
0.330351    0.73067
0.331591    0.728909
0.332828    0.727145
0.334061    0.725377
0.335292    0.723607
0.336519    0.721833
0.337743    0.720056
0.338965    0.718276
0.340183    0.716493
0.341398    0.714706
0.342611    0.712917
0.34382    0.711124
0.345026    0.709328
0.346229    0.707529
0.347429    0.705727
0.348627    0.703922
0.349821    0.702113
0.351012    0.700302
0.3522    0.698487
0.353385    0.69667
0.354567    0.694849
0.355745    0.693025
0.356921    0.691199
0.358094    0.689369
0.359264    0.687536
0.360431    0.6857
0.361595    0.683861
0.362755    0.682019
0.363913    0.680174
0.365068    0.678326
0.366219    0.676475
0.367368    0.674621
0.368513    0.672764
0.369656    0.670905
0.370795    0.669042
0.371932    0.667176
0.373065    0.665307
0.374196    0.663436
0.375323    0.661561
0.376447    0.659684
0.377569    0.657803
0.378687    0.65592
0.379802    0.654034
0.380915    0.652145
0.382024    0.650253
0.38313    0.648358
0.384233    0.64646
0.385334    0.64456
0.386431    0.642657
0.387525    0.64075
0.388616    0.638841
0.389704    0.63693
0.390789    0.635015
0.391872    0.633098
0.392951    0.631177
0.394027    0.629254
0.3951    0.627329
0.39617    0.6254
0.397237    0.623469
0.398301    0.621535
0.399362    0.619598
0.40042    0.617658
0.401475    0.615716
0.402527    0.613771
0.403576    0.611823
0.404622    0.609873
0.405665    0.60792
0.406706    0.605964
0.407743    0.604006
0.408777    0.602044
0.409808    0.600081
0.410836    0.598114
0.411861    0.596145
0.412883    0.594173
0.413902    0.592199
0.414918    0.590222
0.415932    0.588243
0.416942    0.58626
0.417949    0.584276
0.418953    0.582288
0.419955    0.580298
0.420953    0.578306
0.421948    0.576311
0.422941    0.574313
0.42393    0.572313
0.424916    0.57031
0.4259    0.568305
0.42688    0.566297
0.427858    0.564287
0.428833    0.562274
0.429804    0.560259
0.430773    0.558241
0.431739    0.556221
0.432701    0.554198
0.433661    0.552173
0.434618    0.550146
0.435572    0.548116
0.436523    0.546083
0.437471    0.544048
0.438416    0.542011
0.439359    0.539971
0.440298    0.537929
0.441234    0.535884
0.442168    0.533837
0.443098    0.531788
0.444026    0.529736
0.444951    0.527682
0.445872    0.525626
0.446791    0.523567
0.447707    0.521506
0.44862    0.519443
0.44953    0.517377
0.450437    0.515309
0.451342    0.513238
0.452243    0.511166
0.453142    0.509091
0.454037    0.507014
0.45493    0.504934
0.45582    0.502852
0.456707    0.500768
0.457591    0.498682
0.458472    0.496594
0.459351    0.494503
0.460226    0.49241
0.461099    0.490315
0.461968    0.488217
0.462835    0.486118
0.463699    0.484016
0.46456    0.481912
0.465419    0.479806
0.466274    0.477698
0.467127    0.475587
0.467976    0.473475
0.468823    0.47136
0.469667    0.469243
0.470508    0.467124
0.471347    0.465003
0.472182    0.46288
0.473015    0.460755
0.473845    0.458627
0.474672    0.456498
0.475496    0.454366
0.476318    0.452233
0.477136    0.450097
0.477952    0.447959
0.478765    0.44582
0.479576    0.443678
0.480383    0.441534
0.481188    0.439388
0.481989    0.437241
0.482789    0.435091
0.483585    0.432939
0.484378    0.430785
0.485169    0.42863
0.485957    0.426472
0.486742    0.424312
0.487525    0.422151
0.488304    0.419987
0.489081    0.417822
0.489855    0.415654
0.490627    0.413485
0.491395    0.411314
0.492161    0.409141
0.492924    0.406966
0.493685    0.404789
0.494442    0.40261
0.495197    0.40043
0.49595    0.398247
0.496699    0.396063
0.497446    0.393877
0.49819    0.391689
0.498931    0.389499
0.49967    0.387308
0.500406    0.385114
0.501139    0.382919
0.50187    0.380722
0.502598    0.378523
0.503323    0.376323
0.504046    0.374121
0.504766    0.371917
0.505483    0.369711
0.506197    0.367503
0.506909    0.365294
0.507618    0.363083
0.508325    0.36087
0.509029    0.358656
0.50973    0.35644
0.510429    0.354222
0.511125    0.352003
0.511818    0.349782
0.512509    0.347559
0.513197    0.345334
0.513882    0.343108
0.514565    0.340881
0.515245    0.338651
0.515923    0.33642
0.516598    0.334188
0.517271    0.331954
0.51794    0.329718
0.518608    0.327481
0.519272    0.325242
0.519934    0.323001
0.520594    0.320759
0.521251    0.318516
0.521905    0.316271
0.522557    0.314024
0.523206    0.311776
0.523853    0.309526
0.524497    0.307275
0.525139    0.305022
0.525778    0.302768
0.526415    0.300512
0.527049    0.298255
0.52768    0.295996
0.528309    0.293736
0.528936    0.291475
0.52956    0.289212
0.530181    0.286947
0.5308    0.284682
0.531417    0.282414
0.532031    0.280146
0.532642    0.277876
0.533251    0.275604
0.533858    0.273331
0.534462    0.271057
0.535064    0.268782
0.535663    0.266505
0.53626    0.264226
0.536854    0.261947
0.537446    0.259666
0.538035    0.257384
0.538622    0.2551
0.539207    0.252815
0.539789    0.250529
0.540369    0.248241
0.540946    0.245953
0.541521    0.243663
0.542094    0.241371
0.542664    0.239079
0.543232    0.236785
0.543797    0.23449
0.54436    0.232194
0.544921    0.229896
0.545479    0.227597
0.546035    0.225298
0.546589    0.222996
0.54714    0.220694
0.547689    0.218391
0.548235    0.216086
0.54878    0.21378
0.549321    0.211473
0.549861    0.209165
0.550398    0.206856
0.550933    0.204546
0.551466    0.202234
0.551996    0.199922
0.552524    0.197608
0.55305    0.195293
0.553574    0.192977
0.554095    0.19066
0.554614    0.188342
0.55513    0.186023
0.555645    0.183703
0.556157    0.181382
0.556667    0.17906
0.557175    0.176736
0.55768    0.174412
0.558183    0.172087
0.558684    0.169761
0.559183    0.167433
0.55968    0.165105
0.560174    0.162776
0.560667    0.160446
0.561157    0.158114
0.561644    0.155782
0.56213    0.153449
0.562614    0.151115
0.563095    0.14878
0.563574    0.146445
0.564051    0.144108
0.564526    0.14177
0.564999    0.139432
0.565469    0.137092
0.565938    0.134752
0.566404    0.132411
0.566868    0.130069
0.56733    0.127726
0.56779    0.125382
0.568248    0.123038
0.568704    0.120693
0.569158    0.118346
0.56961    0.115999
0.570059    0.113652
0.570507    0.111303
0.570952    0.108954
0.571396    0.106604
0.571837    0.104253
0.572277    0.101901
0.572714    0.0995489
0.573149    0.0971957
0.573582    0.0948419
0.574014    0.0924874
0.574443    0.0901321
0.57487    0.0877761
0.575296    0.0854194
0.575719    0.0830621
0.57614    0.080704
0.57656    0.0783453
0.576977    0.0759859
0.577392    0.0736259
0.577806    0.0712652
0.578217    0.0689039
0.578627    0.066542
0.579035    0.0641794
0.579441    0.0618163
0.579844    0.0594525
0.580246    0.0570881
0.580646    0.0547231
0.581044    0.0523576
0.581441    0.0499915
0.581835    0.0476248
0.582228    0.0452576
0.582618    0.0428898
0.583007    0.0405215
0.583394    0.0381527
0.583779    0.0357834
0.584162    0.0334135
0.584544    0.0310431
0.584923    0.0286723
0.585301    0.0263009
0.585677    0.0239291
0.586051    0.0215568
0.586423    0.0191841
0.586794    0.0168108
0.587163    0.0144372
0.58753    0.0120631
0.587895    0.00968859
0.588259    0.00731366
0.58862    0.00493832
0.58898    0.00256257
0.589339    0.000186435
0.589695    -0.00219009
0.59005    -0.00456699
0.590403    -0.00694426
0.590754    -0.00932189
0.591104    -0.0116999
0.591452    -0.0140782
0.591798    -0.0164569
0.592143    -0.0188359
0.592486    -0.0212152
0.592827    -0.0235948
0.593167    -0.0259747
0.593505    -0.0283549
0.593841    -0.0307354
0.594176    -0.0331162
0.594509    -0.0354973
0.59484    -0.0378786
0.59517    -0.0402601
0.595498    -0.0426419
0.595825    -0.045024
0.59615    -0.0474062
0.596474    -0.0497887
0.596796    -0.0521714
0.597116    -0.0545543
0.597435    -0.0569374
0.597752    -0.0593207
0.598068    -0.0617042
0.598382    -0.0640878
0.598694    -0.0664716
0.599006    -0.0688555
0.599315    -0.0712396
0.599623    -0.0736239
0.59993    -0.0760082
0.600235    -0.0783927
0.600539    -0.0807773
0.600841    -0.083162
0.601142    -0.0855468
0.601441    -0.0879316
0.601739    -0.0903166
0.602035    -0.0927016
0.60233    -0.0950867
0.602624    -0.0974719
0.602916    -0.099857
0.603207    -0.102242
0.603496    -0.104628
0.603784    -0.107013
0.60407    -0.109398
0.604356    -0.111783
0.604639    -0.114169
0.604922    -0.116554
0.605203    -0.118939
0.605483    -0.121325
0.605761    -0.12371
0.606038    -0.126095
0.606314    -0.12848
0.606588    -0.130865
0.606861    -0.13325
0.607133    -0.135635
0.607404    -0.13802
0.607673    -0.140405
0.607941    -0.142789
0.608208    -0.145174
0.608474    -0.147558
0.608738    -0.149942
0.609001    -0.152327
0.609263    -0.154711
0.609523    -0.157095
0.609783    -0.159478
0.610041    -0.161862
0.610298    -0.164245
0.610554    -0.166628
0.610808    -0.169011
0.611062    -0.171394
0.611314    -0.173777
0.611565    -0.176159
0.611815    -0.178541
0.612064    -0.180923
0.612312    -0.183305
0.612559    -0.185687
0.612804    -0.188068
0.613049    -0.190449
0.613292    -0.19283
0.613534    -0.19521
0.613775    -0.19759
0.614015    -0.19997
0.614254    -0.20235
0.614492    -0.204729
0.614729    -0.207108
0.614965    -0.209486
0.6152    -0.211865
0.615434    -0.214243
0.615667    -0.21662
0.615899    -0.218998
0.61613    -0.221374
0.61636    -0.223751
0.616589    -0.226127
0.616817    -0.228503
0.617044    -0.230878
0.61727    -0.233253
0.617495    -0.235628
0.617719    -0.238002
0.617943    -0.240376
0.618165    -0.242749
0.618386    -0.245122
0.618607    -0.247494
0.618827    -0.249866
0.619046    -0.252238
0.619264    -0.254609
0.619481    -0.256979
0.619697    -0.259349
0.619912    -0.261719
0.620127    -0.264088
0.620341    -0.266457
0.620554    -0.268825
0.620766    -0.271192
0.620977    -0.273559
0.621188    -0.275926
0.621398    -0.278291
0.621607    -0.280657
0.621815    -0.283022
0.622023    -0.285386
0.622229    -0.287749
0.622435    -0.290113
0.622641    -0.292475
0.622845    -0.294837
0.623049    -0.297198
0.623253    -0.299559
0.623455    -0.301919
0.623657    -0.304278
0.623858    -0.306637
0.624059    -0.308995
0.624259    -0.311353
0.624458    -0.313709
0.624656    -0.316066
0.624854    -0.318421
0.625052    -0.320776
0.625248    -0.32313
0.625445    -0.325483
0.62564    -0.327836
0.625835    -0.330188
0.62603    -0.332539
0.626224    -0.33489
0.626417    -0.33724
0.62661    -0.339589
0.626802    -0.341937
0.626994    -0.344285
0.627185    -0.346632
0.627376    -0.348978
0.627566    -0.351323
0.627756    -0.353668
0.627945    -0.356011
0.628134    -0.358354
0.628322    -0.360696
0.62851    -0.363038
0.628697    -0.365378
0.628884    -0.367718
0.629071    -0.370056
0.629257    -0.372394
0.629443    -0.374732
0.629628    -0.377068
0.629813    -0.379403
0.629998    -0.381738
0.630182    -0.384071
0.630366    -0.386404
0.63055    -0.388736
0.630733    -0.391067
0.630916    -0.393397
0.631098    -0.395726
0.631281    -0.398055
0.631463    -0.400382
0.631644    -0.402708
0.631826    -0.405034
0.632007    -0.407358
0.632188    -0.409682
0.632368    -0.412004
0.632549    -0.414326
0.632729    -0.416646
0.632909    -0.418966
0.633089    -0.421285
0.633268    -0.423602
0.633448    -0.425919
0.633627    -0.428235
0.633806    -0.430549
0.633984    -0.432863
0.634163    -0.435176
0.634342    -0.437487
0.63452    -0.439798
0.634698    -0.442107
0.634876    -0.444415
0.635054    -0.446723
0.635232    -0.449029
0.63541    -0.451334
0.635588    -0.453638
0.635765    -0.455941
0.635943    -0.458243
0.636121    -0.460544
0.636298    -0.462844
0.636476    -0.465142
0.636653    -0.46744
0.63683    -0.469736
0.637008    -0.472031
0.637185    -0.474325
0.637363    -0.476618
0.63754    -0.478909
0.637718    -0.4812
0.637895    -0.483489
0.638073    -0.485778
0.638251    -0.488064
0.638428    -0.49035
0.638606    -0.492635
0.638784    -0.494918
0.638962    -0.4972
0.63914    -0.499481
0.639318    -0.501761
0.639497    -0.50404
0.639675    -0.506317
0.639854    -0.508593
0.640033    -0.510868
0.640212    -0.513141
0.640391    -0.515413
0.64057    -0.517684
0.64075    -0.519954
0.64093    -0.522222
0.64111    -0.524489
0.64129    -0.526755
0.641471    -0.52902
0.641651    -0.531283
0.641832    -0.533545
0.642013    -0.535805
0.642195    -0.538064
0.642377    -0.540322
0.642559    -0.542579
0.642741    -0.544834
0.642924    -0.547088
0.643107    -0.54934
0.64329    -0.551591
0.643474    -0.553841
0.643658    -0.556089
0.643843    -0.558336
0.644027    -0.560582
0.644213    -0.562826
0.644398    -0.565069
0.644584    -0.56731
0.644771    -0.56955
0.644957    -0.571789
0.645145    -0.574026
0.645332    -0.576261
0.645521    -0.578495
0.645709    -0.580728
0.645898    -0.582959
0.646088    -0.585189
0.646278    -0.587418
0.646468    -0.589644
0.64666    -0.59187
0.646851    -0.594094
0.647043    -0.596316
0.647236    -0.598537
0.647429    -0.600756
0.647623    -0.602974
0.647817    -0.605191
0.648012    -0.607406
0.648208    -0.609619
0.648404    -0.611831
0.6486    -0.614041
0.648798    -0.61625
0.648996    -0.618457
0.649194    -0.620662
0.649393    -0.622866
0.649593    -0.625069
0.649794    -0.62727
0.649995    -0.629469
0.650197    -0.631667
0.6504    -0.633863
0.650603    -0.636057
0.650807    -0.63825
0.651012    -0.640441
0.651217    -0.642631
0.651424    -0.644819
0.651631    -0.647005
0.651838    -0.64919
0.652047    -0.651373
0.652256    -0.653555
0.652466    -0.655734
0.652677    -0.657912
0.652889    -0.660089
0.653102    -0.662264
0.653315    -0.664437
0.653529    -0.666608
0.653744    -0.668778
0.65396    -0.670946
0.654177    -0.673112
0.654395    -0.675277
0.654613    -0.67744
0.654833    -0.679601
0.655053    -0.681761
0.655275    -0.683918
0.655497    -0.686074
0.65572    -0.688229
0.655944    -0.690381
0.656169    -0.692532
0.656395    -0.694681
0.656622    -0.696828
0.65685    -0.698973
0.65708    -0.701117
0.65731    -0.703259
0.657541    -0.705399
0.657773    -0.707537
0.658006    -0.709674
0.65824    -0.711809
0.658475    -0.713941
0.658712    -0.716072
0.658949    -0.718202
0.659188    -0.720329
0.659427    -0.722455
0.659668    -0.724578
0.65991    -0.7267
0.660153    -0.72882
0.660397    -0.730938
0.660642    -0.733055
0.660888    -0.735169
0.661136    -0.737282
0.661385    -0.739392
0.661634    -0.741501
0.661886    -0.743608
0.662138    -0.745713
0.662391    -0.747816
0.662646    -0.749917
0.662902    -0.752017
0.663159    -0.754114
0.663418    -0.756209
0.663677    -0.758303
0.663938    -0.760394
0.664201    -0.762484
0.664464    -0.764572
0.664729    -0.766657
0.664995    -0.768741
0.665263    -0.770823
0.665532    -0.772903
0.665802    -0.774981
0.666073    -0.777056
0.666346    -0.77913
0.666621    -0.781202
0.666896    -0.783272
0.667173    -0.78534
0.667452    -0.787406
0.667732    -0.78947
0.668013    -0.791531
0.668296    -0.793591
0.66858    -0.795649
0.668865    -0.797705
0.669152    -0.799758
0.669441    -0.80181
0.669731    -0.80386
0.670022    -0.805907
0.670315    -0.807953
0.67061    -0.809996
0.670906    -0.812037
0.671203    -0.814076
0.671502    -0.816114
0.671803    -0.818149
0.672105    -0.820182
0.672408    -0.822212
0.672714    -0.824241
0.673021    -0.826268
0.673329    -0.828292
0.673639    -0.830315
0.673951    -0.832335
0.674264    -0.834353
0.674579    -0.836369
0.674895    -0.838383
0.675214    -0.840394
0.675533    -0.842404
0.675855    -0.844411
0.676178    -0.846416
0.676503    -0.848419
0.67683    -0.85042
0.677158    -0.852419
0.677488    -0.854415
0.67782    -0.856409
0.678153    -0.858401
0.678488    -0.860391
0.678825    -0.862379
0.679164    -0.864364
0.679504    -0.866347
0.679847    -0.868328
0.680191    -0.870307
0.680537    -0.872283
0.680884    -0.874258
0.681234    -0.876229
0.681585    -0.878199
0.681938    -0.880167
0.682293    -0.882132
0.68265    -0.884095
0.683009    -0.886055
0.68337    -0.888013
0.683732    -0.889969
0.684097    -0.891923
0.684463    -0.893875
0.684831    -0.895824
0.685201    -0.89777
0.685573    -0.899715
0.685947    -0.901657
0.686323    -0.903597
0.686701    -0.905534
0.687081    -0.907469
0.687463    -0.909402
0.687847    -0.911333
0.688233    -0.913261
0.688621    -0.915186
0.689011    -0.91711
0.689403    -0.919031
0.689797    -0.920949
0.690193    -0.922865
0.690591    -0.924779
0.690991    -0.92669
0.691393    -0.928599
0.691797    -0.930506
0.692204    -0.93241
0.692612    -0.934312
0.693023    -0.936211
0.693436    -0.938108
0.693851    -0.940002
0.694268    -0.941894
0.694687    -0.943784
0.695108    -0.945671
0.695532    -0.947556
0.695957    -0.949438
0.696385    -0.951317
0.696815    -0.953195
0.697247    -0.955069
0.697682    -0.956942
0.698118    -0.958811
0.698557    -0.960679
0.698999    -0.962543
0.699442    -0.964405
0.699888    -0.966265
0.700336    -0.968122
0.700786    -0.969977
0.701238    -0.971829
0.701693    -0.973679
0.70215    -0.975526
0.702609    -0.97737
0.703071    -0.979212
0.703535    -0.981051
0.704002    -0.982888
0.70447    -0.984722
0.704942    -0.986554
0.705415    -0.988383
0.705891    -0.990209
0.706369    -0.992033
0.70685    -0.993854
0.707333    -0.995673
0.707818    -0.997489
0.708306    -0.999302
0.708796    -1.00111
0.709289    -1.00292
0.709784    -1.00473
0.710282    -1.00653
0.710782    -1.00833
0.711285    -1.01013
0.71179    -1.01192
0.712297    -1.01371
0.712808    -1.0155
0.71332    -1.01729
0.713835    -1.01907
0.714353    -1.02086
0.714873    -1.02263
0.715396    -1.02441
0.715921    -1.02618
0.716449    -1.02795
0.716979    -1.02972
0.717512    -1.03149
0.718048    -1.03325
0.718586    -1.03501
0.719127    -1.03677
0.71967    -1.03852
0.720217    -1.04027
0.720765    -1.04202
0.721317    -1.04377
0.721871    -1.04551
0.722427    -1.04725
0.722987    -1.04899
0.723549    -1.05072
0.724113    -1.05245
0.724681    -1.05418
0.725251    -1.05591
0.725823    -1.05763
0.726399    -1.05935
0.726977    -1.06107
0.727558    -1.06278
0.728142    -1.0645
0.728729    -1.0662
0.729318    -1.06791
0.72991    -1.06961
0.730505    -1.07131
0.731102    -1.07301
0.731703    -1.07471
0.732306    -1.0764
0.732912    -1.07809
0.733521    -1.07977
0.734133    -1.08146
0.734747    -1.08314
