-1.30688    0.0696779
-1.30647    0.072211
-1.30607    0.0747432
-1.30565    0.0772745
-1.30524    0.0798049
-1.30482    0.0823345
-1.3044    0.0848631
-1.30398    0.0873909
-1.30355    0.0899177
-1.30312    0.0924436
-1.30268    0.0949686
-1.30224    0.0974927
-1.3018    0.100016
-1.30135    0.102538
-1.3009    0.105059
-1.30045    0.107579
-1.29999    0.110098
-1.29953    0.112617
-1.29907    0.115134
-1.2986    0.11765
-1.29813    0.120165
-1.29766    0.122679
-1.29718    0.125192
-1.2967    0.127704
-1.29621    0.130215
-1.29572    0.132725
-1.29523    0.135234
-1.29473    0.137742
-1.29423    0.140248
-1.29373    0.142754
-1.29322    0.145258
-1.29271    0.147762
-1.2922    0.150264
-1.29168    0.152765
-1.29116    0.155265
-1.29064    0.157763
-1.29011    0.160261
-1.28957    0.162757
-1.28904    0.165252
-1.2885    0.167746
-1.28796    0.170239
-1.28741    0.17273
-1.28686    0.175221
-1.28631    0.17771
-1.28575    0.180198
-1.28519    0.182684
-1.28462    0.185169
-1.28405    0.187653
-1.28348    0.190136
-1.28291    0.192618
-1.28233    0.195098
-1.28174    0.197577
-1.28116    0.200054
-1.28057    0.20253
-1.27997    0.205005
-1.27937    0.207478
-1.27877    0.20995
-1.27817    0.212421
-1.27756    0.214891
-1.27695    0.217359
-1.27633    0.219825
-1.27571    0.22229
-1.27509    0.224754
-1.27446    0.227216
-1.27383    0.229677
-1.27319    0.232136
-1.27255    0.234594
-1.27191    0.237051
-1.27127    0.239506
-1.27062    0.241959
-1.26996    0.244411
-1.26931    0.246862
-1.26864    0.249311
-1.26798    0.251758
-1.26731    0.254204
-1.26664    0.256649
-1.26596    0.259091
-1.26528    0.261533
-1.2646    0.263972
-1.26391    0.266411
-1.26322    0.268847
-1.26253    0.271282
-1.26183    0.273715
-1.26113    0.276147
-1.26042    0.278577
-1.25971    0.281005
-1.259    0.283432
-1.25828    0.285857
-1.25756    0.28828
-1.25684    0.290702
-1.25611    0.293122
-1.25538    0.29554
-1.25464    0.297957
-1.2539    0.300372
-1.25316    0.302785
-1.25241    0.305196
-1.25166    0.307606
-1.25091    0.310014
-1.25015    0.31242
-1.24939    0.314824
-1.24862    0.317227
-1.24785    0.319627
-1.24708    0.322026
-1.2463    0.324423
-1.24552    0.326819
-1.24473    0.329212
-1.24394    0.331604
-1.24315    0.333993
-1.24236    0.336381
-1.24156    0.338767
-1.24075    0.341151
-1.23994    0.343533
-1.23913    0.345913
-1.23832    0.348292
-1.2375    0.350668
-1.23668    0.353042
-1.23585    0.355415
-1.23502    0.357785
-1.23418    0.360154
-1.23335    0.36252
-1.2325    0.364885
-1.23166    0.367247
-1.23081    0.369608
-1.22996    0.371966
-1.2291    0.374323
-1.22824    0.376677
-1.22737    0.379029
-1.2265    0.381379
-1.22563    0.383728
-1.22476    0.386074
-1.22388    0.388418
-1.22299    0.39076
-1.2221    0.393099
-1.22121    0.395437
-1.22032    0.397772
-1.21942    0.400106
-1.21852    0.402437
-1.21761    0.404766
-1.2167    0.407093
-1.21579    0.409417
-1.21487    0.41174
-1.21395    0.41406
-1.21302    0.416378
-1.21209    0.418694
-1.21116    0.421007
-1.21022    0.423318
-1.20928    0.425627
-1.20833    0.427934
-1.20739    0.430238
-1.20643    0.432541
-1.20548    0.43484
-1.20452    0.437138
-1.20355    0.439433
-1.20259    0.441726
-1.20162    0.444016
-1.20064    0.446305
-1.19966    0.44859
-1.19868    0.450874
-1.19769    0.453155
-1.1967    0.455433
-1.19571    0.45771
-1.19471    0.459983
-1.19371    0.462255
-1.1927    0.464524
-1.19169    0.46679
-1.19068    0.469054
-1.18966    0.471316
-1.18864    0.473575
-1.18762    0.475831
-1.18659    0.478085
-1.18556    0.480337
-1.18452    0.482586
-1.18348    0.484832
-1.18244    0.487076
-1.18139    0.489317
-1.18034    0.491556
-1.17928    0.493792
-1.17823    0.496026
-1.17716    0.498257
-1.1761    0.500485
-1.17503    0.502711
-1.17395    0.504934
-1.17287    0.507155
-1.17179    0.509373
-1.17071    0.511588
-1.16962    0.5138
-1.16853    0.51601
-1.16743    0.518218
-1.16633    0.520422
-1.16523    0.522624
-1.16412    0.524823
-1.16301    0.527019
-1.16189    0.529213
-1.16077    0.531403
-1.15965    0.533591
-1.15852    0.535777
-1.15739    0.537959
-1.15626    0.540139
-1.15512    0.542316
-1.15398    0.54449
-1.15283    0.546661
-1.15168    0.548829
-1.15053    0.550995
-1.14937    0.553157
-1.14821    0.555317
-1.14705    0.557474
-1.14588    0.559628
-1.14471    0.561779
-1.14353    0.563927
-1.14236    0.566073
-1.14117    0.568215
-1.13999    0.570354
-1.1388    0.572491
-1.1376    0.574624
-1.1364    0.576755
-1.1352    0.578882
-1.134    0.581007
-1.13279    0.583128
-1.13158    0.585247
-1.13036    0.587362
-1.12914    0.589475
-1.12792    0.591584
-1.12669    0.59369
-1.12546    0.595793
-1.12422    0.597894
-1.12299    0.599991
-1.12174    0.602085
-1.1205    0.604175
-1.11925    0.606263
-1.118    0.608348
-1.11674    0.610429
-1.11548    0.612507
-1.11421    0.614582
-1.11295    0.616654
-1.11168    0.618723
-1.1104    0.620789
-1.10912    0.622851
-1.10784    0.62491
-1.10655    0.626966
-1.10526    0.629019
-1.10397    0.631068
-1.10267    0.633114
-1.10137    0.635157
-1.10007    0.637197
-1.09876    0.639233
-1.09745    0.641266
-1.09614    0.643296
-1.09482    0.645322
-1.09349    0.647345
-1.09217    0.649365
-1.09084    0.651381
-1.08951    0.653394
-1.08817    0.655404
-1.08683    0.65741
-1.08549    0.659413
-1.08414    0.661413
-1.08279    0.663409
-1.08143    0.665401
-1.08008    0.66739
-1.07872    0.669376
-1.07735    0.671358
-1.07598    0.673337
-1.07461    0.675313
-1.07323    0.677284
-1.07186    0.679253
-1.07047    0.681218
-1.06909    0.683179
-1.0677    0.685137
-1.0663    0.687091
-1.06491    0.689042
-1.06351    0.690989
-1.0621    0.692932
-1.0607    0.694872
-1.05929    0.696809
-1.05787    0.698742
-1.05645    0.700671
-1.05503    0.702596
-1.05361    0.704518
-1.05218    0.706437
-1.05075    0.708351
-1.04931    0.710262
-1.04787    0.71217
-1.04643    0.714073
-1.04499    0.715973
-1.04354    0.71787
-1.04209    0.719762
-1.04063    0.721651
-1.03917    0.723536
-1.03771    0.725417
-1.03624    0.727295
-1.03478    0.729169
-1.0333    0.731039
-1.03183    0.732905
-1.03035    0.734768
-1.02886    0.736627
-1.02738    0.738481
-1.02589    0.740333
-1.0244    0.74218
-1.0229    0.744023
-1.0214    0.745863
-1.0199    0.747699
-1.01839    0.74953
-1.01688    0.751358
-1.01537    0.753182
-1.01385    0.755003
-1.01233    0.756819
-1.01081    0.758631
-1.00929    0.76044
-1.00776    0.762244
-1.00622    0.764045
-1.00469    0.765841
-1.00315    0.767634
-1.00161    0.769422
-1.00006    0.771207
-0.998512    0.772988
-0.99696    0.774764
-0.995405    0.776537
-0.993846    0.778306
-0.992284    0.78007
-0.990719    0.781831
-0.989151    0.783587
-0.98758    0.78534
-0.986005    0.787088
-0.984427    0.788832
-0.982847    0.790572
-0.981262    0.792308
-0.979675    0.79404
-0.978085    0.795768
-0.976491    0.797492
-0.974894    0.799212
-0.973294    0.800927
-0.971691    0.802638
-0.970085    0.804345
-0.968476    0.806048
-0.966864    0.807747
-0.965248    0.809441
-0.96363    0.811132
-0.962008    0.812818
-0.960383    0.8145
-0.958756    0.816177
-0.957125    0.817851
-0.955491    0.81952
-0.953854    0.821185
-0.952214    0.822845
-0.950571    0.824502
-0.948925    0.826154
-0.947276    0.827802
-0.945624    0.829445
-0.943969    0.831084
-0.942311    0.832719
-0.94065    0.83435
-0.938986    0.835976
-0.937319    0.837598
-0.935649    0.839215
-0.933976    0.840828
-0.9323    0.842437
-0.930621    0.844041
-0.928939    0.845641
-0.927255    0.847236
-0.925567    0.848827
-0.923877    0.850414
-0.922183    0.851996
-0.920487    0.853574
-0.918788    0.855148
-0.917086    0.856716
-0.915381    0.858281
-0.913674    0.859841
-0.911963    0.861396
-0.91025    0.862947
-0.908533    0.864494
-0.906814    0.866036
-0.905093    0.867573
-0.903368    0.869106
-0.901641    0.870634
-0.89991    0.872158
-0.898177    0.873678
-0.896442    0.875192
-0.894703    0.876702
-0.892962    0.878208
-0.891218    0.879709
-0.889471    0.881205
-0.887722    0.882697
-0.88597    0.884184
-0.884215    0.885667
-0.882457    0.887145
-0.880697    0.888618
-0.878934    0.890087
-0.877168    0.891551
-0.8754    0.89301
-0.873629    0.894465
-0.871856    0.895915
-0.87008    0.89736
-0.868301    0.898801
-0.86652    0.900237
-0.864736    0.901668
-0.862949    0.903095
-0.86116    0.904516
-0.859368    0.905933
-0.857574    0.907346
-0.855777    0.908753
-0.853978    0.910156
-0.852176    0.911554
-0.850371    0.912947
-0.848564    0.914336
-0.846755    0.91572
-0.844943    0.917099
-0.843129    0.918473
-0.841312    0.919842
-0.839492    0.921206
-0.83767    0.922566
-0.835846    0.923921
