-0.253619    -1.10642
-0.252316    -1.10504
-0.251017    -1.10364
-0.249722    -1.10225
-0.24843    -1.10085
-0.247141    -1.09945
-0.245856    -1.09804
-0.244574    -1.09663
-0.243296    -1.09521
-0.242021    -1.0938
-0.24075    -1.09237
-0.239482    -1.09095
-0.238217    -1.08952
-0.236956    -1.08808
-0.235698    -1.08665
-0.234444    -1.0852
-0.233193    -1.08376
-0.231946    -1.08231
-0.230701    -1.08086
-0.229461    -1.0794
-0.228223    -1.07794
-0.22699    -1.07648
-0.225759    -1.07501
-0.224532    -1.07354
-0.223308    -1.07207
-0.222088    -1.07059
-0.220871    -1.06911
-0.219658    -1.06762
-0.218448    -1.06613
-0.217241    -1.06464
-0.216038    -1.06314
-0.214838    -1.06164
-0.213641    -1.06014
-0.212448    -1.05863
-0.211258    -1.05712
-0.210072    -1.05561
-0.208889    -1.05409
-0.207709    -1.05257
-0.206533    -1.05104
-0.20536    -1.04952
-0.20419    -1.04798
-0.203024    -1.04645
-0.201861    -1.04491
-0.200702    -1.04337
-0.199546    -1.04182
-0.198393    -1.04027
-0.197243    -1.03872
-0.196097    -1.03716
-0.194955    -1.0356
-0.193815    -1.03404
-0.192679    -1.03247
-0.191546    -1.0309
-0.190417    -1.02933
-0.189291    -1.02775
-0.188168    -1.02617
-0.187049    -1.02458
-0.185933    -1.023
-0.18482    -1.02141
-0.18371    -1.01981
-0.182604    -1.01821
-0.181501    -1.01661
-0.180402    -1.01501
-0.179305    -1.0134
-0.178212    -1.01179
-0.177123    -1.01017
-0.176036    -1.00856
-0.174953    -1.00694
-0.173873    -1.00531
-0.172797    -1.00368
-0.171724    -1.00205
-0.170654    -1.00042
-0.169587    -0.998779
-0.168523    -0.997138
-0.167463    -0.995494
-0.166406    -0.993846
-0.165353    -0.992195
-0.164302    -0.990541
-0.163255    -0.988884
-0.162211    -0.987223
-0.16117    -0.985559
-0.160133    -0.983892
-0.159099    -0.982222
-0.158068    -0.980548
-0.15704    -0.978872
-0.156015    -0.977192
-0.154994    -0.975509
-0.153976    -0.973822
-0.152961    -0.972133
-0.151949    -0.97044
-0.150941    -0.968744
-0.149936    -0.967046
-0.148934    -0.965343
-0.147935    -0.963638
-0.146939    -0.96193
-0.145946    -0.960219
-0.144957    -0.958504
-0.143971    -0.956786
-0.142988    -0.955066
-0.142008    -0.953342
-0.141031    -0.951615
-0.140058    -0.949885
-0.139087    -0.948152
-0.13812    -0.946416
-0.137156    -0.944676
-0.136195    -0.942934
-0.135237    -0.941189
-0.134283    -0.939441
-0.133331    -0.937689
-0.132383    -0.935935
-0.131437    -0.934178
-0.130495    -0.932417
-0.129556    -0.930654
-0.12862    -0.928888
-0.127687    -0.927118
-0.126758    -0.925346
-0.125831    -0.923571
-0.124907    -0.921792
-0.123987    -0.920011
-0.123069    -0.918227
-0.122155    -0.91644
-0.121244    -0.91465
-0.120335    -0.912857
-0.11943    -0.911061
-0.118528    -0.909263
-0.117629    -0.907461
-0.116733    -0.905657
-0.11584    -0.903849
-0.11495    -0.902039
-0.114063    -0.900226
-0.113179    -0.89841
-0.112298    -0.896591
-0.111421    -0.894769
-0.110546    -0.892945
-0.109674    -0.891117
-0.108805    -0.889287
-0.107939    -0.887454
-0.107076    -0.885618
-0.106216    -0.883779
-0.105359    -0.881938
-0.104506    -0.880094
-0.103655    -0.878247
-0.102807    -0.876397
-0.101962    -0.874544
-0.101119    -0.872689
-0.10028    -0.870831
-0.0994441    -0.86897
-0.0986108    -0.867106
-0.0977805    -0.86524
-0.0969531    -0.863371
-0.0961286    -0.861499
-0.0953071    -0.859624
-0.0944884    -0.857747
-0.0936727    -0.855867
-0.0928598    -0.853984
-0.0920499    -0.852099
-0.0912428    -0.850211
-0.0904386    -0.84832
-0.0896373    -0.846427
-0.0888389    -0.844531
-0.0880433    -0.842632
-0.0872506    -0.840731
-0.0864608    -0.838827
-0.0856738    -0.83692
-0.0848897    -0.835011
-0.0841083    -0.833099
-0.0833299    -0.831184
-0.0825542    -0.829267
-0.0817814    -0.827348
-0.0810114    -0.825425
-0.0802442    -0.8235
-0.0794798    -0.821573
-0.0787182    -0.819643
-0.0779594    -0.81771
-0.0772033    -0.815775
-0.0764501    -0.813837
-0.0756996    -0.811897
-0.074952    -0.809954
-0.074207    -0.808009
-0.0734649    -0.806061
-0.0727254    -0.804111
-0.0719888    -0.802158
-0.0712548    -0.800202
-0.0705236    -0.798244
-0.0697952    -0.796284
-0.0690694    -0.794321
-0.0683464    -0.792356
-0.0676261    -0.790388
-0.0669084    -0.788418
-0.0661935    -0.786445
-0.0654813    -0.78447
-0.0647718    -0.782492
-0.0640649    -0.780512
-0.0633607    -0.778529
-0.0626592    -0.776544
-0.0619603    -0.774557
-0.0612641    -0.772567
-0.0605705    -0.770575
-0.0598796    -0.76858
-0.0591914    -0.766583
-0.0585057    -0.764584
-0.0578227    -0.762582
-0.0571423    -0.760578
-0.0564645    -0.758571
-0.0557893    -0.756563
-0.0551167    -0.754551
-0.0544467    -0.752538
-0.0537792    -0.750522
-0.0531144    -0.748504
-0.0524521    -0.746483
-0.0517924    -0.74446
-0.0511353    -0.742435
-0.0504807    -0.740407
-0.0498287    -0.738378
-0.0491791    -0.736346
-0.0485322    -0.734311
-0.0478877    -0.732275
-0.0472458    -0.730236
-0.0466064    -0.728194
-0.0459695    -0.726151
-0.0453351    -0.724105
-0.0447032    -0.722057
-0.0440738    -0.720007
-0.0434468    -0.717955
-0.0428224    -0.7159
-0.0422004    -0.713843
-0.0415808    -0.711784
-0.0409638    -0.709723
-0.0403491    -0.707659
-0.0397369    -0.705594
-0.0391272    -0.703526
-0.0385198    -0.701456
-0.0379149    -0.699383
-0.0373124    -0.697309
-0.0367123    -0.695233
-0.0361146    -0.693154
-0.0355193    -0.691073
-0.0349264    -0.68899
-0.0343359    -0.686905
-0.0337477    -0.684818
-0.0331619    -0.682728
-0.0325785    -0.680637
-0.0319974    -0.678543
-0.0314187    -0.676447
-0.0308423    -0.67435
-0.0302682    -0.67225
-0.0296964    -0.670148
-0.029127    -0.668044
-0.0285599    -0.665938
-0.0279951    -0.66383
-0.0274325    -0.661719
-0.0268723    -0.659607
-0.0263143    -0.657493
-0.0257587    -0.655376
-0.0252053    -0.653258
-0.0246541    -0.651138
-0.0241052    -0.649015
-0.0235586    -0.646891
-0.0230141    -0.644765
-0.022472    -0.642636
-0.021932    -0.640506
-0.0213943    -0.638373
-0.0208587    -0.636239
-0.0203254    -0.634103
-0.0197943    -0.631965
-0.0192653    -0.629824
-0.0187386    -0.627682
-0.018214    -0.625538
-0.0176915    -0.623392
-0.0171713    -0.621244
-0.0166532    -0.619094
-0.0161372    -0.616942
-0.0156234    -0.614789
-0.0151117    -0.612633
-0.0146021    -0.610476
-0.0140946    -0.608316
-0.0135893    -0.606155
-0.013086    -0.603992
-0.0125849    -0.601827
-0.0120858    -0.59966
-0.0115888    -0.597491
-0.0110939    -0.595321
-0.010601    -0.593148
-0.0101102    -0.590974
-0.00962145    -0.588798
-0.00913473    -0.58662
-0.00865005    -0.58444
-0.00816739    -0.582259
-0.00768675    -0.580076
-0.00720812    -0.577891
-0.00673149    -0.575704
-0.00625686    -0.573515
-0.00578422    -0.571325
-0.00531356    -0.569132
-0.00484487    -0.566939
-0.00437814    -0.564743
-0.00391337    -0.562545
-0.00345056    -0.560346
-0.00298968    -0.558145
-0.00253074    -0.555943
-0.00207373    -0.553738
-0.00161863    -0.551532
-0.00116545    -0.549325
-0.000714166    -0.547115
-0.000264782    -0.544904
0.000182713    -0.542691
0.000628328    -0.540477
0.00107207    -0.53826
0.00151395    -0.536043
0.00195397    -0.533823
0.00239214    -0.531602
0.00282847    -0.529379
0.00326296    -0.527155
0.00369563    -0.524929
0.00412648    -0.522701
0.00455553    -0.520472
0.00498276    -0.518241
0.00540821    -0.516008
0.00583186    -0.513774
0.00625374    -0.511539
0.00667385    -0.509301
0.00709219    -0.507063
0.00750878    -0.504822
0.00792362    -0.50258
0.00833673    -0.500337
0.0087481    -0.498092
0.00915775    -0.495845
0.00956568    -0.493597
0.0099719    -0.491347
0.0103764    -0.489096
0.0107793    -0.486844
0.0111804    -0.484589
0.0115799    -0.482334
0.0119777    -0.480077
0.0123738    -0.477818
0.0127683    -0.475558
0.0131612    -0.473296
0.0135524    -0.471033
0.013942    -0.468769
0.01433    -0.466503
0.0147163    -0.464236
0.0151011    -0.461967
0.0154843    -0.459697
0.0158659    -0.457425
0.0162459    -0.455152
0.0166243    -0.452878
0.0170012    -0.450602
0.0173765    -0.448325
0.0177502    -0.446046
0.0181225    -0.443766
0.0184932    -0.441485
0.0188623    -0.439202
0.01923    -0.436918
0.0195962    -0.434632
0.0199608    -0.432346
0.020324    -0.430058
0.0206857    -0.427768
0.0210459    -0.425478
0.0214047    -0.423186
0.021762    -0.420892
0.0221179    -0.418598
0.0224723    -0.416302
0.0228253    -0.414005
0.0231769    -0.411706
0.023527    -0.409406
0.0238758    -0.407105
0.0242231    -0.404803
0.0245691    -0.4025
0.0249137    -0.400195
0.0252569    -0.397889
0.0255987    -0.395582
0.0259392    -0.393273
0.0262784    -0.390964
0.0266162    -0.388653
0.0269527    -0.386341
0.0272878    -0.384028
0.0276217    -0.381714
0.0279542    -0.379398
0.0282854    -0.377081
0.0286154    -0.374764
0.0289441    -0.372445
0.0292715    -0.370125
0.0295976    -0.367803
0.0299225    -0.365481
0.0302461    -0.363157
0.0305685    -0.360833
0.0308897    -0.358507
0.0312097    -0.35618
0.0315284    -0.353852
0.031846    -0.351523
0.0321623    -0.349193
0.0324775    -0.346862
0.0327914    -0.34453
0.0331043    -0.342197
0.0334159    -0.339863
0.0337264    -0.337527
0.0340358    -0.335191
0.034344    -0.332854
0.0346511    -0.330515
0.0349571    -0.328176
0.0352619    -0.325836
0.0355657    -0.323494
0.0358684    -0.321152
0.03617    -0.318809
0.0364705    -0.316464
0.0367699    -0.314119
0.0370683    -0.311773
0.0373657    -0.309426
0.037662    -0.307078
0.0379573    -0.304729
0.0382515    -0.302379
0.0385448    -0.300028
0.038837    -0.297676
0.0391282    -0.295324
0.0394185    -0.29297
0.0397078    -0.290616
0.0399961    -0.28826
0.0402834    -0.285904
0.0405698    -0.283547
0.0408552    -0.281189
0.0411397    -0.278831
0.0414233    -0.276471
0.0417059    -0.274111
0.0419877    -0.271749
0.0422685    -0.269387
0.0425485    -0.267025
0.0428276    -0.264661
0.0431058    -0.262297
0.0433831    -0.259931
0.0436596    -0.257565
0.0439352    -0.255199
0.04421    -0.252831
0.0444839    -0.250463
0.0447571    -0.248094
0.0450294    -0.245724
0.0453009    -0.243354
0.0455716    -0.240983
0.0458416    -0.238611
0.0461107    -0.236238
0.0463791    -0.233865
0.0466467    -0.231491
0.0469136    -0.229116
0.0471797    -0.226741
0.0474451    -0.224365
0.0477098    -0.221988
0.0479737    -0.219611
0.048237    -0.217233
0.0484995    -0.214855
0.0487614    -0.212476
0.0490226    -0.210096
0.0492831    -0.207715
0.0495429    -0.205334
0.0498021    -0.202953
0.0500607    -0.200571
0.0503186    -0.198188
0.0505759    -0.195804
0.0508325    -0.193421
0.0510886    -0.191036
0.051344    -0.188651
0.0515989    -0.186266
0.0518532    -0.18388
0.0521069    -0.181493
0.05236    -0.179106
0.0526126    -0.176718
0.0528646    -0.17433
0.0531161    -0.171942
0.0533671    -0.169553
0.0536175    -0.167163
0.0538675    -0.164773
0.0541169    -0.162383
0.0543658    -0.159992
0.0546143    -0.1576
0.0548623    -0.155209
0.0551098    -0.152817
0.0553568    -0.150424
0.0556034    -0.148031
0.0558496    -0.145638
0.0560953    -0.143244
0.0563406    -0.14085
0.0565855    -0.138455
0.05683    -0.13606
0.0570741    -0.133665
0.0573178    -0.131269
0.0575611    -0.128873
0.0578041    -0.126477
0.0580467    -0.12408
0.058289    -0.121683
0.0585309    -0.119286
0.0587724    -0.116888
0.0590137    -0.114491
0.0592546    -0.112092
0.0594953    -0.109694
0.0597356    -0.107295
0.0599757    -0.104896
0.0602154    -0.102497
0.0604549    -0.100098
0.0606942    -0.097698
0.0609332    -0.0952981
0.0611719    -0.092898
0.0614104    -0.0904976
0.0616487    -0.0880971
0.0618868    -0.0856964
0.0621247    -0.0832954
0.0623623    -0.0808943
0.0625998    -0.0784931
0.0628371    -0.0760916
0.0630743    -0.07369
0.0633112    -0.0712883
0.0635481    -0.0688864
0.0637847    -0.0664844
0.0640213    -0.0640823
0.0642577    -0.0616801
0.064494    -0.0592777
0.0647302    -0.0568753
0.0649663    -0.0544728
0.0652023    -0.0520702
0.0654382    -0.0496675
0.065674    -0.0472647
0.0659098    -0.044862
0.0661456    -0.0424591
0.0663812    -0.0400562
0.0666169    -0.0376533
0.0668525    -0.0352504
0.0670881    -0.0328475
0.0673237    -0.0304445
0.0675593    -0.0280416
0.067795    -0.0256387
0.0680306    -0.0232357
0.0682662    -0.0208329
0.0685019    -0.01843
0.0687377    -0.0160272
0.0689735    -0.0136245
0.0692093    -0.0112218
0.0694453    -0.00881917
0.0696813    -0.00641663
0.0699174    -0.00401418
0.0701536    -0.00161183
0.0703899    0.000790426
0.0706263    0.00319257
0.0708629    0.00559459
0.0710996    0.00799648
0.0713364    0.0103982
0.0715734    0.0127999
0.0718106    0.0152013
0.0720479    0.0176026
0.0722854    0.0200037
0.0725231    0.0224047
0.072761    0.0248055
0.0729991    0.027206
0.0732374    0.0296064
0.073476    0.0320066
0.0737148    0.0344065
0.0739538    0.0368062
0.0741931    0.0392057
0.0744326    0.0416049
0.0746724    0.0440039
0.0749125    0.0464026
0.0751529    0.0488011
0.0753936    0.0511993
0.0756345    0.0535971
0.0758758    0.0559947
0.0761175    0.058392
0.0763594    0.060789
0.0766017    0.0631857
0.0768444    0.065582
0.0770874    0.067978
0.0773307    0.0703737
0.0775745    0.072769
0.0778186    0.0751639
0.0780632    0.0775585
0.0783081    0.0799527
0.0785535    0.0823465
0.0787993    0.0847399
0.0790455    0.0871329
0.0792921    0.0895255
0.0795392    0.0919177
0.0797868    0.0943095
0.0800348    0.0967008
0.0802833    0.0990917
0.0805323    0.101482
0.0807818    0.103872
0.0810318    0.106262
0.0812823    0.108651
0.0815333    0.111039
0.0817849    0.113427
0.082037    0.115815
0.0822896    0.118202
0.0825428    0.120588
0.0827966    0.122974
0.0830509    0.12536
0.0833058    0.127745
0.0835613    0.130129
0.0838174    0.132513
0.0840741    0.134896
0.0843315    0.137279
0.0845894    0.139661
0.084848    0.142042
0.0851073    0.144423
0.0853672    0.146804
0.0856278    0.149183
0.085889    0.151562
0.0861509    0.153941
0.0864135    0.156319
0.0866768    0.158696
0.0869408    0.161072
0.0872055    0.163448
0.087471    0.165823
0.0877372    0.168198
0.0880041    0.170571
0.0882718    0.172944
0.0885402    0.175317
0.0888094    0.177688
0.0890794    0.180059
0.0893501    0.18243
0.0896217    0.184799
0.089894    0.187168
0.0901672    0.189536
0.0904412    0.191903
0.090716    0.194269
0.0909917    0.196635
0.0912682    0.199
0.0915456    0.201364
0.0918238    0.203727
0.0921029    0.20609
0.0923829    0.208451
0.0926637    0.210812
0.0929455    0.213172
0.0932282    0.215531
0.0935118    0.217889
0.0937963    0.220247
0.0940818    0.222603
0.0943682    0.224959
0.0946555    0.227314
0.0949438    0.229668
0.0952331    0.232021
0.0955233    0.234373
0.0958146    0.236724
0.0961068    0.239074
0.0964    0.241424
0.0966943    0.243772
0.0969895    0.246119
0.0972858    0.248466
0.0975832    0.250811
0.0978815    0.253156
0.098181    0.255499
0.0984815    0.257842
0.098783    0.260184
0.0990857    0.262524
0.0993894    0.264864
0.0996942    0.267202
0.1    0.26954
0.100307    0.271876
0.100615    0.274212
0.100925    0.276546
0.101235    0.278879
0.101547    0.281212
0.101859    0.283543
0.102173    0.285873
0.102488    0.288202
0.102805    0.29053
0.103122    0.292857
0.103441    0.295182
0.103761    0.297507
0.104082    0.29983
0.104404    0.302152
0.104727    0.304474
0.105052    0.306794
0.105378    0.309112
0.105706    0.31143
0.106034    0.313747
0.106364    0.316062
0.106695    0.318376
0.107027    0.320689
0.107361    0.323001
0.107696    0.325311
0.108032    0.32762
0.10837    0.329928
0.108709    0.332235
0.109049    0.334541
0.109391    0.336845
0.109734    0.339148
0.110078    0.34145
0.110424    0.34375
0.110771    0.346049
0.11112    0.348347
0.111469    0.350644
0.111821    0.352939
0.112174    0.355233
0.112528    0.357526
0.112883    0.359817
0.11324    0.362107
0.113599    0.364396
0.113959    0.366683
0.11432    0.368969
0.114683    0.371254
0.115047    0.373537
0.115413    0.375818
0.11578    0.378099
0.116149    0.380378
0.11652    0.382655
0.116891    0.384932
0.117265    0.387206
0.11764    0.38948
0.118016    0.391752
0.118394    0.394022
0.118774    0.396291
0.119155    0.398558
0.119538    0.400825
0.119922    0.403089
0.120308    0.405352
0.120695    0.407614
0.121084    0.409874
0.121475    0.412133
0.121867    0.41439
0.122261    0.416645
0.122657    0.418899
0.123054    0.421152
0.123453    0.423403
0.123854    0.425652
0.124256    0.4279
0.12466    0.430146
0.125065    0.432391
0.125473    0.434634
0.125882    0.436876
0.126292    0.439115
0.126705    0.441354
0.127119    0.443591
0.127535    0.445826
0.127953    0.448059
0.128372    0.450291
0.128793    0.452521
0.129216    0.45475
0.129641    0.456977
0.130067    0.459202
0.130495    0.461426
0.130925    0.463647
0.131357    0.465868
0.131791    0.468086
0.132226    0.470303
0.132664    0.472518
0.133103    0.474732
0.133544    0.476943
0.133986    0.479153
0.134431    0.481361
0.134878    0.483568
0.135326    0.485773
0.135776    0.487976
0.136228    0.490177
0.136683    0.492376
0.137138    0.494574
0.137596    0.49677
0.138056    0.498964
0.138518    0.501156
0.138981    0.503347
0.139447    0.505535
0.139915    0.507722
0.140384    0.509907
0.140855    0.512091
0.141329    0.514272
0.141804    0.516451
0.142282    0.518629
0.142761    0.520805
0.143242    0.522979
0.143726    0.525151
0.144211    0.527321
0.144698    0.529489
0.145188    0.531655
0.145679    0.53382
0.146173    0.535982
0.146668    0.538143
0.147166    0.540302
0.147666    0.542458
0.148167    0.544613
0.148671    0.546766
0.149177    0.548917
0.149685    0.551066
0.150195    0.553213
0.150707    0.555358
0.151221    0.5575
0.151738    0.559641
0.152256    0.56178
0.152777    0.563917
0.1533    0.566052
0.153825    0.568185
0.154352    0.570316
0.154881    0.572445
0.155413    0.574572
0.155946    0.576697
0.156482    0.578819
0.15702    0.58094
0.15756    0.583059
0.158103    0.585175
0.158647    0.587289
0.159194    0.589402
0.159743    0.591512
0.160294    0.59362
0.160848    0.595726
0.161404    0.59783
0.161962    0.599932
0.162522    0.602031
0.163084    0.604129
0.163649    0.606224
0.164216    0.608317
0.164786    0.610408
0.165357    0.612497
0.165931    0.614584
0.166508    0.616668
0.167086    0.618751
0.167667    0.620831
0.16825    0.622909
0.168836    0.624984
0.169424    0.627058
0.170014    0.629129
0.170607    0.631198
0.171201    0.633265
0.171799    0.635329
0.172398    0.637392
0.173001    0.639452
0.173605    0.641509
0.174212    0.643565
0.174821    0.645618
0.175433    0.647669
0.176047    0.649717
0.176663    0.651764
0.177282    0.653808
0.177904    0.655849
0.178527    0.657889
0.179153    0.659926
0.179782    0.66196
0.180413    0.663993
0.181047    0.666023
0.181683    0.66805
0.182321    0.670076
0.182962    0.672098
0.183606    0.674119
0.184252    0.676137
0.1849    0.678153
0.185551    0.680166
0.186205    0.682177
0.186861    0.684186
0.187519    0.686192
0.18818    0.688195
0.188844    0.690197
0.18951    0.692195
0.190179    0.694192
0.19085    0.696186
0.191524    0.698177
0.1922    0.700166
0.192879    0.702152
0.193561    0.704136
0.194245    0.706118
0.194931    0.708097
0.195621    0.710073
0.196313    0.712047
0.197007    0.714019
0.197704    0.715988
0.198404    0.717954
0.199106    0.719918
0.199811    0.72188
0.200519    0.723838
0.201229    0.725795
0.201942    0.727748
0.202658    0.729699
0.203376    0.731648
0.204097    0.733594
0.20482    0.735537
0.205547    0.737478
0.206276    0.739416
0.207007    0.741351
0.207742    0.743284
0.208479    0.745215
0.209218    0.747142
0.209961    0.749067
0.210706    0.75099
0.211454    0.752909
0.212204    0.754826
0.212958    0.756741
0.213714    0.758652
0.214473    0.760561
0.215234    0.762467
0.215999    0.764371
0.216766    0.766272
0.217535    0.76817
0.218308    0.770065
0.219083    0.771958
0.219862    0.773848
0.220643    0.775735
0.221426    0.77762
0.222213    0.779502
0.223002    0.781381
0.223794    0.783257
0.224589    0.78513
0.225387    0.787001
0.226188    0.788869
0.226991    0.790734
0.227797    0.792596
0.228607    0.794456
0.229419    0.796312
0.230233    0.798166
0.231051    0.800017
0.231871    0.801865
0.232695    0.80371
0.233521    0.805553
0.23435    0.807392
0.235182    0.809229
0.236017    0.811063
0.236855    0.812894
0.237696    0.814722
0.238539    0.816547
0.239386    0.818369
0.240235    0.820189
0.241087    0.822005
0.241942    0.823819
0.242801    0.825629
0.243662    0.827437
0.244526    0.829242
0.245392    0.831043
0.246262    0.832842
0.247135    0.834638
0.248011    0.836431
0.24889    0.838221
0.249771    0.840008
0.250656    0.841791
0.251543    0.843572
0.252434    0.84535
0.253328    0.847125
0.254224    0.848897
0.255124    0.850666
0.256026    0.852431
0.256932    0.854194
0.25784    0.855954
0.258752    0.85771
0.259666    0.859464
0.260584    0.861214
0.261504    0.862962
0.262428    0.864706
0.263354    0.866447
0.264284    0.868185
0.265216    0.86992
0.266152    0.871652
0.267091    0.873381
0.268032    0.875106
0.268977    0.876829
0.269925    0.878548
0.270876    0.880264
0.27183    0.881977
0.272787    0.883687
0.273747    0.885393
0.27471    0.887097
0.275677    0.888797
0.276646    0.890494
0.277618    0.892188
0.278594    0.893879
0.279572    0.895566
0.280554    0.89725
0.281539    0.898931
0.282527    0.900609
0.283518    0.902283
0.284512    0.903954
0.285509    0.905622
0.286509    0.907287
0.287513    0.908948
0.288519    0.910606
0.289529    0.912261
0.290542    0.913913
0.291558    0.915561
0.292577    0.917205
0.293599    0.918847
0.294625    0.920485
0.295653    0.92212
0.296685    0.923751
0.29772    0.92538
0.298758    0.927004
0.299799    0.928626
0.300843    0.930244
0.301891    0.931858
0.302941    0.933469
0.303995    0.935077
0.305052    0.936682
0.306112    0.938283
0.307176    0.93988
0.308242    0.941474
0.309312    0.943065
0.310385    0.944652
0.311461    0.946236
0.312541    0.947816
0.313623    0.949393
0.314709    0.950966
0.315798    0.952536
0.31689    0.954103
0.317985    0.955666
0.319084    0.957225
0.320186    0.958781
0.321291    0.960333
0.322399    0.961882
0.323511    0.963427
0.324625    0.964969
0.325743    0.966507
0.326864    0.968041
0.327989    0.969572
0.329116    0.9711
0.330247    0.972624
0.331381    0.974144
0.332519    0.975661
0.333659    0.977174
0.334803    0.978683
0.33595    0.980189
0.337101    0.981691
0.338254    0.983189
0.339411    0.984684
0.340572    0.986175
0.341735    0.987663
0.342902    0.989147
0.344072    0.990627
0.345245    0.992103
0.346421    0.993576
0.347601    0.995045
0.348784    0.99651
0.34997    0.997972
0.35116    0.99943
0.352353    1.00088
0.353549    1.00233
0.354749    1.00378
0.355951    1.00522
0.357157    1.00666
0.358367    1.0081
0.359579    1.00953
0.360795    1.01096
0.362014    1.01238
0.363237    1.0138
0.364463    1.01522
0.365692    1.01663
0.366924    1.01804
0.36816    1.01944
0.369399    1.02084
0.370641    1.02224
0.371887    1.02363
0.373136    1.02502
0.374388    1.02641
0.375644    1.02779
0.376903    1.02917
0.378165    1.03054
0.37943    1.03191
0.380699    1.03328
0.381971    1.03464
0.383247    1.036
0.384525    1.03735
0.385808    1.0387
0.387093    1.04005
0.388382    1.04139
0.389674    1.04273
0.390969    1.04406
0.392268    1.04539
0.39357    1.04672
0.394875    1.04804
0.396184    1.04936
0.397496    1.05067
0.398811    1.05198
0.40013    1.05329
0.401452    1.05459
0.402777    1.05589
0.404106    1.05718
0.405438    1.05847
0.406773    1.05976
0.408112    1.06104
0.409454    1.06231
0.410799    1.06359
0.412148    1.06486
0.4135    1.06612
0.414855    1.06738
0.416214    1.06864
0.417576    1.06989
0.418941    1.07114
0.42031    1.07238
0.421682    1.07362
0.423057    1.07486
0.424435    1.07609
0.425817    1.07732
0.427203    1.07854
0.428591    1.07976
0.429983    1.08097
0.431379    1.08218
0.432777    1.08339
0.434179    1.08459
0.435584    1.08579
0.436993    1.08698
0.438405    1.08817
0.43982    1.08935
0.441239    1.09053
0.442661    1.09171
0.444086    1.09288
0.445515    1.09405
0.446947    1.09521
0.448382    1.09637
0.44982    1.09752
0.451262    1.09867
0.452707    1.09982
0.454156    1.10096
0.455608    1.1021
0.457063    1.10323
0.458521    1.10436
0.459983    1.10548
0.461448    1.1066
0.462917    1.10771
0.464388    1.10882
0.465863    1.10993
0.467342    1.11103
0.468823    1.11213
0.470308    1.11322
0.471797    1.11431
0.473288    1.11539
0.474783    1.11647
0.476281    1.11754
0.477783    1.11861
0.479288    1.11968
0.480796    1.12074
0.482307    1.12179
0.483822    1.12284
0.48534    1.12389
0.486861    1.12493
0.488386    1.12597
0.489914    1.127
0.491445    1.12803
0.492979    1.12905
0.494517    1.13007
0.496058    1.13109
0.497602    1.1321
0.49915    1.1331
0.5007    1.1341
0.502254    1.1351
0.503812    1.13609
0.505372    1.13707
0.506936    1.13805
0.508503    1.13903
0.510074    1.14
0.511647    1.14097
0.513224    1.14193
0.514804    1.14289
0.516388    1.14384
0.517974    1.14479
0.519564    1.14574
0.521157    1.14667
0.522754    1.14761
0.524353    1.14854
0.525956    1.14946
0.527562    1.15038
0.529171    1.15129
0.530784    1.1522
0.532399    1.15311
0.534018    1.15401
0.53564    1.1549
0.537266    1.15579
0.538894    1.15668
0.540526    1.15756
0.542161    1.15844
0.543799    1.15931
0.54544    1.16017
0.547085    1.16103
0.548732    1.16189
0.550383    1.16274
0.552037    1.16358
0.553695    1.16442
0.555355    1.16526
0.557018    1.16609
0.558685    1.16692
0.560355    1.16774
0.562028    1.16855
0.563704    1.16936
0.565383    1.17017
0.567066    1.17097
0.568751    1.17177
0.57044    1.17256
0.572132    1.17334
0.573827    1.17412
0.575525    1.1749
