-0.424828    -1.23699
-0.423137    -1.23611
-0.421449    -1.23521
-0.419764    -1.23431
-0.418083    -1.23341
-0.416405    -1.2325
-0.41473    -1.23159
-0.413059    -1.23067
-0.411391    -1.22975
-0.409726    -1.22882
-0.408065    -1.22789
-0.406407    -1.22695
-0.404752    -1.22601
-0.4031    -1.22506
-0.401452    -1.22411
-0.399808    -1.22315
-0.398166    -1.22219
-0.396528    -1.22123
-0.394894    -1.22025
-0.393262    -1.21928
-0.391634    -1.2183
-0.39001    -1.21731
-0.388389    -1.21632
-0.386771    -1.21533
-0.385156    -1.21433
-0.383545    -1.21333
-0.381938    -1.21232
-0.380333    -1.2113
-0.378733    -1.21029
-0.377135    -1.20926
-0.375541    -1.20824
-0.37395    -1.2072
-0.372363    -1.20617
-0.370779    -1.20513
-0.369198    -1.20408
-0.367621    -1.20303
-0.366047    -1.20197
-0.364477    -1.20092
-0.36291    -1.19985
-0.361347    -1.19878
-0.359787    -1.19771
-0.35823    -1.19663
-0.356677    -1.19555
-0.355127    -1.19446
-0.35358    -1.19337
-0.352037    -1.19227
-0.350498    -1.19117
-0.348962    -1.19007
-0.347429    -1.18896
-0.3459    -1.18785
-0.344374    -1.18673
-0.342851    -1.18561
-0.341332    -1.18448
-0.339817    -1.18335
-0.338305    -1.18221
-0.336796    -1.18107
-0.335291    -1.17993
-0.333789    -1.17878
-0.33229    -1.17762
-0.330796    -1.17646
-0.329304    -1.1753
-0.327816    -1.17414
-0.326331    -1.17296
-0.32485    -1.17179
-0.323373    -1.17061
-0.321898    -1.16943
-0.320428    -1.16824
-0.31896    -1.16705
-0.317496    -1.16585
-0.316036    -1.16465
-0.314579    -1.16344
-0.313125    -1.16223
-0.311675    -1.16102
-0.310228    -1.1598
-0.308785    -1.15858
-0.307346    -1.15735
-0.305909    -1.15612
-0.304476    -1.15489
-0.303047    -1.15365
-0.301621    -1.1524
-0.300199    -1.15115
-0.29878    -1.1499
-0.297364    -1.14865
-0.295952    -1.14739
-0.294543    -1.14612
-0.293138    -1.14485
-0.291736    -1.14358
-0.290338    -1.14231
-0.288943    -1.14102
-0.287552    -1.13974
-0.286164    -1.13845
-0.28478    -1.13716
-0.283399    -1.13586
-0.282021    -1.13456
-0.280647    -1.13326
-0.279276    -1.13195
-0.277909    -1.13063
-0.276545    -1.12932
-0.275185    -1.12799
-0.273828    -1.12667
-0.272475    -1.12534
-0.271125    -1.12401
-0.269778    -1.12267
-0.268435    -1.12133
-0.267096    -1.11998
-0.26576    -1.11863
-0.264427    -1.11728
-0.263098    -1.11592
-0.261772    -1.11456
-0.26045    -1.1132
-0.259131    -1.11183
-0.257815    -1.11046
-0.256503    -1.10908
-0.255194    -1.1077
-0.253889    -1.10632
-0.252588    -1.10493
-0.251289    -1.10354
-0.249994    -1.10214
-0.248703    -1.10074
-0.247415    -1.09934
-0.24613    -1.09793
-0.244849    -1.09652
-0.243572    -1.0951
-0.242297    -1.09368
-0.241027    -1.09226
-0.239759    -1.09084
-0.238495    -1.08941
-0.237235    -1.08797
