-0.345922    -1.26188
-0.343806    -1.26152
-0.341693    -1.26115
-0.339581    -1.26077
-0.337472    -1.26039
-0.335365    -1.26
-0.33326    -1.2596
-0.331157    -1.2592
-0.329056    -1.25879
-0.326957    -1.25838
-0.324861    -1.25796
-0.322767    -1.25754
-0.320674    -1.25711
-0.318585    -1.25667
-0.316497    -1.25623
-0.314412    -1.25578
-0.312328    -1.25533
-0.310247    -1.25487
-0.308169    -1.25441
-0.306092    -1.25394
-0.304018    -1.25346
-0.301947    -1.25298
-0.299877    -1.25249
-0.29781    -1.252
-0.295745    -1.2515
-0.293683    -1.25099
-0.291622    -1.25048
-0.289565    -1.24997
-0.287509    -1.24944
-0.285456    -1.24892
-0.283406    -1.24838
-0.281357    -1.24784
-0.279312    -1.2473
-0.277268    -1.24675
-0.275227    -1.24619
-0.273189    -1.24563
-0.271153    -1.24506
-0.269119    -1.24449
-0.267088    -1.24391
-0.26506    -1.24333
-0.263034    -1.24274
-0.26101    -1.24214
-0.258989    -1.24154
-0.25697    -1.24093
-0.254955    -1.24032
-0.252941    -1.2397
-0.25093    -1.23908
-0.248922    -1.23845
-0.246916    -1.23782
-0.244913    -1.23718
-0.242912    -1.23653
-0.240915    -1.23588
-0.238919    -1.23522
-0.236926    -1.23456
-0.234936    -1.23389
-0.232949    -1.23322
-0.230964    -1.23254
-0.228982    -1.23186
-0.227003    -1.23117
-0.225026    -1.23047
-0.223052    -1.22977
-0.22108    -1.22907
-0.219112    -1.22836
-0.217146    -1.22764
-0.215183    -1.22692
-0.213222    -1.22619
-0.211264    -1.22546
-0.209309    -1.22472
-0.207357    -1.22398
-0.205408    -1.22323
-0.203461    -1.22248
-0.201517    -1.22172
-0.199576    -1.22095
-0.197638    -1.22018
-0.195702    -1.21941
-0.193769    -1.21863
-0.19184    -1.21784
-0.189913    -1.21705
-0.187988    -1.21625
-0.186067    -1.21545
-0.184148    -1.21464
-0.182233    -1.21383
-0.18032    -1.21301
-0.17841    -1.21219
-0.176503    -1.21136
-0.174599    -1.21053
-0.172698    -1.20969
-0.1708    -1.20885
-0.168904    -1.208
-0.167012    -1.20715
-0.165122    -1.20629
-0.163236    -1.20542
-0.161352    -1.20456
-0.159472    -1.20368
-0.157594    -1.2028
-0.155719    -1.20192
-0.153848    -1.20103
-0.151979    -1.20013
-0.150113    -1.19923
-0.14825    -1.19833
-0.146391    -1.19742
-0.144534    -1.1965
-0.14268    -1.19558
-0.140829    -1.19466
-0.138982    -1.19373
-0.137137    -1.19279
-0.135296    -1.19185
-0.133457    -1.19091
-0.131622    -1.18996
-0.129789    -1.189
-0.12796    -1.18804
-0.126134    -1.18708
-0.124311    -1.18611
-0.12249    -1.18513
-0.120674    -1.18415
-0.11886    -1.18317
-0.117049    -1.18218
-0.115241    -1.18118
-0.113437    -1.18018
-0.111635    -1.17918
-0.109837    -1.17817
-0.108042    -1.17716
-0.10625    -1.17614
-0.104461    -1.17511
-0.102675    -1.17408
-0.100893    -1.17305
-0.0991136    -1.17201
-0.0973374    -1.17097
-0.0955644    -1.16992
-0.0937946    -1.16887
-0.092028    -1.16781
-0.0902645    -1.16675
-0.0885043    -1.16568
-0.0867473    -1.16461
-0.0849934    -1.16353
-0.0832428    -1.16245
-0.0814955    -1.16137
-0.0797513    -1.16028
-0.0780104    -1.15918
-0.0762727    -1.15808
-0.0745382    -1.15698
-0.072807    -1.15587
-0.0710791    -1.15475
-0.0693543    -1.15363
-0.0676329    -1.15251
-0.0659147    -1.15138
-0.0641998    -1.15025
-0.0624881    -1.14911
-0.0607798    -1.14797
-0.0590747    -1.14682
-0.0573729    -1.14567
-0.0556744    -1.14452
-0.0539792    -1.14336
-0.0522872    -1.14219
-0.0505986    -1.14102
-0.0489133    -1.13985
-0.0472313    -1.13867
-0.0455526    -1.13749
-0.0438773    -1.1363
-0.0422052    -1.13511
-0.0405365    -1.13391
-0.0388711    -1.13271
-0.0372091    -1.1315
-0.0355504    -1.13029
-0.033895    -1.12908
-0.032243    -1.12786
-0.0305943    -1.12664
-0.028949    -1.12541
-0.027307    -1.12418
-0.0256684    -1.12294
-0.0240331    -1.1217
-0.0224013    -1.12046
-0.0207727    -1.11921
-0.0191476    -1.11795
-0.0175259    -1.11669
-0.0159075    -1.11543
-0.0142925    -1.11416
-0.0126809    -1.11289
-0.0110726    -1.11162
-0.00946781    -1.11034
-0.00786638    -1.10905
-0.00626834    -1.10776
-0.0046737    -1.10647
-0.00308247    -1.10517
-0.00149464    -1.10387
8.97821e-05    -1.10257
0.00167079    -1.10126
0.00324838    -1.09994
0.00482256    -1.09862
0.00639332    -1.0973
0.00796065    -1.09597
0.00952456    -1.09464
0.011085    -1.09331
0.0126421    -1.09197
0.0141957    -1.09063
0.0157459    -1.08928
0.0172927    -1.08793
0.018836    -1.08657
0.0203759    -1.08521
0.0219123    -1.08385
0.0234453    -1.08248
0.0249748    -1.0811
0.0265009    -1.07973
0.0280236    -1.07835
0.0295428    -1.07696
0.0310585    -1.07557
0.0325708    -1.07418
0.0340796    -1.07278
0.035585    -1.07138
0.0370869    -1.06998
0.0385853    -1.06857
0.0400803    -1.06716
0.0415718    -1.06574
0.0430598    -1.06432
0.0445444    -1.06289
0.0460255    -1.06146
0.0475031    -1.06003
0.0489773    -1.0586
0.050448    -1.05715
0.0519152    -1.05571
0.0533789    -1.05426
0.0548391    -1.05281
0.0562959    -1.05135
0.0577492    -1.04989
0.059199    -1.04843
0.0606453    -1.04696
0.0620882    -1.04549
0.0635275    -1.04401
0.0649634    -1.04253
0.0663958    -1.04105
0.0678247    -1.03956
0.0692501    -1.03807
0.0706721    -1.03658
0.0720905    -1.03508
0.0735054    -1.03358
0.0749169    -1.03207
0.0763249    -1.03056
0.0777293    -1.02904
0.0791303    -1.02753
0.0805278    -1.02601
0.0819218    -1.02448
0.0833123    -1.02295
0.0846993    -1.02142
0.0860828    -1.01988
0.0874629    -1.01834
0.0888394    -1.0168
0.0902124    -1.01525
0.091582    -1.0137
0.092948    -1.01215
0.0943106    -1.01059
0.0956696    -1.00903
0.0970252    -1.00746
0.0983772    -1.00589
0.0997258    -1.00432
0.101071    -1.00274
0.102412    -1.00116
0.103751    -0.99958
0.105085    -0.997993
0.106416    -0.996402
0.107744    -0.994808
0.109068    -0.99321
0.110389    -0.991609
0.111706    -0.990004
0.113019    -0.988396
0.11433    -0.986784
0.115636    -0.985168
0.116939    -0.983549
0.118239    -0.981927
0.119535    -0.980301
0.120828    -0.978672
0.122117    -0.977039
0.123403    -0.975403
0.124685    -0.973763
0.125964    -0.97212
0.127239    -0.970473
0.128511    -0.968823
0.129779    -0.96717
0.131044    -0.965513
0.132305    -0.963853
0.133563    -0.962189
0.134818    -0.960522
0.136068    -0.958852
0.137316    -0.957178
0.13856    -0.955501
0.1398    -0.953821
0.141037    -0.952137
0.142271    -0.95045
0.143501    -0.94876
0.144728    -0.947066
0.145951    -0.945369
0.14717    -0.943669
0.148387    -0.941966
0.149599    -0.940259
0.150809    -0.938549
0.152014    -0.936836
0.153217    -0.935119
0.154416    -0.9334
0.155611    -0.931677
0.156803    -0.92995
0.157992    -0.928221
0.159177    -0.926489
0.160358    -0.924753
0.161536    -0.923014
0.162711    -0.921272
0.163882    -0.919527
0.16505    -0.917778
0.166215    -0.916027
0.167376    -0.914272
0.168533    -0.912514
0.169687    -0.910753
0.170838    -0.908989
0.171985    -0.907222
0.173129    -0.905452
0.174269    -0.903678
0.175406    -0.901902
0.17654    -0.900122
0.17767    -0.89834
0.178797    -0.896554
0.17992    -0.894766
0.18104    -0.892974
0.182157    -0.891179
0.18327    -0.889382
0.184379    -0.887581
0.185486    -0.885777
0.186588    -0.883971
0.187688    -0.882161
0.188784    -0.880348
0.189877    -0.878533
0.190966    -0.876714
0.192052    -0.874893
0.193134    -0.873068
0.194213    -0.871241
0.195289    -0.86941
0.196362    -0.867577
0.197431    -0.865741
0.198496    -0.863902
0.199559    -0.86206
0.200617    -0.860215
0.201673    -0.858368
0.202725    -0.856517
0.203774    -0.854664
0.204819    -0.852807
0.205862    -0.850948
0.2069    -0.849086
0.207936    -0.847222
0.208968    -0.845354
0.209997    -0.843484
0.211022    -0.84161
0.212044    -0.839734
0.213063    -0.837856
0.214078    -0.835974
0.21509    -0.83409
0.216099    -0.832203
0.217105    -0.830313
0.218107    -0.82842
0.219106    -0.826525
0.220101    -0.824627
0.221093    -0.822726
0.222082    -0.820823
0.223068    -0.818917
0.22405    -0.817008
0.225029    -0.815097
0.226005    -0.813182
0.226978    -0.811266
0.227947    -0.809346
0.228913    -0.807424
0.229875    -0.805499
0.230835    -0.803572
0.231791    -0.801642
0.232744    -0.799709
0.233693    -0.797774
0.23464    -0.795836
0.235583    -0.793895
0.236523    -0.791952
0.237459    -0.790007
0.238393    -0.788058
0.239323    -0.786108
0.24025    -0.784154
0.241174    -0.782198
0.242094    -0.78024
0.243011    -0.778279
0.243925    -0.776315
0.244836    -0.774349
0.245744    -0.772381
0.246648    -0.77041
0.247549    -0.768436
0.248447    -0.76646
0.249342    -0.764482
0.250234    -0.762501
0.251122    -0.760518
0.252008    -0.758532
0.25289    -0.756543
0.253769    -0.754553
0.254645    -0.75256
0.255517    -0.750564
0.256387    -0.748566
0.257253    -0.746566
0.258116    -0.744563
0.258976    -0.742558
0.259833    -0.74055
0.260687    -0.73854
0.261538    -0.736528
0.262385    -0.734513
0.263229    -0.732496
0.264071    -0.730477
0.264909    -0.728455
0.265744    -0.726431
0.266576    -0.724405
0.267405    -0.722376
0.26823    -0.720345
0.269053    -0.718312
0.269873    -0.716277
0.270689    -0.714239
0.271503    -0.712199
0.272313    -0.710156
0.27312    -0.708112
0.273925    -0.706065
0.274726    -0.704016
0.275524    -0.701965
0.276319    -0.699911
0.277111    -0.697855
0.2779    -0.695797
0.278686    -0.693737
0.279469    -0.691675
0.280249    -0.68961
0.281026    -0.687543
0.2818    -0.685475
0.28257    -0.683403
0.283338    -0.68133
0.284103    -0.679255
0.284865    -0.677177
0.285624    -0.675098
0.28638    -0.673016
0.287133    -0.670932
0.287883    -0.668846
0.28863    -0.666758
0.289374    -0.664668
0.290115    -0.662575
0.290853    -0.660481
0.291588    -0.658385
0.292321    -0.656286
0.29305    -0.654186
0.293777    -0.652083
0.2945    -0.649978
0.295221    -0.647872
0.295938    -0.645763
0.296653    -0.643652
0.297365    -0.641539
0.298074    -0.639425
0.29878    -0.637308
0.299483    -0.635189
0.300183    -0.633069
0.300881    -0.630946
0.301575    -0.628821
0.302267    -0.626695
0.302956    -0.624566
0.303642    -0.622435
0.304325    -0.620303
0.305005    -0.618169
0.305683    -0.616032
0.306357    -0.613894
0.307029    -0.611754
0.307698    -0.609612
0.308364    -0.607468
0.309027    -0.605322
0.309688    -0.603175
0.310346    -0.601025
0.311001    -0.598874
0.311653    -0.59672
0.312302    -0.594565
0.312949    -0.592408
0.313593    -0.59025
0.314234    -0.588089
0.314872    -0.585927
0.315508    -0.583762
0.316141    -0.581596
0.316771    -0.579429
0.317398    -0.577259
0.318023    -0.575088
0.318645    -0.572915
0.319264    -0.57074
0.31988    -0.568563
0.320494    -0.566385
0.321105    -0.564204
0.321714    -0.562023
0.32232    -0.559839
0.322923    -0.557654
0.323523    -0.555467
0.324121    -0.553278
0.324716    -0.551087
0.325308    -0.548895
0.325898    -0.546701
0.326485    -0.544506
0.32707    -0.542309
0.327651    -0.54011
0.328231    -0.53791
0.328807    -0.535707
0.329381    -0.533504
0.329953    -0.531298
0.330522    -0.529091
0.331088    -0.526883
0.331652    -0.524673
0.332213    -0.522461
0.332771    -0.520247
0.333327    -0.518032
0.33388    -0.515816
0.334431    -0.513598
0.33498    -0.511378
0.335525    -0.509157
0.336069    -0.506934
0.336609    -0.504709
0.337147    -0.502484
0.337683    -0.500256
0.338216    -0.498027
0.338747    -0.495797
0.339275    -0.493565
0.339801    -0.491331
0.340324    -0.489096
0.340845    -0.48686
0.341363    -0.484622
0.341879    -0.482383
0.342392    -0.480142
0.342903    -0.4779
0.343411    -0.475656
0.343917    -0.473411
0.344421    -0.471164
0.344922    -0.468916
0.345421    -0.466667
0.345917    -0.464416
0.346411    -0.462164
0.346903    -0.45991
0.347392    -0.457655
0.347879    -0.455399
0.348363    -0.453141
0.348845    -0.450882
0.349325    -0.448622
0.349802    -0.44636
0.350277    -0.444097
0.35075    -0.441832
0.35122    -0.439566
0.351688    -0.437299
0.352154    -0.435031
0.352618    -0.432761
0.353079    -0.43049
0.353537    -0.428218
0.353994    -0.425944
0.354448    -0.423669
0.3549    -0.421393
0.35535    -0.419116
0.355797    -0.416837
0.356242    -0.414557
0.356685    -0.412276
0.357126    -0.409994
0.357564    -0.40771
0.358001    -0.405425
0.358435    -0.403139
0.358866    -0.400852
0.359296    -0.398563
0.359723    -0.396274
0.360149    -0.393983
0.360572    -0.391691
0.360993    -0.389398
0.361411    -0.387104
0.361828    -0.384808
0.362242    -0.382512
0.362654    -0.380214
0.363064    -0.377915
0.363472    -0.375615
0.363878    -0.373314
0.364282    -0.371012
0.364684    -0.368709
0.365083    -0.366405
0.365481    -0.364099
0.365876    -0.361793
0.366269    -0.359485
0.36666    -0.357176
0.367049    -0.354867
0.367437    -0.352556
0.367822    -0.350244
0.368205    -0.347932
0.368585    -0.345618
0.368964    -0.343303
0.369341    -0.340987
0.369716    -0.33867
0.370089    -0.336352
0.37046    -0.334034
0.370829    -0.331714
0.371196    -0.329393
0.371561    -0.327071
0.371924    -0.324749
0.372285    -0.322425
0.372644    -0.3201
0.373001    -0.317775
0.373356    -0.315449
0.373709    -0.313121
0.374061    -0.310793
0.37441    -0.308464
0.374758    -0.306134
0.375103    -0.303803
0.375447    -0.301471
0.375789    -0.299138
0.376129    -0.296805
0.376467    -0.29447
0.376803    -0.292135
0.377138    -0.289799
0.37747    -0.287462
0.377801    -0.285124
0.37813    -0.282785
0.378457    -0.280446
0.378782    -0.278106
0.379106    -0.275765
0.379427    -0.273423
0.379747    -0.27108
0.380065    -0.268737
0.380382    -0.266393
0.380696    -0.264048
0.381009    -0.261702
0.38132    -0.259356
0.381629    -0.257009
0.381937    -0.254661
0.382243    -0.252312
0.382547    -0.249963
0.38285    -0.247613
0.38315    -0.245262
0.383449    -0.24291
0.383747    -0.240558
0.384042    -0.238205
0.384336    -0.235852
0.384629    -0.233498
0.38492    -0.231143
0.385209    -0.228787
0.385496    -0.226431
0.385782    -0.224075
0.386066    -0.221717
0.386349    -0.219359
0.38663    -0.217001
0.386909    -0.214641
0.387187    -0.212282
0.387463    -0.209921
0.387738    -0.20756
0.388011    -0.205199
0.388282    -0.202836
0.388552    -0.200474
0.388821    -0.19811
0.389088    -0.195747
0.389353    -0.193382
0.389617    -0.191017
0.389879    -0.188652
0.39014    -0.186286
0.3904    -0.18392
0.390658    -0.181553
0.390914    -0.179185
0.391169    -0.176817
0.391423    -0.174449
0.391675    -0.17208
0.391925    -0.169711
0.392175    -0.167341
0.392422    -0.164971
0.392669    -0.1626
0.392914    -0.160229
0.393157    -0.157857
0.393399    -0.155485
0.39364    -0.153113
0.39388    -0.15074
0.394118    -0.148367
0.394355    -0.145994
0.39459    -0.14362
0.394824    -0.141245
0.395057    -0.138871
0.395288    -0.136495
0.395518    -0.13412
0.395747    -0.131744
0.395975    -0.129368
0.396201    -0.126992
0.396426    -0.124615
0.396649    -0.122238
0.396872    -0.119861
0.397093    -0.117483
0.397313    -0.115105
0.397531    -0.112727
0.397749    -0.110348
0.397965    -0.107969
0.39818    -0.10559
0.398394    -0.103211
0.398607    -0.100831
0.398818    -0.0984516
0.399028    -0.0960715
0.399237    -0.0936913
0.399445    -0.0913108
0.399652    -0.0889301
0.399858    -0.0865492
0.400062    -0.0841681
0.400266    -0.0817868
0.400468    -0.0794053
0.400669    -0.0770237
0.400869    -0.0746418
0.401068    -0.0722599
0.401266    -0.0698777
0.401463    -0.0674955
0.401659    -0.065113
0.401854    -0.0627305
0.402047    -0.0603478
0.40224    -0.0579651
0.402432    -0.0555822
0.402622    -0.0531992
0.402812    -0.0508161
0.403    -0.048433
0.403188    -0.0460497
0.403375    -0.0436664
0.40356    -0.041283
0.403745    -0.0388996
0.403929    -0.0365161
0.404112    -0.0341326
0.404293    -0.0317491
0.404474    -0.0293655
0.404654    -0.0269819
0.404833    -0.0245983
0.405012    -0.0222147
0.405189    -0.0198311
0.405365    -0.0174475
0.405541    -0.0150639
0.405716    -0.0126803
0.405889    -0.0102968
0.406062    -0.00791332
0.406234    -0.00552988
0.406406    -0.00314651
0.406576    -0.000763191
0.406746    0.00162005
0.406915    0.00400322
0.407083    0.00638631
0.40725    0.0087693
0.407416    0.0111522
0.407582    0.013535
0.407747    0.0159176
0.407911    0.0183002
0.408075    0.0206826
0.408238    0.0230649
0.4084    0.025447
0.408561    0.027829
0.408721    0.0302109
0.408881    0.0325925
0.40904    0.034974
0.409199    0.0373554
0.409357    0.0397365
0.409514    0.0421174
0.409671    0.0444981
0.409826    0.0468787
0.409982    0.049259
0.410136    0.0516391
0.41029    0.0540189
0.410444    0.0563985
0.410597    0.0587779
0.410749    0.061157
0.4109    0.0635359
0.411052    0.0659144
0.411202    0.0682928
0.411352    0.0706708
0.411501    0.0730485
0.41165    0.075426
0.411799    0.0778031
0.411946    0.0801799
0.412094    0.0825565
0.412241    0.0849326
0.412387    0.0873085
0.412533    0.089684
0.412678    0.0920592
0.412823    0.094434
0.412968    0.0968084
0.413112    0.0991825
0.413255    0.101556
0.413398    0.10393
0.413541    0.106302
0.413684    0.108675
0.413826    0.111047
0.413967    0.113419
0.414108    0.11579
0.414249    0.118161
0.41439    0.120531
0.41453    0.122901
0.41467    0.125271
0.414809    0.12764
0.414948    0.130009
0.415087    0.132377
0.415225    0.134745
0.415364    0.137112
0.415501    0.139478
0.415639    0.141845
0.415776    0.14421
0.415914    0.146576
0.41605    0.14894
0.416187    0.151304
0.416323    0.153668
0.41646    0.156031
0.416596    0.158394
0.416731    0.160756
0.416867    0.163117
0.417002    0.165478
0.417137    0.167838
0.417272    0.170198
0.417407    0.172557
0.417542    0.174916
0.417677    0.177273
0.417811    0.179631
0.417945    0.181987
0.41808    0.184343
0.418214    0.186699
0.418348    0.189054
0.418482    0.191408
0.418615    0.193761
0.418749    0.196114
0.418883    0.198466
0.419017    0.200818
0.41915    0.203168
0.419284    0.205519
0.419418    0.207868
0.419551    0.210217
0.419685    0.212565
0.419818    0.214912
0.419952    0.217259
0.420086    0.219604
0.420219    0.221949
0.420353    0.224294
0.420487    0.226637
0.420621    0.22898
0.420755    0.231322
0.420889    0.233664
0.421023    0.236004
0.421157    0.238344
0.421291    0.240683
0.421426    0.243021
0.42156    0.245359
0.421695    0.247695
0.42183    0.250031
0.421965    0.252366
0.4221    0.2547
0.422235    0.257033
0.422371    0.259365
0.422507    0.261697
0.422643    0.264028
0.422779    0.266357
0.422915    0.268686
0.423052    0.271014
0.423189    0.273342
0.423326    0.275668
0.423463    0.277993
0.423601    0.280318
0.423739    0.282641
0.423877    0.284964
0.424015    0.287286
0.424154    0.289607
0.424293    0.291926
0.424433    0.294245
0.424572    0.296563
0.424712    0.29888
0.424853    0.301196
0.424994    0.303511
0.425135    0.305825
0.425276    0.308138
0.425418    0.310451
0.425561    0.312762
0.425704    0.315072
0.425847    0.317381
0.42599    0.319689
0.426134    0.321996
0.426279    0.324302
0.426424    0.326607
0.426569    0.328911
0.426715    0.331214
0.426862    0.333515
0.427008    0.335816
0.427156    0.338116
0.427304    0.340414
0.427452    0.342712
0.427601    0.345008
0.42775    0.347304
0.4279    0.349598
0.428051    0.351891
0.428202    0.354183
0.428354    0.356474
0.428506    0.358763
0.428659    0.361052
0.428812    0.363339
0.428966    0.365626
0.429121    0.367911
0.429277    0.370195
0.429433    0.372478
0.429589    0.374759
0.429746    0.37704
0.429904    0.379319
0.430063    0.381597
0.430222    0.383874
0.430382    0.386149
0.430543    0.388424
0.430704    0.390697
0.430867    0.392969
0.43103    0.39524
0.431193    0.397509
0.431358    0.399778
0.431523    0.402045
0.431689    0.404311
0.431855    0.406575
0.432023    0.408838
0.432191    0.4111
0.43236    0.413361
0.43253    0.41562
0.432701    0.417878
0.432872    0.420135
0.433044    0.422391
0.433218    0.424645
0.433392    0.426898
0.433567    0.429149
0.433743    0.431399
0.433919    0.433648
0.434097    0.435896
0.434275    0.438142
0.434455    0.440387
0.434635    0.44263
0.434817    0.444872
0.434999    0.447113
0.435182    0.449352
0.435366    0.45159
0.435551    0.453827
0.435737    0.456062
0.435924    0.458295
0.436112    0.460528
0.436302    0.462759
0.436492    0.464988
0.436683    0.467216
0.436875    0.469443
0.437068    0.471668
0.437262    0.473891
0.437458    0.476114
0.437654    0.478334
0.437851    0.480554
0.43805    0.482772
0.43825    0.484988
0.43845    0.487203
0.438652    0.489416
0.438855    0.491628
0.439059    0.493838
0.439265    0.496047
0.439471    0.498255
0.439679    0.50046
0.439887    0.502665
0.440097    0.504867
0.440308    0.507069
0.440521    0.509268
0.440734    0.511467
0.440949    0.513663
0.441165    0.515858
0.441382    0.518052
0.4416    0.520243
0.44182    0.522434
0.442041    0.524622
0.442263    0.526809
0.442486    0.528995
0.442711    0.531179
0.442937    0.533361
0.443164    0.535542
0.443393    0.537721
0.443623    0.539898
0.443854    0.542074
0.444087    0.544248
0.444321    0.546421
0.444556    0.548591
0.444793    0.550761
0.445031    0.552928
0.44527    0.555094
0.445511    0.557258
0.445753    0.559421
0.445997    0.561581
0.446242    0.563741
0.446489    0.565898
0.446736    0.568054
0.446986    0.570208
0.447237    0.57236
0.447489    0.574511
0.447743    0.576659
0.447998    0.578806
0.448255    0.580952
0.448513    0.583095
0.448772    0.585237
0.449034    0.587377
0.449296    0.589516
0.449561    0.591652
0.449827    0.593787
0.450094    0.59592
0.450363    0.598051
0.450633    0.600181
0.450905    0.602308
0.451179    0.604434
0.451454    0.606558
0.451731    0.608681
0.452009    0.610801
0.452289    0.612919
0.452571    0.615036
0.452854    0.617151
0.453139    0.619264
0.453426    0.621375
0.453714    0.623485
0.454004    0.625592
0.454296    0.627698
0.454589    0.629802
0.454884    0.631904
0.455181    0.634004
0.455479    0.636102
0.455779    0.638198
0.456081    0.640292
0.456385    0.642385
0.45669    0.644475
0.456997    0.646564
0.457306    0.64865
0.457617    0.650735
0.457929    0.652818
0.458243    0.654899
0.458559    0.656978
0.458877    0.659055
0.459197    0.66113
0.459518    0.663203
0.459842    0.665274
0.460167    0.667343
0.460494    0.66941
0.460822    0.671475
0.461153    0.673538
0.461486    0.675599
0.46182    0.677659
0.462156    0.679716
0.462495    0.681771
0.462835    0.683824
0.463177    0.685875
0.463521    0.687924
0.463867    0.689971
0.464214    0.692016
0.464564    0.694059
0.464916    0.6961
0.46527    0.698139
0.465625    0.700176
0.465983    0.70221
0.466342    0.704243
0.466704    0.706274
0.467068    0.708302
0.467433    0.710328
0.467801    0.712353
0.468171    0.714375
0.468542    0.716395
0.468916    0.718413
0.469292    0.720429
0.46967    0.722442
0.47005    0.724454
0.470432    0.726463
0.470816    0.728471
0.471202    0.730476
0.47159    0.732479
0.471981    0.73448
0.472373    0.736478
0.472768    0.738475
0.473165    0.740469
0.473564    0.742461
0.473965    0.744451
0.474368    0.746439
0.474774    0.748424
0.475181    0.750408
0.475591    0.752389
0.476003    0.754368
0.476417    0.756345
0.476834    0.758319
0.477252    0.760291
0.477673    0.762261
0.478096    0.764229
0.478521    0.766194
0.478949    0.768158
0.479379    0.770119
0.479811    0.772077
0.480245    0.774034
0.480682    0.775988
0.48112    0.77794
0.481562    0.77989
0.482005    0.781837
0.482451    0.783782
0.482899    0.785725
0.483349    0.787665
0.483802    0.789603
0.484257    0.791539
0.484715    0.793472
0.485174    0.795403
0.485636    0.797332
0.486101    0.799258
0.486568    0.801182
0.487037    0.803104
0.487509    0.805023
0.487983    0.80694
0.488459    0.808855
0.488938    0.810767
0.48942    0.812677
0.489903    0.814584
0.49039    0.816489
0.490878    0.818392
0.491369    0.820292
0.491863    0.82219
0.492359    0.824085
0.492857    0.825978
0.493358    0.827869
0.493862    0.829757
0.494368    0.831642
0.494876    0.833526
0.495387    0.835406
0.495901    0.837285
0.496417    0.83916
0.496935    0.841034
0.497457    0.842904
0.49798    0.844773
0.498506    0.846639
0.499035    0.848502
0.499567    0.850363
0.500101    0.852221
0.500637    0.854077
0.501176    0.85593
0.501718    0.857781
0.502262    0.859629
0.502809    0.861475
0.503359    0.863318
0.503911    0.865159
0.504466    0.866997
0.505023    0.868832
0.505584    0.870665
0.506146    0.872496
0.506712    0.874323
0.50728    0.876149
0.507851    0.877971
0.508424    0.879791
0.509    0.881608
0.509579    0.883423
0.510161    0.885235
0.510745    0.887045
0.511332    0.888852
0.511922    0.890656
0.512515    0.892458
0.51311    0.894257
0.513708    0.896053
0.514309    0.897847
0.514912    0.899638
0.515519    0.901426
0.516128    0.903212
0.51674    0.904995
0.517354    0.906775
0.517972    0.908552
0.518592    0.910327
0.519215    0.912099
0.519841    0.913869
0.52047    0.915636
0.521101    0.9174
0.521736    0.919161
0.522373    0.920919
0.523013    0.922675
0.523656    0.924428
0.524302    0.926178
0.524951    0.927926
0.525602    0.929671
0.526257    0.931413
0.526914    0.933152
0.527575    0.934888
0.528238    0.936622
0.528904    0.938353
0.529573    0.940081
0.530245    0.941806
0.53092    0.943528
0.531598    0.945248
0.532278    0.946964
0.532962    0.948678
0.533649    0.950389
0.534338    0.952097
0.535031    0.953802
0.535727    0.955505
0.536425    0.957204
0.537127    0.958901
0.537831    0.960595
0.538539    0.962286
0.539249    0.963974
0.539963    0.965659
0.54068    0.967341
0.541399    0.96902
0.542122    0.970696
0.542848    0.97237
0.543577    0.97404
0.544308    0.975708
0.545043    0.977372
0.545781    0.979034
0.546522    0.980692
0.547266    0.982348
0.548014    0.984
0.548764    0.98565
0.549517    0.987297
0.550274    0.98894
0.551033    0.990581
0.551796    0.992219
0.552562    0.993853
0.553331    0.995485
0.554103    0.997113
0.554878    0.998739
0.555657    1.00036
0.556438    1.00198
0.557223    1.0036
0.558011    1.00521
0.558802    1.00682
0.559596    1.00843
0.560393    1.01003
0.561194    1.01163
0.561997    1.01323
0.562804    1.01483
0.563614    1.01642
0.564428    1.01801
0.565244    1.01959
0.566064    1.02117
0.566887    1.02275
0.567713    1.02433
0.568543    1.0259
0.569376    1.02747
0.570212    1.02904
0.571051    1.0306
0.571893    1.03216
0.572739    1.03372
0.573588    1.03527
0.57444    1.03682
0.575296    1.03837
0.576155    1.03991
0.577017    1.04145
0.577882    1.04299
0.578751    1.04452
0.579623    1.04606
0.580498    1.04758
0.581377    1.04911
0.582259    1.05063
0.583144    1.05215
0.584033    1.05366
0.584925    1.05517
0.58582    1.05668
0.586719    1.05819
0.587621    1.05969
0.588526    1.06118
0.589435    1.06268
0.590347    1.06417
0.591263    1.06566
0.592182    1.06714
0.593104    1.06862
0.594029    1.0701
0.594959    1.07158
0.595891    1.07305
0.596827    1.07452
0.597766    1.07598
0.598709    1.07744
0.599655    1.0789
0.600604    1.08035
0.601557    1.0818
0.602513    1.08325
0.603473    1.08469
0.604437    1.08613
0.605403    1.08757
0.606373    1.089
0.607347    1.09043
0.608324    1.09186
0.609304    1.09328
0.610288    1.0947
0.611276    1.09612
0.612267    1.09753
0.613261    1.09894
0.614259    1.10034
0.61526    1.10175
0.616265    1.10314
0.617274    1.10454
0.618285    1.10593
0.619301    1.10732
0.62032    1.1087
0.621342    1.11008
0.622368    1.11146
0.623397    1.11283
0.62443    1.1142
0.625467    1.11556
0.626507    1.11693
0.62755    1.11828
0.628598    1.11964
0.629648    1.12099
0.630702    1.12234
0.63176    1.12368
0.632822    1.12502
0.633886    1.12636
0.634955    1.12769
0.636027    1.12902
0.637103    1.13034
0.638182    1.13167
0.639265    1.13298
0.640351    1.1343
0.641441    1.13561
0.642534    1.13691
0.643631    1.13822
