-0.971712    0.875271
-0.971797    0.873187
-0.971883    0.871101
-0.97197    0.869013
-0.972058    0.866923
-0.972148    0.864831
-0.972239    0.862737
-0.97233    0.860642
-0.972423    0.858545
-0.972517    0.856446
-0.972613    0.854345
-0.972709    0.852242
-0.972806    0.850137
-0.972904    0.848031
-0.973004    0.845923
-0.973104    0.843813
-0.973206    0.841701
-0.973308    0.839587
-0.973412    0.837472
-0.973517    0.835354
-0.973622    0.833235
-0.973729    0.831115
-0.973836    0.828992
-0.973945    0.826867
-0.974054    0.824741
-0.974164    0.822613
-0.974276    0.820484
-0.974388    0.818352
-0.974501    0.816219
-0.974615    0.814084
-0.97473    0.811947
-0.974846    0.809809
-0.974963    0.807668
-0.97508    0.805526
-0.975199    0.803383
-0.975318    0.801237
-0.975438    0.79909
-0.975559    0.796941
-0.975681    0.79479
-0.975804    0.792638
-0.975927    0.790484
-0.976051    0.788328
-0.976176    0.78617
-0.976302    0.784011
-0.976428    0.78185
-0.976555    0.779688
-0.976683    0.777523
-0.976812    0.775357
-0.976941    0.77319
-0.977071    0.77102
-0.977202    0.768849
-0.977333    0.766676
-0.977465    0.764502
-0.977598    0.762326
-0.977731    0.760148
-0.977865    0.757969
-0.978    0.755788
-0.978135    0.753605
-0.978271    0.751421
-0.978408    0.749235
-0.978545    0.747047
-0.978683    0.744858
-0.978821    0.742667
-0.97896    0.740475
-0.979099    0.738281
-0.979239    0.736085
-0.979379    0.733888
-0.97952    0.731689
-0.979662    0.729488
-0.979804    0.727286
-0.979946    0.725082
-0.980089    0.722877
-0.980232    0.72067
-0.980376    0.718462
-0.98052    0.716252
-0.980665    0.71404
-0.98081    0.711827
-0.980956    0.709612
-0.981102    0.707396
-0.981248    0.705178
-0.981395    0.702958
-0.981542    0.700737
-0.981689    0.698515
-0.981837    0.696291
-0.981986    0.694065
-0.982134    0.691838
-0.982283    0.689609
-0.982432    0.687379
-0.982582    0.685147
-0.982731    0.682914
-0.982881    0.680679
-0.983032    0.678443
-0.983182    0.676205
-0.983333    0.673966
-0.983484    0.671725
-0.983636    0.669483
-0.983787    0.667239
-0.983939    0.664994
-0.984091    0.662747
-0.984243    0.660499
-0.984396    0.658249
-0.984548    0.655998
-0.984701    0.653745
-0.984854    0.651491
-0.985007    0.649236
-0.98516    0.646979
-0.985313    0.644721
-0.985467    0.642461
-0.98562    0.640199
-0.985774    0.637937
-0.985928    0.635673
-0.986081    0.633407
-0.986235    0.63114
-0.986389    0.628872
-0.986543    0.626602
-0.986697    0.624331
-0.986851    0.622058
-0.987005    0.619784
-0.987159    0.617509
-0.987313    0.615232
-0.987467    0.612954
-0.987621    0.610674
-0.987775    0.608394
-0.987929    0.606111
-0.988082    0.603828
-0.988236    0.601543
-0.98839    0.599256
-0.988543    0.596969
-0.988697    0.59468
-0.98885    0.592389
-0.989004    0.590098
-0.989157    0.587804
-0.98931    0.58551
-0.989463    0.583214
-0.989615    0.580917
-0.989768    0.578619
-0.98992    0.576319
-0.990072    0.574018
-0.990224    0.571716
-0.990376    0.569413
-0.990528    0.567108
-0.990679    0.564802
-0.99083    0.562494
-0.990981    0.560186
-0.991132    0.557876
-0.991282    0.555565
-0.991432    0.553252
-0.991582    0.550938
-0.991731    0.548623
-0.991881    0.546307
-0.99203    0.54399
-0.992178    0.541671
-0.992326    0.539351
-0.992474    0.53703
-0.992622    0.534707
-0.992769    0.532384
-0.992916    0.530059
-0.993062    0.527733
-0.993208    0.525406
-0.993354    0.523077
-0.993499    0.520748
-0.993644    0.518417
-0.993788    0.516085
-0.993932    0.513751
-0.994075    0.511417
-0.994218    0.509082
-0.994361    0.506745
-0.994503    0.504407
-0.994644    0.502068
-0.994785    0.499728
-0.994926    0.497386
-0.995066    0.495044
-0.995205    0.4927
-0.995344    0.490356
-0.995483    0.48801
-0.995621    0.485663
-0.995758    0.483315
-0.995894    0.480965
-0.99603    0.478615
-0.996166    0.476264
-0.996301    0.473911
-0.996435    0.471557
-0.996569    0.469203
-0.996702    0.466847
-0.996834    0.46449
-0.996966    0.462132
-0.997097    0.459773
-0.997227    0.457413
-0.997357    0.455052
-0.997486    0.45269
-0.997614    0.450327
-0.997741    0.447962
-0.997868    0.445597
-0.997994    0.443231
-0.99812    0.440863
-0.998244    0.438495
-0.998368    0.436126
-0.998491    0.433755
-0.998613    0.431384
-0.998735    0.429011
-0.998855    0.426638
-0.998975    0.424264
-0.999094    0.421888
-0.999212    0.419512
-0.99933    0.417135
-0.999446    0.414756
-0.999562    0.412377
-0.999677    0.409997
-0.999791    0.407616
-0.999904    0.405234
-1.00002    0.402851
-1.00013    0.400467
-1.00024    0.398082
-1.00035    0.395696
-1.00045    0.393309
-1.00056    0.390922
-1.00067    0.388533
-1.00077    0.386144
-1.00088    0.383753
-1.00098    0.381362
