0.966458    0.61744
0.966329    0.619715
0.966199    0.621989
0.96607    0.624262
0.965941    0.626533
0.965812    0.628802
0.965684    0.631071
0.965555    0.633337
0.965426    0.635603
0.965298    0.637867
0.96517    0.640129
0.965042    0.64239
0.964914    0.644649
0.964786    0.646907
0.964658    0.649163
0.964531    0.651418
0.964404    0.653672
0.964277    0.655924
0.96415    0.658174
0.964024    0.660423
0.963898    0.66267
0.963772    0.664916
0.963646    0.66716
0.96352    0.669403
0.963395    0.671644
0.96327    0.673884
0.963146    0.676122
0.963022    0.678358
0.962898    0.680593
0.962774    0.682827
0.962651    0.685059
0.962528    0.687289
0.962406    0.689518
0.962284    0.691745
0.962162    0.693971
0.962041    0.696195
0.96192    0.698417
0.9618    0.700638
0.96168    0.702857
0.96156    0.705074
0.961441    0.70729
0.961322    0.709505
0.961204    0.711718
0.961086    0.713929
0.960969    0.716138
0.960853    0.718346
0.960736    0.720552
0.960621    0.722757
0.960506    0.72496
0.960391    0.727161
0.960277    0.729361
0.960164    0.731559
0.960051    0.733755
0.959938    0.73595
0.959827    0.738143
0.959716    0.740334
0.959605    0.742524
0.959495    0.744712
0.959386    0.746898
0.959277    0.749083
0.95917    0.751265
0.959062    0.753447
0.958956    0.755626
0.95885    0.757804
0.958745    0.75998
0.95864    0.762154
0.958536    0.764327
0.958433    0.766498
0.958331    0.768667
0.958229    0.770835
0.958129    0.773
0.958029    0.775164
0.957929    0.777327
0.957831    0.779487
0.957733    0.781646
0.957636    0.783803
0.95754    0.785958
0.957445    0.788112
0.957351    0.790263
0.957257    0.792413
0.957165    0.794562
0.957073    0.796708
0.956982    0.798853
0.956892    0.800995
0.956803    0.803136
0.956715    0.805276
0.956627    0.807413
0.956541    0.809549
0.956456    0.811683
0.956371    0.813815
0.956288    0.815945
0.956205    0.818073
0.956124    0.8202
0.956043    0.822324
0.955964    0.824447
0.955885    0.826568
0.955808    0.828688
0.955731    0.830805
0.955656    0.832921
0.955581    0.835034
0.955508    0.837146
0.955436    0.839256
0.955365    0.841364
0.955295    0.84347
0.955226    0.845575
0.955158    0.847677
0.955091    0.849778
0.955026    0.851877
0.954961    0.853973
0.954898    0.856068
0.954836    0.858161
0.954775    0.860252
0.954715    0.862342
0.954657    0.864429
0.954599    0.866515
0.954543    0.868598
0.954488    0.87068
0.954435    0.872759
0.954382    0.874837
0.954331    0.876913
0.954281    0.878987
0.954233    0.881059
0.954185    0.883129
0.954139    0.885197
0.954095    0.887263
0.954051    0.889327
0.954009    0.891389
0.953969    0.893449
0.953929    0.895508
