-0.999264    0.41277
-0.999379    0.41039
-0.999492    0.408009
-0.999605    0.405627
-0.999717    0.403245
-0.999829    0.400861
-0.999939    0.398476
-1.00005    0.396091
-1.00016    0.393704
-1.00026    0.391317
-1.00037    0.388929
-1.00048    0.38654
-1.00058    0.38415
-1.00068    0.381759
-1.00079    0.379367
-1.00089    0.376974
-1.00099    0.374581
-1.00109    0.372186
-1.00119    0.369791
-1.00128    0.367395
-1.00138    0.364998
-1.00148    0.3626
-1.00157    0.360201
-1.00166    0.357802
-1.00176    0.355401
-1.00185    0.353
-1.00194    0.350598
-1.00202    0.348195
-1.00211    0.345791
-1.0022    0.343387
-1.00228    0.340982
-1.00237    0.338576
-1.00245    0.336169
-1.00253    0.333761
-1.00261    0.331353
-1.00269    0.328944
-1.00277    0.326534
-1.00285    0.324123
-1.00293    0.321712
-1.003    0.319299
-1.00307    0.316886
-1.00315    0.314473
-1.00322    0.312058
-1.00329    0.309643
-1.00336    0.307227
-1.00342    0.304811
-1.00349    0.302394
-1.00355    0.299976
-1.00362    0.297557
-1.00368    0.295138
-1.00374    0.292718
-1.0038    0.290297
-1.00386    0.287876
-1.00391    0.285454
-1.00397    0.283031
-1.00402    0.280608
-1.00407    0.278184
-1.00413    0.275759
-1.00417    0.273334
-1.00422    0.270908
-1.00427    0.268481
-1.00432    0.266054
-1.00436    0.263626
-1.0044    0.261198
-1.00444    0.258769
-1.00448    0.25634
-1.00452    0.253909
-1.00456    0.251479
-1.00459    0.249047
-1.00463    0.246616
-1.00466    0.244183
-1.00469    0.24175
-1.00472    0.239317
-1.00475    0.236882
-1.00477    0.234448
-1.0048    0.232013
-1.00482    0.229577
-1.00484    0.227141
-1.00486    0.224704
-1.00488    0.222267
-1.0049    0.219829
-1.00491    0.217391
-1.00492    0.214952
-1.00494    0.212513
-1.00495    0.210073
-1.00496    0.207633
-1.00496    0.205193
-1.00497    0.202751
-1.00497    0.20031
-1.00497    0.197868
-1.00497    0.195426
-1.00497    0.192983
-1.00497    0.190539
-1.00496    0.188096
-1.00496    0.185652
-1.00495    0.183207
-1.00494    0.180762
-1.00493    0.178317
-1.00491    0.175871
-1.0049    0.173425
-1.00488    0.170979
-1.00486    0.168532
-1.00484    0.166085
-1.00482    0.163637
-1.00479    0.161189
-1.00477    0.158741
-1.00474    0.156292
-1.00471    0.153843
-1.00468    0.151394
-1.00465    0.148945
-1.00461    0.146495
-1.00457    0.144044
-1.00453    0.141594
-1.00449    0.139143
-1.00445    0.136692
-1.00441    0.134241
-1.00436    0.131789
-1.00431    0.129337
-1.00426    0.126885
-1.00421    0.124433
-1.00415    0.12198
-1.0041    0.119527
-1.00404    0.117074
-1.00398    0.114621
-1.00392    0.112167
-1.00385    0.109713
-1.00379    0.107259
-1.00372    0.104805
-1.00365    0.102351
-1.00358    0.0998963
-1.0035    0.0974416
-1.00343    0.0949866
-1.00335    0.0925315
-1.00327    0.0900763
-1.00319    0.0876209
-1.0031    0.0851653
-1.00302    0.0827096
-1.00293    0.0802538
-1.00284    0.0777979
-1.00274    0.0753418
-1.00265    0.0728856
-1.00255    0.0704293
-1.00245    0.0679729
-1.00235    0.0655164
-1.00225    0.0630599
-1.00214    0.0606032
-1.00204    0.0581465
-1.00193    0.0556897
-1.00181    0.0532329
-1.0017    0.050776
-1.00158    0.048319
-1.00147    0.045862
-1.00134    0.043405
-1.00122    0.040948
-1.0011    0.0384909
-1.00097    0.0360339
-1.00084    0.0335768
-1.00071    0.0311197
-1.00057    0.0286627
-1.00044    0.0262057
-1.0003    0.0237486
-1.00016    0.0212917
-1.00002    0.0188347
-0.99987    0.0163778
-0.999722    0.013921
-0.999572    0.0114642
-0.99942    0.00900749
-0.999265    0.00655085
-0.999108    0.00409429
-0.998949    0.00163782
-0.998787    -0.000818558
-0.998624    -0.00327483
-0.998457    -0.005731
-0.998289    -0.00818705
-0.998118    -0.010643
-0.997944    -0.0130988
-0.997768    -0.0155544
-0.99759    -0.0180099
-0.99741    -0.0204653
-0.997227    -0.0229205
-0.997041    -0.0253756
-0.996853    -0.0278304
-0.996663    -0.0302851
-0.996471    -0.0327396
-0.996275    -0.0351939
-0.996078    -0.037648
-0.995878    -0.0401019
-0.995675    -0.0425555
-0.99547    -0.045009
-0.995263    -0.0474622
-0.995053    -0.0499152
-0.99484    -0.0523679
-0.994626    -0.0548204
-0.994408    -0.0572726
-0.994188    -0.0597246
-0.993966    -0.0621762
-0.993741    -0.0646276
-0.993513    -0.0670787
-0.993283    -0.0695295
-0.99305    -0.07198
-0.992815    -0.0744302
-0.992577    -0.0768801
-0.992337    -0.0793296
-0.992094    -0.0817789
-0.991848    -0.0842277
-0.9916    -0.0866762
-0.991349    -0.0891244
-0.991096    -0.0915722
-0.99084    -0.0940196
-0.990582    -0.0964667
-0.99032    -0.0989134
-0.990057    -0.10136
-0.98979    -0.103805
-0.989521    -0.106251
-0.989249    -0.108696
-0.988975    -0.111141
-0.988697    -0.113585
-0.988418    -0.116029
-0.988135    -0.118472
-0.98785    -0.120915
-0.987562    -0.123357
-0.987271    -0.125799
-0.986978    -0.12824
-0.986682    -0.130681
-0.986383    -0.133122
-0.986082    -0.135562
-0.985777    -0.138001
-0.98547    -0.14044
-0.985161    -0.142879
-0.984848    -0.145317
-0.984533    -0.147754
-0.984215    -0.150191
-0.983894    -0.152627
-0.98357    -0.155063
-0.983244    -0.157498
-0.982915    -0.159932
-0.982583    -0.162366
-0.982248    -0.1648
-0.98191    -0.167233
-0.98157    -0.169665
-0.981227    -0.172096
-0.98088    -0.174527
-0.980531    -0.176958
-0.98018    -0.179387
-0.979825    -0.181816
-0.979467    -0.184245
-0.979107    -0.186672
-0.978744    -0.189099
-0.978377    -0.191526
-0.978008    -0.193951
-0.977636    -0.196376
-0.977262    -0.198801
-0.976884    -0.201224
-0.976503    -0.203647
-0.97612    -0.206069
-0.975733    -0.208491
-0.975344    -0.210911
-0.974951    -0.213331
-0.974556    -0.215751
-0.974158    -0.218169
-0.973756    -0.220587
-0.973352    -0.223003
-0.972945    -0.225419
-0.972535    -0.227835
-0.972122    -0.230249
-0.971706    -0.232663
-0.971286    -0.235076
-0.970864    -0.237488
-0.970439    -0.239899
-0.970011    -0.242309
-0.96958    -0.244719
-0.969146    -0.247127
-0.968709    -0.249535
-0.968268    -0.251942
-0.967825    -0.254348
-0.967379    -0.256753
-0.96693    -0.259157
-0.966477    -0.261561
-0.966022    -0.263963
-0.965563    -0.266364
-0.965102    -0.268765
-0.964637    -0.271165
-0.964169    -0.273563
-0.963698    -0.275961
-0.963224    -0.278358
-0.962747    -0.280753
-0.962267    -0.283148
-0.961784    -0.285542
-0.961298    -0.287935
-0.960808    -0.290326
-0.960316    -0.292717
-0.95982    -0.295107
-0.959321    -0.297496
-0.958819    -0.299883
-0.958314    -0.30227
-0.957805    -0.304655
-0.957294    -0.30704
-0.956779    -0.309423
-0.956261    -0.311806
-0.95574    -0.314187
-0.955216    -0.316567
-0.954689    -0.318946
-0.954158    -0.321324
-0.953625    -0.323701
-0.953088    -0.326077
-0.952548    -0.328451
-0.952004    -0.330824
-0.951458    -0.333197
-0.950908    -0.335568
-0.950355    -0.337938
-0.949799    -0.340306
-0.949239    -0.342674
-0.948676    -0.34504
-0.94811    -0.347405
-0.947541    -0.349769
-0.946969    -0.352132
-0.946393    -0.354494
-0.945814    -0.356854
-0.945232    -0.359213
-0.944646    -0.36157
-0.944057    -0.363927
-0.943465    -0.366282
-0.94287    -0.368636
-0.942271    -0.370989
-0.941669    -0.37334
-0.941064    -0.37569
-0.940456    -0.378039
-0.939844    -0.380386
-0.939228    -0.382732
-0.93861    -0.385077
-0.937988    -0.38742
-0.937363    -0.389762
-0.936734    -0.392103
-0.936103    -0.394442
-0.935467    -0.39678
-0.934829    -0.399116
-0.934187    -0.401451
-0.933542    -0.403785
-0.932893    -0.406117
-0.932241    -0.408448
-0.931586    -0.410777
-0.930927    -0.413105
-0.930265    -0.415432
-0.9296    -0.417757
-0.928931    -0.42008
-0.928259    -0.422402
-0.927583    -0.424723
-0.926904    -0.427042
-0.926222    -0.429359
-0.925536    -0.431675
-0.924847    -0.43399
-0.924154    -0.436303
-0.923458    -0.438614
-0.922759    -0.440924
-0.922056    -0.443232
-0.92135    -0.445539
-0.92064    -0.447844
-0.919927    -0.450148
-0.91921    -0.45245
-0.91849    -0.45475
-0.917767    -0.457049
-0.91704    -0.459346
-0.916309    -0.461642
-0.915575    -0.463936
-0.914838    -0.466228
-0.914097    -0.468518
-0.913353    -0.470807
-0.912605    -0.473095
-0.911854    -0.47538
-0.9111    -0.477664
-0.910341    -0.479946
-0.90958    -0.482226
-0.908815    -0.484505
-0.908046    -0.486782
-0.907274    -0.489057
-0.906498    -0.491331
-0.905719    -0.493603
-0.904937    -0.495873
-0.904151    -0.498141
-0.903361    -0.500407
-0.902568    -0.502672
-0.901771    -0.504935
-0.900971    -0.507196
-0.900167    -0.509455
-0.89936    -0.511712
-0.89855    -0.513968
-0.897735    -0.516221
-0.896917    -0.518473
-0.896096    -0.520723
-0.895271    -0.522971
-0.894443    -0.525217
-0.893611    -0.527462
-0.892775    -0.529704
-0.891936    -0.531945
-0.891094    -0.534183
-0.890247    -0.53642
-0.889398    -0.538655
-0.888544    -0.540887
-0.887688    -0.543118
-0.886827    -0.545347
-0.885963    -0.547574
-0.885095    -0.549799
-0.884224    -0.552021
-0.88335    -0.554242
-0.882471    -0.556461
-0.881589    -0.558678
-0.880704    -0.560893
-0.879815    -0.563106
-0.878922    -0.565316
-0.878026    -0.567525
-0.877126    -0.569731
-0.876223    -0.571936
-0.875316    -0.574138
-0.874405    -0.576339
-0.873491    -0.578537
-0.872573    -0.580733
-0.871651    -0.582927
-0.870726    -0.585119
-0.869798    -0.587308
-0.868865    -0.589496
-0.867929    -0.591681
-0.86699    -0.593865
-0.866047    -0.596046
-0.8651    -0.598224
-0.86415    -0.600401
-0.863196    -0.602575
-0.862238    -0.604748
-0.861277    -0.606918
-0.860312    -0.609085
-0.859343    -0.611251
-0.858371    -0.613414
-0.857395    -0.615575
-0.856416    -0.617734
-0.855433    -0.61989
-0.854446    -0.622044
-0.853456    -0.624196
-0.852462    -0.626345
-0.851464    -0.628492
-0.850463    -0.630637
-0.849458    -0.63278
-0.848449    -0.63492
-0.847437    -0.637058
-0.846421    -0.639193
-0.845402    -0.641326
-0.844379    -0.643457
-0.843352    -0.645585
-0.842321    -0.647711
-0.841287    -0.649834
-0.840249    -0.651955
-0.839208    -0.654073
-0.838163    -0.65619
-0.837114    -0.658303
-0.836062    -0.660414
-0.835005    -0.662523
-0.833946    -0.664629
-0.832882    -0.666733
-0.831815    -0.668834
-0.830744    -0.670933
-0.82967    -0.673029
-0.828592    -0.675122
-0.82751    -0.677213
-0.826425    -0.679302
-0.825336    -0.681388
-0.824243    -0.683471
-0.823146    -0.685552
-0.822046    -0.68763
-0.820943    -0.689706
-0.819835    -0.691779
-0.818724    -0.693849
-0.817609    -0.695917
-0.816491    -0.697982
-0.815369    -0.700044
-0.814243    -0.702104
-0.813113    -0.704161
-0.81198    -0.706215
-0.810843    -0.708267
-0.809703    -0.710316
-0.808559    -0.712362
-0.807411    -0.714406
-0.806259    -0.716446
-0.805104    -0.718485
-0.803945    -0.72052
-0.802783    -0.722552
-0.801617    -0.724582
-0.800447    -0.726609
-0.799273    -0.728633
-0.798096    -0.730655
-0.796915    -0.732673
-0.795731    -0.734689
-0.794542    -0.736702
-0.793351    -0.738712
-0.792155    -0.74072
-0.790956    -0.742724
-0.789753    -0.744726
-0.788546    -0.746724
-0.787336    -0.74872
-0.786122    -0.750713
-0.784905    -0.752703
-0.783683    -0.75469
-0.782459    -0.756674
-0.78123    -0.758655
-0.779998    -0.760633
-0.778762    -0.762609
-0.777522    -0.764581
-0.776279    -0.76655
-0.775032    -0.768517
-0.773782    -0.77048
-0.772528    -0.77244
-0.77127    -0.774398
-0.770008    -0.776352
-0.768743    -0.778303
-0.767474    -0.780251
-0.766202    -0.782196
-0.764926    -0.784139
-0.763646    -0.786078
-0.762363    -0.788013
-0.761076    -0.789946
-0.759785    -0.791876
-0.758491    -0.793802
-0.757193    -0.795726
-0.755891    -0.797646
-0.754586    -0.799563
-0.753277    -0.801477
-0.751964    -0.803388
-0.750648    -0.805296
-0.749328    -0.8072
-0.748005    -0.809102
-0.746678    -0.811
-0.745347    -0.812895
-0.744013    -0.814786
-0.742675    -0.816675
-0.741334    -0.81856
-0.739988    -0.820442
-0.73864    -0.82232
-0.737287    -0.824195
-0.735931    -0.826067
-0.734572    -0.827936
-0.733209    -0.829802
-0.731842    -0.831664
-0.730471    -0.833523
-0.729097    -0.835378
-0.72772    -0.83723
-0.726338    -0.839079
-0.724954    -0.840924
-0.723565    -0.842766
-0.722173    -0.844605
-0.720778    -0.84644
-0.719379    -0.848272
-0.717976    -0.8501
-0.71657    -0.851925
-0.71516    -0.853747
-0.713746    -0.855565
-0.712329    -0.857379
-0.710909    -0.85919
-0.709484    -0.860998
-0.708057    -0.862802
-0.706625    -0.864603
-0.705191    -0.8664
-0.703752    -0.868194
-0.70231    -0.869984
-0.700865    -0.87177
-0.699416    -0.873553
-0.697963    -0.875333
-0.696507    -0.877109
-0.695048    -0.878881
-0.693584    -0.88065
-0.692118    -0.882415
-0.690648    -0.884176
-0.689174    -0.885934
-0.687697    -0.887689
-0.686216    -0.889439
-0.684732    -0.891186
-0.683244    -0.89293
-0.681753    -0.894669
-0.680258    -0.896405
-0.67876    -0.898138
-0.677258    -0.899866
-0.675753    -0.901591
-0.674244    -0.903312
-0.672732    -0.90503
-0.671216    -0.906743
-0.669697    -0.908453
-0.668175    -0.910159
-0.666649    -0.911862
-0.665119    -0.913561
-0.663586    -0.915255
-0.66205    -0.916947
-0.66051    -0.918634
-0.658967    -0.920317
-0.65742    -0.921997
-0.65587    -0.923673
-0.654316    -0.925345
-0.652759    -0.927013
-0.651199    -0.928677
-0.649635    -0.930337
-0.648068    -0.931994
-0.646497    -0.933646
-0.644923    -0.935295
-0.643346    -0.936939
-0.641765    -0.93858
-0.640181    -0.940217
-0.638593    -0.94185
-0.637002    -0.943479
-0.635408    -0.945104
-0.63381    -0.946725
-0.632209    -0.948342
-0.630605    -0.949955
-0.628997    -0.951564
-0.627386    -0.953169
-0.625772    -0.95477
-0.624154    -0.956367
-0.622533    -0.95796
-0.620909    -0.959549
-0.619281    -0.961134
-0.61765    -0.962714
-0.616015    -0.964291
-0.614378    -0.965864
-0.612737    -0.967432
-0.611093    -0.968996
-0.609445    -0.970557
-0.607794    -0.972113
-0.60614    -0.973665
-0.604483    -0.975212
-0.602822    -0.976756
-0.601159    -0.978296
-0.599492    -0.979831
-0.597821    -0.981362
-0.596148    -0.982889
-0.594471    -0.984412
-0.592791    -0.98593
-0.591108    -0.987444
-0.589421    -0.988954
-0.587732    -0.99046
-0.586039    -0.991962
-0.584343    -0.993459
-0.582643    -0.994952
-0.580941    -0.99644
-0.579235    -0.997925
-0.577527    -0.999405
-0.575815    -1.00088
-0.5741    -1.00235
-0.572381    -1.00382
-0.57066    -1.00528
-0.568936    -1.00674
-0.567208    -1.00819
-0.565477    -1.00964
-0.563743    -1.01109
-0.562006    -1.01253
-0.560266    -1.01397
-0.558523    -1.0154
-0.556777    -1.01683
-0.555028    -1.01825
-0.553275    -1.01967
-0.55152    -1.02108
-0.549761    -1.02249
-0.548    -1.0239
-0.546235    -1.0253
-0.544467    -1.0267
-0.542697    -1.02809
-0.540923    -1.02948
-0.539146    -1.03086
-0.537367    -1.03224
-0.535584    -1.03361
-0.533798    -1.03498
-0.532009    -1.03635
-0.530218    -1.03771
-0.528423    -1.03906
-0.526626    -1.04041
-0.524825    -1.04176
-0.523022    -1.0431
-0.521215    -1.04444
-0.519406    -1.04577
-0.517593    -1.0471
-0.515778    -1.04842
-0.51396    -1.04974
-0.512139    -1.05106
-0.510315    -1.05237
-0.508488    -1.05367
-0.506659    -1.05497
-0.504826    -1.05627
-0.502991    -1.05756
-0.501153    -1.05885
-0.499312    -1.06013
-0.497468    -1.0614
-0.495621    -1.06268
-0.493771    -1.06394
-0.491919    -1.06521
-0.490064    -1.06647
-0.488206    -1.06772
-0.486345    -1.06897
-0.484482    -1.07021
-0.482616    -1.07145
-0.480747    -1.07268
-0.478875    -1.07391
-0.477    -1.07514
-0.475123    -1.07636
-0.473243    -1.07757
-0.471361    -1.07878
-0.469475    -1.07999
-0.467587    -1.08119
-0.465697    -1.08238
-0.463803    -1.08357
-0.461907    -1.08476
-0.460008    -1.08594
-0.458107    -1.08712
-0.456203    -1.08829
-0.454296    -1.08945
-0.452387    -1.09061
-0.450475    -1.09177
-0.448561    -1.09292
-0.446644    -1.09407
-0.444724    -1.09521
-0.442802    -1.09635
-0.440877    -1.09748
-0.43895    -1.0986
-0.43702    -1.09973
-0.435088    -1.10084
-0.433153    -1.10195
-0.431216    -1.10306
-0.429276    -1.10416
-0.427333    -1.10526
-0.425388    -1.10635
-0.423441    -1.10744
-0.421491    -1.10852
-0.419539    -1.1096
-0.417584    -1.11067
-0.415627    -1.11173
-0.413668    -1.11279
-0.411706    -1.11385
-0.409741    -1.1149
-0.407774    -1.11595
-0.405805    -1.11699
-0.403834    -1.11802
-0.40186    -1.11905
-0.399884    -1.12008
-0.397905    -1.1211
-0.395924    -1.12212
-0.393941    -1.12313
-0.391955    -1.12413
-0.389968    -1.12513
-0.387978    -1.12612
-0.385985    -1.12711
-0.383991    -1.1281
-0.381994    -1.12908
-0.379994    -1.13005
-0.377993    -1.13102
-0.375989    -1.13198
-0.373984    -1.13294
-0.371976    -1.13389
-0.369965    -1.13484
-0.367953    -1.13578
-0.365938    -1.13672
-0.363922    -1.13765
-0.361903    -1.13858
-0.359882    -1.1395
-0.357859    -1.14042
-0.355834    -1.14133
-0.353806    -1.14223
-0.351777    -1.14313
-0.349745    -1.14403
-0.347712    -1.14492
-0.345676    -1.1458
-0.343638    -1.14668
-0.341599    -1.14756
-0.339557    -1.14842
-0.337513    -1.14929
-0.335468    -1.15015
-0.33342    -1.151
-0.33137    -1.15184
-0.329318    -1.15269
-0.327265    -1.15352
-0.325209    -1.15435
-0.323152    -1.15518
-0.321092    -1.156
-0.319031    -1.15681
-0.316968    -1.15762
-0.314903    -1.15843
-0.312836    -1.15922
-0.310767    -1.16002
-0.308697    -1.16081
-0.306624    -1.16159
-0.30455    -1.16236
-0.302474    -1.16314
-0.300396    -1.1639
-0.298316    -1.16466
-0.296235    -1.16542
-0.294151    -1.16617
-0.292066    -1.16691
-0.28998    -1.16765
-0.287891    -1.16838
-0.285801    -1.16911
-0.283709    -1.16983
-0.281616    -1.17055
-0.279521    -1.17126
-0.277424    -1.17196
-0.275325    -1.17266
-0.273225    -1.17336
-0.271123    -1.17405
-0.26902    -1.17473
-0.266915    -1.17541
-0.264808    -1.17608
-0.2627    -1.17675
-0.26059    -1.17741
-0.258479    -1.17806
-0.256366    -1.17871
-0.254252    -1.17936
-0.252136    -1.17999
-0.250019    -1.18063
-0.2479    -1.18126
-0.245779    -1.18188
-0.243658    -1.18249
-0.241534    -1.1831
-0.23941    -1.18371
-0.237284    -1.18431
-0.235156    -1.1849
-0.233027    -1.18549
-0.230897    -1.18607
-0.228765    -1.18665
-0.226632    -1.18722
-0.224498    -1.18779
-0.222362    -1.18835
-0.220225    -1.1889
-0.218087    -1.18945
-0.215947    -1.19
-0.213807    -1.19053
-0.211664    -1.19107
-0.209521    -1.19159
-0.207376    -1.19211
-0.205231    -1.19263
-0.203083    -1.19314
-0.200935    -1.19364
-0.198786    -1.19414
-0.196635    -1.19463
-0.194483    -1.19512
-0.19233    -1.1956
-0.190176    -1.19607
-0.188021    -1.19654
-0.185865    -1.197
-0.183707    -1.19746
-0.181549    -1.19791
-0.179389    -1.19836
-0.177229    -1.1988
-0.175067    -1.19924
-0.172904    -1.19967
-0.170741    -1.20009
-0.168576    -1.20051
-0.16641    -1.20092
-0.164244    -1.20133
-0.162076    -1.20173
-0.159907    -1.20212
-0.157738    -1.20251
-0.155568    -1.20289
-0.153396    -1.20327
-0.151224    -1.20364
-0.149051    -1.20401
-0.146877    -1.20437
-0.144702    -1.20472
-0.142527    -1.20507
-0.14035    -1.20541
-0.138173    -1.20575
-0.135995    -1.20608
-0.133816    -1.20641
-0.131637    -1.20673
-0.129456    -1.20704
-0.127275    -1.20735
-0.125093    -1.20765
-0.122911    -1.20795
-0.120728    -1.20824
-0.118544    -1.20852
-0.116359    -1.2088
-0.114174    -1.20908
-0.111988    -1.20934
-0.109802    -1.20961
-0.107614    -1.20986
-0.105427    -1.21011
-0.103238    -1.21036
-0.10105    -1.21059
-0.0988602    -1.21083
-0.0966702    -1.21105
-0.0944797    -1.21127
-0.0922887    -1.21149
-0.0900971    -1.2117
-0.0879051    -1.2119
-0.0857127    -1.2121
-0.0835197    -1.21229
-0.0813263    -1.21248
-0.0791325    -1.21266
-0.0769383    -1.21283
-0.0747436    -1.213
-0.0725486    -1.21316
-0.0703532    -1.21332
-0.0681574    -1.21347
-0.0659613    -1.21361
-0.0637648    -1.21375
-0.061568    -1.21389
-0.059371    -1.21401
-0.0571736    -1.21414
-0.0549759    -1.21425
-0.052778    -1.21436
-0.0505799    -1.21447
-0.0483815    -1.21456
-0.0461828    -1.21466
-0.043984    -1.21474
-0.041785    -1.21482
-0.0395858    -1.2149
-0.0373864    -1.21497
-0.0351869    -1.21503
-0.0329873    -1.21509
-0.0307875    -1.21514
-0.0285876    -1.21518
-0.0263877    -1.21522
-0.0241876    -1.21526
-0.0219875    -1.21528
-0.0197873    -1.21531
-0.0175871    -1.21532
-0.0153869    -1.21533
-0.0131867    -1.21534
-0.0109865    -1.21534
-0.00878625    -1.21533
-0.00658607    -1.21531
-0.00438594    -1.2153
-0.00218588    -1.21527
1.41082e-05    -1.21524
0.00221401    -1.2152
0.0044138    -1.21516
0.00661347    -1.21511
0.00881301    -1.21506
0.0110124    -1.215
0.0132116    -1.21493
0.0154107    -1.21486
0.0176096    -1.21478
0.0198082    -1.2147
0.0220067    -1.21461
0.0242049    -1.21452
0.0264029    -1.21441
0.0286006    -1.21431
0.030798    -1.21419
0.0329952    -1.21408
0.035192    -1.21395
0.0373885    -1.21382
0.0395847    -1.21368
0.0417806    -1.21354
0.0439761    -1.21339
0.0461712    -1.21324
0.0483659    -1.21308
0.0505603    -1.21292
0.0527542    -1.21274
0.0549477    -1.21257
0.0571407    -1.21238
0.0593333    -1.2122
0.0615254    -1.212
0.063717    -1.2118
0.0659082    -1.21159
0.0680988    -1.21138
0.0702889    -1.21116
0.0724784    -1.21094
0.0746674    -1.21071
0.0768559    -1.21048
0.0790437    -1.21023
0.081231    -1.20999
0.0834176    -1.20973
0.0856036    -1.20948
0.087789    -1.20921
0.0899737    -1.20894
0.0921578    -1.20866
0.0943411    -1.20838
0.0965238    -1.20809
0.0987058    -1.2078
0.100887    -1.2075
0.103068    -1.2072
0.105247    -1.20689
0.107426    -1.20657
0.109605    -1.20625
0.111782    -1.20592
0.113959    -1.20558
0.116134    -1.20524
0.118309    -1.2049
0.120484    -1.20455
0.122657    -1.20419
0.124829    -1.20383
0.127001    -1.20346
0.129171    -1.20308
0.131341    -1.2027
0.13351    -1.20232
0.135678    -1.20192
0.137845    -1.20153
0.140011    -1.20112
0.142175    -1.20071
0.144339    -1.2003
0.146502    -1.19988
0.148664    -1.19945
0.150825    -1.19902
0.152985    -1.19858
0.155144    -1.19814
0.157301    -1.19769
0.159458    -1.19724
0.161613    -1.19677
0.163768    -1.19631
0.165921    -1.19584
0.168073    -1.19536
0.170224    -1.19487
0.172374    -1.19439
0.174522    -1.19389
0.17667    -1.19339
0.178816    -1.19288
0.180961    -1.19237
0.183105    -1.19185
0.185247    -1.19133
0.187388    -1.1908
0.189528    -1.19027
0.191667    -1.18973
0.193804    -1.18918
0.195941    -1.18863
0.198075    -1.18807
0.200209    -1.18751
0.202341    -1.18694
0.204471    -1.18637
0.206601    -1.18579
0.208728    -1.1852
0.210855    -1.18461
0.21298    -1.18401
0.215104    -1.18341
0.217226    -1.1828
0.219347    -1.18219
0.221466    -1.18157
0.223584    -1.18095
0.2257    -1.18031
0.227815    -1.17968
0.229928    -1.17904
0.23204    -1.17839
0.23415    -1.17774
0.236259    -1.17708
0.238366    -1.17642
0.240471    -1.17575
0.242575    -1.17507
0.244677    -1.17439
0.246778    -1.1737
0.248877    -1.17301
0.250974    -1.17232
0.25307    -1.17161
0.255164    -1.17091
0.257257    -1.17019
0.259347    -1.16947
0.261436    -1.16875
0.263524    -1.16802
0.265609    -1.16728
0.267693    -1.16654
0.269775    -1.16579
0.271855    -1.16504
0.273934    -1.16428
0.27601    -1.16352
0.278085    -1.16275
0.280158    -1.16198
0.28223    -1.1612
0.284299    -1.16042
0.286367    -1.15963
0.288432    -1.15883
0.290496    -1.15803
0.292558    -1.15722
0.294618    -1.15641
0.296676    -1.15559
0.298733    -1.15477
0.300787    -1.15394
0.302839    -1.15311
0.30489    -1.15227
0.306938    -1.15143
0.308985    -1.15058
0.311029    -1.14972
0.313071    -1.14886
0.315112    -1.14799
0.31715    -1.14712
0.319187    -1.14625
0.321221    -1.14537
0.323253    -1.14448
0.325283    -1.14359
0.327312    -1.14269
0.329338    -1.14179
0.331362    -1.14088
0.333383    -1.13996
0.335403    -1.13905
0.337421    -1.13812
0.339436    -1.13719
0.341449    -1.13626
0.34346    -1.13532
0.345469    -1.13437
0.347476    -1.13342
0.34948    -1.13247
0.351483    -1.13151
0.353483    -1.13054
0.355481    -1.12957
0.357476    -1.12859
0.35947    -1.12761
0.361461    -1.12662
0.363449    -1.12563
0.365436    -1.12463
0.36742    -1.12363
0.369402    -1.12262
0.371381    -1.12161
0.373359    -1.12059
0.375334    -1.11957
0.377306    -1.11854
0.379276    -1.11751
0.381244    -1.11647
0.38321    -1.11543
0.385173    -1.11438
0.387133    -1.11333
0.389091    -1.11227
0.391047    -1.1112
0.393001    -1.11013
0.394952    -1.10906
0.3969    -1.10798
0.398846    -1.1069
0.40079    -1.10581
0.402731    -1.10471
0.404669    -1.10361
0.406605    -1.10251
0.408539    -1.1014
0.41047    -1.10029
0.412398    -1.09917
0.414324    -1.09804
0.416248    -1.09691
0.418169    -1.09578
0.420087    -1.09464
0.422003    -1.0935
0.423916    -1.09235
0.425826    -1.09119
0.427734    -1.09003
0.429639    -1.08887
0.431542    -1.0877
0.433442    -1.08653
0.43534    -1.08535
0.437234    -1.08417
0.439126    -1.08298
0.441016    -1.08178
0.442903    -1.08059
0.444787    -1.07938
0.446668    -1.07818
0.448547    -1.07696
0.450422    -1.07575
0.452296    -1.07452
0.454166    -1.0733
0.456034    -1.07206
0.457899    -1.07083
0.459761    -1.06959
0.46162    -1.06834
0.463477    -1.06709
0.465331    -1.06583
0.467182    -1.06457
0.46903    -1.06331
0.470876    -1.06204
0.472719    -1.06076
0.474558    -1.05948
0.476395    -1.0582
0.47823    -1.05691
0.480061    -1.05562
0.481889    -1.05432
0.483715    -1.05302
0.485538    -1.05171
0.487357    -1.0504
0.489174    -1.04908
0.490988    -1.04776
0.492799    -1.04643
0.494608    -1.0451
0.496413    -1.04376
0.498215    -1.04242
0.500015    -1.04108
0.501811    -1.03973
0.503605    -1.03838
0.505395    -1.03702
0.507183    -1.03565
0.508967    -1.03429
0.510749    -1.03291
0.512528    -1.03154
0.514303    -1.03016
0.516076    -1.02877
0.517845    -1.02738
0.519612    -1.02599
0.521375    -1.02459
0.523136    -1.02318
0.524893    -1.02178
0.526648    -1.02036
0.528399    -1.01895
0.530148    -1.01752
0.531893    -1.0161
0.533635    -1.01467
0.535374    -1.01323
0.53711    -1.01179
0.538843    -1.01035
0.540573    -1.0089
0.542299    -1.00745
0.544023    -1.00599
0.545743    -1.00453
0.54746    -1.00307
0.549174    -1.0016
0.550885    -1.00012
0.552593    -0.998644
0.554298    -0.997161
0.555999    -0.995674
0.557698    -0.994182
0.559393    -0.992687
0.561085    -0.991187
0.562774    -0.989683
0.564459    -0.988174
0.566142    -0.986661
0.567821    -0.985144
0.569497    -0.983623
0.57117    -0.982098
0.572839    -0.980568
0.574505    -0.979034
0.576168    -0.977496
0.577828    -0.975954
0.579485    -0.974407
0.581138    -0.972857
0.582788    -0.971302
0.584435    -0.969743
0.586078    -0.96818
0.587719    -0.966613
0.589356    -0.965042
0.590989    -0.963466
0.59262    -0.961887
0.594247    -0.960303
0.59587    -0.958715
0.597491    -0.957124
0.599108    -0.955528
0.600722    -0.953928
0.602332    -0.952324
0.603939    -0.950716
0.605543    -0.949104
0.607144    -0.947489
0.608741    -0.945869
0.610334    -0.944245
0.611925    -0.942617
0.613512    -0.940985
0.615096    -0.939349
0.616676    -0.937709
0.618253    -0.936066
0.619826    -0.934418
0.621396    -0.932766
0.622963    -0.931111
0.624527    -0.929451
0.626087    -0.927788
0.627643    -0.926121
0.629196    -0.92445
0.630746    -0.922775
0.632292    -0.921096
0.633835    -0.919413
0.635375    -0.917727
0.636911    -0.916037
0.638444    -0.914343
0.639973    -0.912645
0.641498    -0.910943
0.643021    -0.909238
0.64454    -0.907528
0.646055    -0.905815
0.647567    -0.904098
0.649075    -0.902378
0.65058    -0.900654
0.652082    -0.898926
0.65358    -0.897194
0.655075    -0.895458
0.656566    -0.893719
0.658053    -0.891977
0.659538    -0.89023
0.661018    -0.88848
0.662495    -0.886726
0.663969    -0.884969
0.665439    -0.883208
0.666906    -0.881443
0.668369    -0.879674
0.669829    -0.877902
0.671285    -0.876127
0.672737    -0.874348
0.674186    -0.872565
0.675632    -0.870779
0.677074    -0.868989
0.678512    -0.867196
0.679947    -0.865399
0.681379    -0.863598
0.682806    -0.861794
0.684231    -0.859987
0.685652    -0.858176
0.687069    -0.856361
0.688482    -0.854543
0.689893    -0.852722
0.691299    -0.850897
0.692702    -0.849069
0.694102    -0.847237
0.695497    -0.845402
0.69689    -0.843563
0.698278    -0.841721
0.699664    -0.839875
0.701045    -0.838027
0.702423    -0.836174
0.703798    -0.834319
0.705168    -0.83246
0.706536    -0.830598
0.707899    -0.828732
0.709259    -0.826863
0.710616    -0.824991
0.711969    -0.823115
0.713318    -0.821236
0.714664    -0.819354
0.716006    -0.817469
0.717344    -0.81558
0.718679    -0.813688
0.72001    -0.811793
0.721338    -0.809894
0.722662    -0.807993
0.723983    -0.806088
0.7253    -0.804179
0.726613    -0.802268
0.727922    -0.800354
0.729228    -0.798436
0.730531    -0.796515
0.731829    -0.794591
0.733125    -0.792664
0.734416    -0.790733
0.735704    -0.7888
0.736988    -0.786863
0.738269    -0.784924
0.739546    -0.782981
0.740819    -0.781035
0.742089    -0.779086
0.743355    -0.777134
0.744618    -0.775179
0.745876    -0.773221
0.747132    -0.771259
0.748383    -0.769295
0.749631    -0.767328
0.750875    -0.765358
0.752116    -0.763384
0.753353    -0.761408
0.754586    -0.759429
0.755816    -0.757447
0.757042    -0.755461
0.758264    -0.753473
0.759483    -0.751482
0.760698    -0.749488
0.76191    -0.747491
0.763118    -0.745491
0.764322    -0.743489
0.765522    -0.741483
0.766719    -0.739474
0.767913    -0.737463
0.769102    -0.735449
0.770288    -0.733432
0.77147    -0.731412
0.772649    -0.729389
0.773824    -0.727363
0.774995    -0.725335
0.776163    -0.723303
0.777327    -0.721269
0.778488    -0.719232
0.779644    -0.717193
0.780797    -0.71515
0.781947    -0.713105
0.783093    -0.711057
0.784235    -0.709007
0.785373    -0.706953
0.786508    -0.704897
0.787639    -0.702839
0.788767    -0.700777
0.789891    -0.698713
0.791011    -0.696646
0.792127    -0.694577
0.79324    -0.692505
0.79435    -0.69043
0.795455    -0.688352
0.796557    -0.686272
0.797656    -0.684189
0.79875    -0.682104
0.799841    -0.680016
0.800929    -0.677926
0.802013    -0.675833
0.803093    -0.673737
0.804169    -0.671639
0.805242    -0.669538
0.806311    -0.667435
0.807377    -0.665329
0.808439    -0.66322
0.809497    -0.66111
0.810551    -0.658996
0.811602    -0.65688
0.81265    -0.654762
0.813693    -0.652641
0.814733    -0.650518
0.81577    -0.648392
0.816803    -0.646264
0.817832    -0.644133
0.818857    -0.642
0.819879    -0.639865
0.820898    -0.637727
0.821912    -0.635586
0.822923    -0.633444
0.823931    -0.631299
0.824934    -0.629151
0.825935    -0.627001
0.826931    -0.624849
0.827924    -0.622695
0.828913    -0.620538
0.829899    -0.618379
0.830881    -0.616217
0.83186    -0.614054
0.832834    -0.611888
0.833806    -0.609719
0.834773    -0.607549
0.835737    -0.605376
0.836698    -0.603201
0.837655    -0.601023
0.838608    -0.598844
0.839557    -0.596662
0.840503    -0.594478
0.841446    -0.592292
0.842385    -0.590103
0.84332    -0.587913
0.844252    -0.58572
0.84518    -0.583525
0.846104    -0.581328
0.847025    -0.579128
0.847942    -0.576927
0.848856    -0.574723
0.849766    -0.572518
0.850673    -0.57031
0.851576    -0.5681
0.852475    -0.565888
0.853371    -0.563674
0.854263    -0.561458
0.855152    -0.559239
0.856037    -0.557019
0.856919    -0.554797
0.857797    -0.552572
0.858672    -0.550346
0.859542    -0.548117
0.86041    -0.545887
0.861274    -0.543655
0.862134    -0.54142
0.862991    -0.539184
0.863844    -0.536945
0.864694    -0.534705
0.86554    -0.532463
0.866383    -0.530218
0.867222    -0.527972
0.868057    -0.525724
0.86889    -0.523474
0.869718    -0.521222
0.870543    -0.518968
0.871365    -0.516712
0.872183    -0.514455
0.872997    -0.512195
0.873808    -0.509934
0.874616    -0.507671
0.87542    -0.505406
0.87622    -0.503139
0.877017    -0.50087
0.877811    -0.498599
0.878601    -0.496327
0.879388    -0.494053
0.880171    -0.491777
0.88095    -0.489499
0.881726    -0.48722
0.882499    -0.484939
0.883268    -0.482656
0.884034    -0.480371
0.884796    -0.478084
0.885555    -0.475796
0.886311    -0.473506
0.887063    -0.471214
0.887811    -0.468921
0.888556    -0.466626
0.889298    -0.464329
0.890036    -0.462031
0.890771    -0.459731
0.891502    -0.457429
0.89223    -0.455126
0.892955    -0.452821
0.893676    -0.450514
0.894393    -0.448206
0.895108    -0.445896
0.895819    -0.443585
0.896526    -0.441272
0.89723    -0.438957
0.897931    -0.436641
0.898628    -0.434323
0.899322    -0.432004
0.900012    -0.429683
0.9007    -0.42736
0.901383    -0.425036
0.902064    -0.422711
0.902741    -0.420384
0.903415    -0.418056
0.904085    -0.415726
0.904752    -0.413394
0.905415    -0.411061
0.906076    -0.408727
0.906733    -0.406391
0.907386    -0.404054
0.908037    -0.401715
0.908684    -0.399375
0.909327    -0.397033
0.909967    -0.39469
0.910604    -0.392345
0.911238    -0.39
0.911869    -0.387652
0.912496    -0.385304
0.913119    -0.382954
0.91374    -0.380602
0.914357    -0.37825
0.914971    -0.375896
0.915582    -0.37354
0.916189    -0.371184
0.916793    -0.368826
0.917394    -0.366466
0.917992    -0.364106
0.918586    -0.361744
0.919177    -0.35938
0.919765    -0.357016
0.920349    -0.35465
0.920931    -0.352283
0.921509    -0.349915
0.922084    -0.347545
0.922656    -0.345175
0.923224    -0.342803
0.923789    -0.340429
0.924351    -0.338055
0.92491    -0.335679
0.925466    -0.333303
0.926018    -0.330925
0.926568    -0.328545
0.927114    -0.326165
0.927657    -0.323784
0.928196    -0.321401
0.928733    -0.319017
0.929266    -0.316632
0.929797    -0.314246
0.930324    -0.311859
0.930848    -0.309471
0.931369    -0.307082
0.931886    -0.304691
0.932401    -0.3023
0.932912    -0.299907
0.933421    -0.297513
0.933926    -0.295119
0.934428    -0.292723
0.934927    -0.290326
0.935423    -0.287928
0.935916    -0.285529
0.936406    -0.28313
0.936892    -0.280729
0.937376    -0.278327
0.937856    -0.275924
0.938334    -0.27352
0.938808    -0.271115
0.93928    -0.26871
0.939748    -0.266303
0.940213    -0.263895
0.940675    -0.261487
0.941135    -0.259077
0.941591    -0.256667
0.942044    -0.254255
0.942494    -0.251843
0.942941    -0.24943
0.943385    -0.247016
0.943826    -0.244601
0.944265    -0.242185
0.9447    -0.239768
0.945132    -0.237351
0.945561    -0.234932
0.945987    -0.232513
0.946411    -0.230093
0.946831    -0.227672
0.947248    -0.22525
0.947663    -0.222828
0.948074    -0.220404
0.948483    -0.21798
0.948888    -0.215555
0.949291    -0.21313
0.949691    -0.210703
0.950088    -0.208276
0.950482    -0.205848
0.950873    -0.203419
0.951261    -0.20099
0.951647    -0.19856
0.952029    -0.196129
0.952409    -0.193697
0.952785    -0.191265
0.953159    -0.188832
0.95353    -0.186398
0.953899    -0.183964
0.954264    -0.181529
0.954626    -0.179093
0.954986    -0.176657
0.955343    -0.17422
0.955697    -0.171782
0.956048    -0.169344
0.956397    -0.166905
0.956743    -0.164466
0.957085    -0.162025
0.957426    -0.159585
0.957763    -0.157143
0.958098    -0.154702
0.958429    -0.152259
0.958758    -0.149816
0.959085    -0.147372
0.959408    -0.144928
0.959729    -0.142484
0.960047    -0.140038
0.960363    -0.137593
0.960675    -0.135146
0.960985    -0.1327
0.961293    -0.130252
0.961597    -0.127804
0.961899    -0.125356
0.962198    -0.122907
0.962495    -0.120458
0.962789    -0.118008
0.96308    -0.115558
0.963369    -0.113108
0.963655    -0.110657
0.963938    -0.108205
0.964219    -0.105753
0.964497    -0.103301
0.964772    -0.100848
0.965045    -0.0983948
0.965315    -0.0959413
0.965583    -0.0934873
0.965848    -0.091033
0.96611    -0.0885783
0.96637    -0.0861232
0.966627    -0.0836678
0.966882    -0.081212
0.967134    -0.0787558
0.967384    -0.0762994
0.967631    -0.0738426
0.967876    -0.0713854
0.968118    -0.068928
0.968357    -0.0664703
0.968594    -0.0640122
0.968829    -0.0615539
0.969061    -0.0590953
0.969291    -0.0566364
0.969518    -0.0541773
0.969742    -0.0517178
0.969964    -0.0492582
0.970184    -0.0467982
0.970401    -0.0443381
0.970616    -0.0418777
0.970828    -0.0394171
0.971038    -0.0369563
0.971246    -0.0344952
0.971451    -0.032034
0.971653    -0.0295726
0.971854    -0.027111
0.972052    -0.0246492
0.972247    -0.0221872
0.97244    -0.0197251
0.972631    -0.0172628
0.972819    -0.0148003
0.973005    -0.0123378
0.973189    -0.00987506
0.973371    -0.00741222
0.97355    -0.00494926
0.973726    -0.00248618
0.973901    -2.30072e-05
0.974073    0.00244027
0.974242    0.00490363
0.97441    0.00736708
0.974575    0.00983061
0.974738    0.0122942
0.974899    0.0147579
0.975057    0.0172216
0.975213    0.0196853
0.975367    0.0221491
0.975519    0.024613
0.975668    0.0270768
0.975815    0.0295407
0.97596    0.0320046
0.976103    0.0344685
0.976244    0.0369323
0.976382    0.0393962
0.976518    0.0418601
0.976653    0.0443239
0.976784    0.0467877
0.976914    0.0492515
0.977042    0.0517152
0.977167    0.0541788
0.97729    0.0566424
0.977412    0.059106
0.977531    0.0615694
0.977648    0.0640328
0.977762    0.0664961
0.977875    0.0689593
0.977986    0.0714224
0.978094    0.0738854
0.978201    0.0763482
0.978305    0.078811
0.978408    0.0812736
0.978508    0.0837361
0.978606    0.0861984
0.978703    0.0886606
0.978797    0.0911226
0.978889    0.0935844
0.978979    0.0960461
0.979068    0.0985076
0.979154    0.100969
0.979238    0.10343
0.979321    0.105891
0.979401    0.108352
0.979479    0.110812
0.979556    0.113272
0.97963    0.115733
0.979703    0.118192
0.979774    0.120652
0.979842    0.123111
0.979909    0.12557
0.979974    0.128029
0.980037    0.130488
0.980098    0.132946
0.980158    0.135404
0.980215    0.137862
0.980271    0.140319
0.980325    0.142776
0.980377    0.145233
0.980427    0.147689
0.980475    0.150145
0.980521    0.152601
0.980566    0.155057
0.980609    0.157512
0.98065    0.159967
0.980689    0.162421
0.980727    0.164875
0.980763    0.167329
0.980797    0.169782
0.980829    0.172235
0.98086    0.174688
0.980889    0.17714
0.980916    0.179592
0.980941    0.182043
0.980965    0.184494
0.980987    0.186944
0.981007    0.189395
0.981026    0.191844
0.981043    0.194293
0.981059    0.196742
0.981072    0.19919
0.981084    0.201638
0.981095    0.204086
0.981104    0.206533
0.981111    0.208979
0.981117    0.211425
0.981121    0.21387
0.981123    0.216315
0.981124    0.21876
0.981124    0.221204
0.981121    0.223647
0.981118    0.22609
0.981112    0.228532
0.981106    0.230974
0.981097    0.233415
0.981087    0.235856
0.981076    0.238296
0.981063    0.240736
0.981049    0.243175
0.981033    0.245613
0.981016    0.248051
0.980997    0.250488
0.980977    0.252925
0.980955    0.255361
0.980932    0.257796
0.980908    0.260231
0.980882    0.262666
0.980855    0.265099
0.980826    0.267532
0.980796    0.269964
0.980765    0.272396
0.980732    0.274827
0.980698    0.277257
0.980662    0.279687
0.980626    0.282116
0.980587    0.284545
0.980548    0.286972
0.980507    0.289399
0.980465    0.291826
0.980422    0.294251
0.980377    0.296676
0.980331    0.2991
0.980284    0.301524
0.980236    0.303946
0.980186    0.306368
0.980135    0.30879
0.980083    0.31121
0.98003    0.31363
0.979975    0.316049
0.979919    0.318467
0.979862    0.320885
0.979804    0.323301
0.979745    0.325717
0.979684    0.328133
0.979623    0.330547
0.97956    0.332961
0.979496    0.335373
0.979431    0.337785
0.979365    0.340196
0.979298    0.342607
0.97923    0.345016
0.97916    0.347425
0.97909    0.349833
0.979018    0.35224
0.978946    0.354646
0.978872    0.357051
0.978797    0.359456
0.978722    0.361859
0.978645    0.364262
0.978567    0.366664
0.978488    0.369065
0.978409    0.371465
0.978328    0.373864
0.978246    0.376262
0.978164    0.378659
0.97808    0.381056
0.977995    0.383451
0.97791    0.385846
0.977824    0.388239
0.977736    0.390632
0.977648    0.393024
0.977559    0.395415
0.977469    0.397805
0.977378    0.400194
0.977286    0.402582
0.977194    0.404969
0.9771    0.407355
0.977006    0.40974
0.976911    0.412124
0.976815    0.414507
0.976718    0.416889
0.976621    0.41927
0.976523    0.42165
0.976424    0.424029
0.976324    0.426407
0.976223    0.428784
0.976122    0.43116
0.97602    0.433535
0.975917    0.435909
0.975813    0.438282
0.975709    0.440653
0.975604    0.443024
0.975498    0.445394
0.975392    0.447762
0.975285    0.45013
0.975177    0.452496
0.975069    0.454862
0.97496    0.457226
0.97485    0.459589
0.97474    0.461951
0.974629    0.464312
0.974518    0.466672
0.974406    0.469031
0.974293    0.471389
0.97418    0.473745
0.974066    0.476101
0.973952    0.478455
0.973837    0.480808
0.973722    0.48316
0.973606    0.485511
0.97349    0.48786
0.973373    0.490209
0.973255    0.492556
0.973138    0.494902
0.973019    0.497247
0.9729    0.499591
0.972781    0.501934
0.972661    0.504275
0.972541    0.506615
0.972421    0.508954
0.9723    0.511292
0.972178    0.513629
0.972056    0.515964
0.971934    0.518298
0.971812    0.520631
0.971689    0.522963
0.971565    0.525293
0.971442    0.527623
0.971318    0.529951
0.971194    0.532277
0.971069    0.534603
0.970944    0.536927
0.970819    0.53925
0.970693    0.541571
0.970568    0.543892
0.970442    0.546211
0.970315    0.548529
0.970189    0.550845
0.970062    0.55316
0.969935    0.555474
0.969808    0.557787
0.96968    0.560098
0.969553    0.562408
0.969425    0.564717
0.969297    0.567024
0.969169    0.56933
0.969041    0.571635
0.968912    0.573938
0.968784    0.57624
0.968655    0.578541
0.968526    0.58084
0.968397    0.583138
0.968268    0.585434
0.968139    0.587729
0.96801    0.590023
0.967881    0.592316
0.967751    0.594607
0.967622    0.596896
0.967493    0.599184
0.967363    0.601471
0.967234    0.603757
0.967104    0.606041
0.966975    0.608323
0.966846    0.610605
0.966716    0.612884
0.966587    0.615163
