-0.477311    1.03583
-0.476107    1.03459
-0.474907    1.03335
-0.473709    1.03211
-0.472514    1.03086
-0.471322    1.02961
-0.470133    1.02835
-0.468947    1.02709
-0.467764    1.02582
-0.466584    1.02456
-0.465407    1.02329
-0.464233    1.02201
-0.463062    1.02073
-0.461894    1.01945
-0.460729    1.01816
-0.459567    1.01687
-0.458407    1.01558
-0.457251    1.01428
-0.456098    1.01298
-0.454947    1.01168
-0.4538    1.01037
-0.452656    1.00905
-0.451514    1.00774
-0.450375    1.00642
-0.44924    1.0051
-0.448107    1.00377
-0.446977    1.00244
-0.445851    1.00111
-0.444727    0.999768
-0.443606    0.998427
-0.442488    0.997082
-0.441373    0.995734
-0.440261    0.994382
-0.439151    0.993026
-0.438045    0.991667
-0.436942    0.990304
-0.435841    0.988938
-0.434744    0.987568
-0.433649    0.986195
-0.432558    0.984818
-0.431469    0.983438
-0.430383    0.982054
-0.4293    0.980666
-0.42822    0.979275
-0.427143    0.977881
-0.426069    0.976483
-0.424998    0.975081
-0.423929    0.973676
-0.422864    0.972268
-0.421801    0.970856
-0.420742    0.96944
-0.419685    0.968021
-0.418631    0.966599
-0.41758    0.965173
-0.416532    0.963744
-0.415486    0.962311
-0.414444    0.960875
-0.413405    0.959436
-0.412368    0.957993
-0.411334    0.956546
-0.410303    0.955097
-0.409275    0.953643
-0.40825    0.952187
-0.407228    0.950727
-0.406208    0.949264
-0.405192    0.947797
-0.404178    0.946327
-0.403167    0.944853
-0.402159    0.943377
-0.401154    0.941897
-0.400151    0.940413
-0.399152    0.938926
-0.398155    0.937436
-0.397161    0.935943
-0.39617    0.934446
-0.395182    0.932946
-0.394196    0.931442
-0.393214    0.929936
-0.392234    0.928426
-0.391257    0.926912
-0.390283    0.925396
-0.389311    0.923876
-0.388343    0.922353
-0.387377    0.920827
-0.386414    0.919297
-0.385454    0.917764
-0.384497    0.916228
-0.383542    0.914689
-0.38259    0.913146
-0.381641    0.9116
-0.380695    0.910051
-0.379751    0.908499
-0.378811    0.906944
-0.377873    0.905385
-0.376938    0.903823
-0.376005    0.902258
-0.375075    0.90069
-0.374148    0.899119
-0.373224    0.897544
-0.372303    0.895967
-0.371384    0.894386
-0.370468    0.892802
-0.369555    0.891215
-0.368644    0.889624
-0.367737    0.888031
-0.366832    0.886434
-0.365929    0.884835
-0.36503    0.883232
-0.364133    0.881626
-0.363239    0.880017
-0.362347    0.878405
-0.361458    0.87679
-0.360572    0.875172
-0.359689    0.87355
-0.358808    0.871926
-0.35793    0.870298
-0.357055    0.868668
-0.356182    0.867034
-0.355312    0.865397
-0.354444    0.863758
-0.35358    0.862115
-0.352718    0.860469
-0.351858    0.85882
-0.351002    0.857169
-0.350147    0.855514
-0.349296    0.853856
-0.348447    0.852195
-0.347601    0.850531
-0.346757    0.848865
-0.345917    0.847195
-0.345078    0.845522
-0.344243    0.843846
-0.343409    0.842167
-0.342579    0.840486
-0.341751    0.838801
-0.340926    0.837113
-0.340103    0.835423
-0.339283    0.833729
-0.338466    0.832033
-0.337651    0.830334
-0.336838    0.828631
-0.336029    0.826926
-0.335221    0.825218
-0.334417    0.823507
-0.333615    0.821793
-0.332815    0.820076
-0.332018    0.818357
-0.331224    0.816634
-0.330432    0.814909
-0.329642    0.81318
-0.328856    0.811449
-0.328071    0.809715
-0.327289    0.807978
-0.32651    0.806239
-0.325733    0.804496
-0.324959    0.802751
-0.324187    0.801002
-0.323418    0.799251
-0.322651    0.797498
-0.321887    0.795741
-0.321125    0.793981
-0.320366    0.792219
-0.319609    0.790454
-0.318855    0.788686
-0.318103    0.786915
-0.317353    0.785142
-0.316606    0.783366
-0.315862    0.781587
-0.31512    0.779805
-0.31438    0.778021
-0.313643    0.776233
-0.312908    0.774443
-0.312176    0.772651
-0.311446    0.770855
-0.310718    0.769057
-0.309993    0.767256
-0.30927    0.765452
-0.30855    0.763646
-0.307832    0.761837
-0.307116    0.760025
-0.306403    0.758211
-0.305692    0.756394
-0.304984    0.754574
-0.304278    0.752751
-0.303574    0.750926
-0.302873    0.749098
-0.302174    0.747268
-0.301477    0.745435
-0.300782    0.743599
-0.30009    0.741761
-0.299401    0.73992
-0.298713    0.738076
-0.298028    0.736229
-0.297346    0.734381
-0.296665    0.732529
-0.295987    0.730675
-0.295311    0.728818
-0.294638    0.726959
-0.293966    0.725097
-0.293297    0.723232
-0.292631    0.721365
-0.291966    0.719495
-0.291304    0.717623
-0.290644    0.715748
-0.289986    0.713871
-0.289331    0.711991
-0.288678    0.710108
-0.288027    0.708223
-0.287378    0.706336
-0.286731    0.704446
-0.286087    0.702553
-0.285445    0.700658
-0.284805    0.69876
-0.284167    0.69686
-0.283532    0.694957
-0.282898    0.693052
-0.282267    0.691144
-0.281638    0.689234
-0.281011    0.687322
-0.280387    0.685406
-0.279764    0.683489
-0.279144    0.681569
-0.278526    0.679646
-0.27791    0.677721
-0.277296    0.675794
-0.276684    0.673864
-0.276074    0.671932
-0.275467    0.669997
-0.274861    0.66806
-0.274258    0.666121
-0.273657    0.664179
-0.273057    0.662234
-0.27246    0.660287
-0.271865    0.658338
-0.271272    0.656387
-0.270681    0.654433
-0.270093    0.652476
-0.269506    0.650518
-0.268921    0.648557
-0.268338    0.646593
-0.267758    0.644627
-0.267179    0.642659
-0.266602    0.640689
-0.266028    0.638716
-0.265455    0.636741
-0.264885    0.634763
-0.264316    0.632784
-0.26375    0.630802
-0.263185    0.628817
-0.262622    0.62683
-0.262062    0.624841
-0.261503    0.62285
-0.260946    0.620857
-0.260391    0.618861
-0.259839    0.616862
-0.259288    0.614862
-0.258739    0.612859
-0.258192    0.610854
-0.257646    0.608847
-0.257103    0.606838
-0.256562    0.604826
-0.256023    0.602812
-0.255485    0.600796
-0.254949    0.598778
-0.254416    0.596757
-0.253884    0.594734
-0.253354    0.592709
-0.252826    0.590682
-0.252299    0.588652
-0.251775    0.586621
-0.251252    0.584587
-0.250731    0.582551
-0.250212    0.580513
-0.249695    0.578473
-0.24918    0.57643
-0.248666    0.574386
-0.248155    0.572339
-0.247645    0.57029
-0.247137    0.568239
-0.24663    0.566186
-0.246126    0.56413
-0.245623    0.562073
-0.245122    0.560013
-0.244622    0.557952
-0.244125    0.555888
-0.243629    0.553822
-0.243135    0.551754
-0.242642    0.549684
-0.242152    0.547612
-0.241663    0.545538
-0.241176    0.543462
-0.24069    0.541383
-0.240206    0.539303
-0.239724    0.537221
-0.239243    0.535136
-0.238765    0.53305
-0.238287    0.530961
-0.237812    0.528871
-0.237338    0.526778
-0.236866    0.524684
-0.236395    0.522587
-0.235926    0.520489
-0.235459    0.518388
-0.234993    0.516285
-0.234529    0.514181
-0.234066    0.512074
-0.233605    0.509966
-0.233146    0.507856
-0.232688    0.505743
-0.232232    0.503629
-0.231777    0.501513
-0.231324    0.499394
-0.230872    0.497274
-0.230422    0.495152
-0.229974    0.493028
-0.229527    0.490902
-0.229081    0.488774
-0.228637    0.486645
-0.228195    0.484513
-0.227754    0.482379
-0.227315    0.480244
-0.226877    0.478107
-0.22644    0.475968
-0.226005    0.473827
-0.225571    0.471684
-0.225139    0.469539
-0.224709    0.467392
-0.224279    0.465244
-0.223851    0.463094
-0.223425    0.460942
-0.223    0.458788
-0.222577    0.456632
-0.222154    0.454475
-0.221734    0.452315
-0.221314    0.450154
-0.220896    0.447991
-0.220479    0.445827
-0.220064    0.44366
-0.21965    0.441492
-0.219238    0.439322
-0.218826    0.43715
-0.218416    0.434977
-0.218008    0.432802
-0.2176    0.430625
-0.217194    0.428446
-0.21679    0.426265
-0.216386    0.424083
-0.215984    0.421899
-0.215583    0.419714
-0.215184    0.417527
-0.214786    0.415338
-0.214389    0.413147
-0.213993    0.410955
-0.213598    0.408761
-0.213205    0.406565
-0.212813    0.404368
-0.212422    0.402169
-0.212032    0.399968
-0.211644    0.397766
-0.211257    0.395562
-0.210871    0.393356
-0.210486    0.391149
-0.210102    0.388941
-0.209719    0.38673
-0.209338    0.384518
-0.208958    0.382305
-0.208579    0.38009
-0.208201    0.377873
-0.207824    0.375655
-0.207448    0.373435
-0.207073    0.371213
-0.2067    0.36899
-0.206327    0.366766
-0.205956    0.36454
-0.205586    0.362312
-0.205216    0.360083
-0.204848    0.357852
-0.204481    0.35562
-0.204115    0.353387
-0.20375    0.351151
-0.203386    0.348915
-0.203023    0.346677
-0.202661    0.344437
-0.2023    0.342196
-0.20194    0.339953
-0.201581    0.337709
-0.201223    0.335464
-0.200866    0.333217
-0.20051    0.330969
-0.200155    0.328719
-0.199801    0.326468
-0.199447    0.324215
-0.199095    0.321961
-0.198744    0.319706
-0.198393    0.317449
-0.198044    0.315191
-0.197695    0.312931
-0.197347    0.31067
-0.197001    0.308408
-0.196655    0.306144
-0.196309    0.303879
-0.195965    0.301613
-0.195622    0.299345
-0.195279    0.297076
-0.194937    0.294806
-0.194597    0.292534
-0.194256    0.290261
-0.193917    0.287987
-0.193579    0.285711
-0.193241    0.283435
-0.192904    0.281156
-0.192568    0.278877
-0.192233    0.276596
-0.191898    0.274314
-0.191564    0.272031
-0.191231    0.269747
-0.190899    0.267461
-0.190567    0.265174
-0.190236    0.262886
-0.189906    0.260597
-0.189577    0.258306
-0.189248    0.256015
-0.18892    0.253722
-0.188592    0.251428
-0.188266    0.249132
-0.187939    0.246836
-0.187614    0.244538
-0.187289    0.242239
-0.186965    0.23994
-0.186641    0.237638
-0.186319    0.235336
-0.185996    0.233033
-0.185675    0.230729
-0.185353    0.228423
-0.185033    0.226116
-0.184713    0.223809
-0.184394    0.2215
-0.184075    0.21919
-0.183757    0.216879
-0.183439    0.214567
-0.183122    0.212254
-0.182805    0.20994
-0.182489    0.207624
-0.182173    0.205308
-0.181858    0.202991
-0.181544    0.200673
-0.181229    0.198353
-0.180916    0.196033
-0.180603    0.193712
-0.18029    0.191389
-0.179978    0.189066
-0.179666    0.186742
-0.179354    0.184417
-0.179043    0.182091
-0.178733    0.179763
-0.178423    0.177435
-0.178113    0.175106
-0.177804    0.172777
-0.177495    0.170446
-0.177186    0.168114
-0.176878    0.165781
-0.17657    0.163448
-0.176263    0.161113
-0.175955    0.158778
-0.175648    0.156442
-0.175342    0.154105
-0.175036    0.151767
-0.17473    0.149428
-0.174424    0.147089
-0.174119    0.144748
-0.173814    0.142407
-0.173509    0.140065
-0.173205    0.137722
-0.172901    0.135378
-0.172597    0.133034
-0.172293    0.130689
-0.171989    0.128343
-0.171686    0.125996
-0.171383    0.123648
-0.17108    0.1213
-0.170777    0.118951
-0.170475    0.116601
-0.170173    0.114251
-0.16987    0.111899
-0.169568    0.109547
-0.169267    0.107195
-0.168965    0.104841
-0.168663    0.102487
-0.168362    0.100133
-0.168061    0.0977773
-0.167759    0.0954213
-0.167458    0.0930646
-0.167157    0.0907072
-0.166856    0.0883492
-0.166556    0.0859906
-0.166255    0.0836314
-0.165954    0.0812715
-0.165653    0.0789111
-0.165353    0.07655
-0.165052    0.0741883
-0.164752    0.0718261
-0.164451    0.0694633
-0.16415    0.0670999
-0.16385    0.064736
-0.163549    0.0623715
-0.163249    0.0600065
-0.162948    0.0576409
-0.162647    0.0552749
-0.162347    0.0529083
-0.162046    0.0505412
-0.161745    0.0481736
-0.161444    0.0458055
-0.161143    0.0434369
-0.160842    0.0410679
-0.160541    0.0386984
-0.16024    0.0363284
-0.159938    0.033958
-0.159637    0.0315871
-0.159335    0.0292158
-0.159033    0.0268441
-0.158731    0.024472
-0.158429    0.0220995
-0.158127    0.0197265
-0.157825    0.0173532
-0.157522    0.0149795
-0.157219    0.0126054
-0.156916    0.010231
-0.156613    0.00785615
-0.156309    0.005481
-0.156006    0.00310551
-0.155702    0.000729688
-0.155398    -0.00164646
-0.155093    -0.00402292
-0.154788    -0.00639968
-0.154483    -0.00877675
-0.154178    -0.0111541
-0.153873    -0.0135317
-0.153567    -0.0159096
-0.153261    -0.0182878
-0.152954    -0.0206662
-0.152647    -0.0230449
-0.15234    -0.0254238
-0.152033    -0.0278029
-0.151725    -0.0301823
-0.151417    -0.0325619
-0.151108    -0.0349416
-0.150799    -0.0373216
-0.15049    -0.0397018
-0.15018    -0.0420821
-0.14987    -0.0444626
-0.14956    -0.0468432
-0.149249    -0.0492241
-0.148937    -0.051605
-0.148626    -0.0539861
-0.148313    -0.0563673
-0.148001    -0.0587487
-0.147687    -0.0611301
-0.147374    -0.0635117
-0.14706    -0.0658933
-0.146745    -0.068275
-0.14643    -0.0706568
-0.146114    -0.0730387
-0.145798    -0.0754206
-0.145481    -0.0778026
-0.145164    -0.0801846
-0.144846    -0.0825666
-0.144528    -0.0849487
-0.144209    -0.0873308
-0.14389    -0.0897128
-0.14357    -0.0920949
-0.143249    -0.094477
-0.142928    -0.096859
-0.142606    -0.0992411
-0.142284    -0.101623
-0.141961    -0.104005
-0.141637    -0.106387
-0.141313    -0.108769
-0.140988    -0.11115
-0.140662    -0.113532
-0.140336    -0.115914
-0.140009    -0.118295
-0.139682    -0.120676
-0.139353    -0.123058
-0.139024    -0.125439
-0.138695    -0.12782
-0.138364    -0.130201
-0.138033    -0.132581
-0.137701    -0.134962
-0.137369    -0.137342
-0.137035    -0.139723
-0.136701    -0.142103
-0.136366    -0.144482
-0.136031    -0.146862
-0.135694    -0.149241
-0.135357    -0.151621
-0.135019    -0.153999
-0.13468    -0.156378
-0.13434    -0.158757
-0.134    -0.161135
-0.133658    -0.163513
-0.133316    -0.16589
-0.132973    -0.168268
-0.132629    -0.170645
-0.132285    -0.173022
-0.131939    -0.175398
-0.131592    -0.177774
-0.131245    -0.18015
-0.130897    -0.182526
-0.130547    -0.184901
-0.130197    -0.187276
-0.129846    -0.18965
-0.129494    -0.192024
-0.129141    -0.194398
-0.128787    -0.196771
-0.128432    -0.199144
-0.128076    -0.201517
-0.127719    -0.203889
-0.127361    -0.206261
-0.127003    -0.208632
-0.126643    -0.211003
-0.126282    -0.213373
-0.12592    -0.215743
-0.125557    -0.218112
-0.125193    -0.220481
-0.124828    -0.22285
-0.124462    -0.225218
-0.124095    -0.227585
-0.123727    -0.229952
-0.123357    -0.232319
-0.122987    -0.234685
-0.122615    -0.23705
-0.122243    -0.239415
-0.121869    -0.241779
-0.121494    -0.244143
-0.121118    -0.246506
-0.120741    -0.248869
-0.120363    -0.251231
-0.119983    -0.253592
-0.119603    -0.255953
-0.119221    -0.258313
-0.118838    -0.260673
-0.118454    -0.263032
-0.118068    -0.26539
-0.117682    -0.267748
-0.117294    -0.270105
-0.116905    -0.272461
-0.116515    -0.274817
-0.116123    -0.277172
-0.11573    -0.279526
-0.115336    -0.28188
-0.114941    -0.284233
-0.114544    -0.286585
-0.114147    -0.288936
-0.113747    -0.291287
-0.113347    -0.293637
-0.112945    -0.295986
-0.112542    -0.298334
-0.112138    -0.300682
-0.111732    -0.303029
-0.111325    -0.305375
-0.110917    -0.30772
-0.110507    -0.310065
-0.110096    -0.312409
-0.109683    -0.314751
-0.109269    -0.317093
-0.108854    -0.319435
-0.108437    -0.321775
-0.108019    -0.324114
-0.1076    -0.326453
-0.107179    -0.328791
-0.106756    -0.331128
-0.106332    -0.333463
-0.105907    -0.335799
-0.10548    -0.338133
-0.105052    -0.340466
-0.104623    -0.342798
-0.104191    -0.34513
-0.103759    -0.34746
-0.103325    -0.349789
-0.102889    -0.352118
-0.102452    -0.354445
-0.102013    -0.356772
-0.101573    -0.359098
-0.101131    -0.361422
-0.100688    -0.363746
-0.100243    -0.366068
-0.0997966    -0.36839
-0.0993486    -0.37071
-0.098899    -0.37303
-0.0984479    -0.375348
-0.0979951    -0.377666
-0.0975408    -0.379982
-0.0970848    -0.382297
-0.0966272    -0.384611
-0.096168    -0.386924
-0.0957072    -0.389236
-0.0952447    -0.391547
-0.0947806    -0.393857
-0.0943148    -0.396165
-0.0938473    -0.398473
-0.0933782    -0.400779
-0.0929074    -0.403084
-0.0924349    -0.405388
-0.0919607    -0.407691
-0.0914848    -0.409993
-0.0910072    -0.412293
-0.0905278    -0.414593
-0.0900467    -0.416891
-0.0895639    -0.419188
-0.0890794    -0.421483
-0.0885931    -0.423778
-0.088105    -0.426071
-0.0876152    -0.428363
-0.0871236    -0.430654
-0.0866302    -0.432943
-0.086135    -0.435231
-0.085638    -0.437518
-0.0851392    -0.439804
-0.0846386    -0.442088
-0.0841362    -0.444371
-0.083632    -0.446653
-0.0831259    -0.448933
-0.0826179    -0.451212
-0.0821081    -0.45349
-0.0815965    -0.455766
-0.081083    -0.458041
-0.0805676    -0.460315
-0.0800503    -0.462587
-0.0795311    -0.464858
-0.0790101    -0.467128
-0.0784871    -0.469396
-0.0779622    -0.471662
-0.0774354    -0.473928
-0.0769066    -0.476192
-0.076376    -0.478454
-0.0758433    -0.480715
-0.0753088    -0.482975
-0.0747722    -0.485233
-0.0742337    -0.487489
-0.0736933    -0.489744
-0.0731508    -0.491998
-0.0726064    -0.49425
-0.0720599    -0.496501
-0.0715115    -0.49875
-0.070961    -0.500998
-0.0704086    -0.503244
-0.0698541    -0.505489
-0.0692975    -0.507732
-0.068739    -0.509973
-0.0681783    -0.512213
-0.0676157    -0.514452
-0.0670509    -0.516689
-0.0664841    -0.518924
-0.0659152    -0.521157
-0.0653443    -0.52339
-0.0647712    -0.52562
-0.064196    -0.527849
-0.0636188    -0.530076
-0.0630394    -0.532302
-0.0624579    -0.534526
-0.0618742    -0.536748
-0.0612885    -0.538969
-0.0607006    -0.541188
-0.0601105    -0.543405
-0.0595183    -0.545621
-0.0589239    -0.547834
-0.0583273    -0.550047
-0.0577286    -0.552257
-0.0571277    -0.554466
-0.0565246    -0.556673
-0.0559193    -0.558879
-0.0553117    -0.561082
-0.054702    -0.563284
-0.0540901    -0.565484
-0.0534759    -0.567683
-0.0528595    -0.569879
-0.0522408    -0.572074
-0.0516199    -0.574267
-0.0509967    -0.576458
-0.0503713    -0.578648
-0.0497436    -0.580835
-0.0491136    -0.583021
-0.0484814    -0.585205
-0.0478468    -0.587387
-0.04721    -0.589568
-0.0465708    -0.591746
-0.0459294    -0.593923
-0.0452856    -0.596097
-0.0446395    -0.59827
-0.0439911    -0.600441
-0.0433403    -0.60261
-0.0426872    -0.604777
-0.0420317    -0.606942
-0.0413739    -0.609106
-0.0407137    -0.611267
-0.0400511    -0.613427
-0.0393861    -0.615584
-0.0387188    -0.61774
-0.0380491    -0.619893
-0.037377    -0.622045
-0.0367024    -0.624194
-0.0360255    -0.626342
-0.0353461    -0.628488
-0.0346643    -0.630631
-0.0339801    -0.632773
-0.0332935    -0.634913
-0.0326043    -0.63705
-0.0319128    -0.639186
-0.0312188    -0.641319
-0.0305223    -0.643451
-0.0298233    -0.64558
-0.0291219    -0.647708
-0.028418    -0.649833
-0.0277116    -0.651956
-0.0270027    -0.654077
-0.0262913    -0.656196
-0.0255774    -0.658313
-0.0248609    -0.660428
-0.024142    -0.66254
-0.0234205    -0.664651
-0.0226965    -0.666759
-0.0219699    -0.668866
-0.0212408    -0.67097
-0.0205091    -0.673071
-0.0197749    -0.675171
-0.0190381    -0.677269
-0.0182988    -0.679364
-0.0175568    -0.681457
-0.0168123    -0.683548
-0.0160652    -0.685637
-0.0153155    -0.687723
-0.0145631    -0.689808
-0.0138082    -0.69189
-0.0130507    -0.69397
-0.0122905    -0.696047
-0.0115277    -0.698122
-0.0107622    -0.700195
-0.00999417    -0.702266
-0.00922345    -0.704335
-0.00845008    -0.706401
-0.00767405    -0.708465
-0.00689535    -0.710526
-0.00611399    -0.712585
-0.00532994    -0.714642
-0.00454322    -0.716697
-0.00375381    -0.718749
-0.0029617    -0.720799
-0.00216689    -0.722846
-0.00136938    -0.724891
-0.000569155    -0.726934
0.000233786    -0.728975
0.00103945    -0.731013
0.00184784    -0.733048
0.00265897    -0.735081
0.00347284    -0.737112
0.00428945    -0.73914
0.00510882    -0.741166
0.00593094    -0.74319
0.00675583    -0.745211
0.00758348    -0.747229
0.00841391    -0.749245
0.00924712    -0.751259
0.0100831    -0.75327
0.0109219    -0.755278
0.0117635    -0.757285
0.0126079    -0.759288
0.013455    -0.761289
0.0143051    -0.763288
0.0151579    -0.765284
0.0160135    -0.767277
0.016872    -0.769268
0.0177333    -0.771257
0.0185974    -0.773243
0.0194644    -0.775226
0.0203343    -0.777206
0.021207    -0.779185
0.0220825    -0.78116
0.022961    -0.783133
0.0238423    -0.785103
0.0247264    -0.787071
0.0256135    -0.789036
0.0265035    -0.790998
0.0273963    -0.792958
0.028292    -0.794915
0.0291907    -0.796869
0.0300922    -0.798821
0.0309967    -0.80077
0.031904    -0.802717
0.0328143    -0.80466
0.0337276    -0.806601
0.0346437    -0.808539
0.0355628    -0.810475
0.0364849    -0.812408
0.0374099    -0.814338
0.0383378    -0.816265
0.0392687    -0.81819
0.0402026    -0.820112
0.0411394    -0.822031
0.0420792    -0.823947
0.043022    -0.82586
0.0439677    -0.827771
0.0449165    -0.829679
0.0458682    -0.831584
0.0468229    -0.833486
0.0477807    -0.835386
0.0487414    -0.837282
0.0497051    -0.839176
0.0506719    -0.841067
0.0516417    -0.842955
0.0526145    -0.84484
0.0535903    -0.846722
0.0545692    -0.848602
0.0555511    -0.850478
0.056536    -0.852352
0.057524    -0.854223
0.058515    -0.85609
0.0595091    -0.857955
0.0605062    -0.859817
0.0615065    -0.861676
0.0625097    -0.863532
0.0635161    -0.865385
0.0645255    -0.867235
0.065538    -0.869082
0.0665536    -0.870926
0.0675723    -0.872767
0.068594    -0.874606
0.0696189    -0.876441
0.0706469    -0.878273
0.071678    -0.880102
0.0727121    -0.881928
0.0737494    -0.883751
0.0747898    -0.885571
0.0758334    -0.887388
0.07688    -0.889201
0.0779298    -0.891012
0.0789827    -0.89282
0.0800388    -0.894624
0.081098    -0.896426
0.0821603    -0.898224
0.0832258    -0.900019
0.0842945    -0.901811
0.0853663    -0.9036
0.0864412    -0.905386
0.0875193    -0.907169
0.0886006    -0.908948
0.0896851    -0.910724
0.0907727    -0.912497
0.0918635    -0.914267
0.0929575    -0.916034
0.0940547    -0.917798
0.095155    -0.919558
0.0962586    -0.921315
0.0973653    -0.923069
0.0984753    -0.924819
0.0995884    -0.926567
0.100705    -0.928311
0.101824    -0.930052
0.102947    -0.931789
0.104073    -0.933524
0.105202    -0.935254
0.106335    -0.936982
0.10747    -0.938707
0.108609    -0.940428
0.109751    -0.942145
0.110897    -0.94386
0.112045    -0.945571
0.113197    -0.947278
0.114352    -0.948983
0.11551    -0.950684
0.116672    -0.952381
0.117837    -0.954076
0.119005    -0.955766
0.120176    -0.957454
0.121351    -0.959138
0.122529    -0.960818
0.12371    -0.962495
0.124894    -0.964169
0.126082    -0.965839
0.127273    -0.967506
0.128467    -0.96917
0.129664    -0.970829
0.130865    -0.972486
0.132069    -0.974139
0.133277    -0.975788
0.134487    -0.977434
0.135701    -0.979076
0.136918    -0.980715
0.138139    -0.98235
0.139363    -0.983982
0.14059    -0.98561
0.14182    -0.987235
0.143054    -0.988856
0.144291    -0.990473
0.145531    -0.992087
0.146775    -0.993698
0.148022    -0.995304
0.149272    -0.996907
0.150526    -0.998507
0.151783    -1.0001
0.153043    -1.00169
0.154306    -1.00328
0.155573    -1.00487
0.156843    -1.00645
0.158117    -1.00803
0.159394    -1.0096
0.160674    -1.01117
0.161958    -1.01274
0.163245    -1.0143
0.164535    -1.01586
0.165828    -1.01741
0.167125    -1.01897
0.168425    -1.02051
0.169729    -1.02206
0.171036    -1.0236
0.172346    -1.02513
0.17366    -1.02667
0.174977    -1.0282
0.176297    -1.02972
0.177621    -1.03124
0.178948    -1.03276
0.180278    -1.03427
0.181612    -1.03578
0.182949    -1.03729
0.18429    -1.03879
0.185634    -1.04029
0.186981    -1.04178
0.188331    -1.04327
0.189685    -1.04476
0.191043    -1.04624
0.192403    -1.04772
0.193767    -1.0492
0.195135    -1.05067
0.196506    -1.05213
0.19788    -1.0536
0.199257    -1.05506
0.200638    -1.05651
0.202022    -1.05796
0.20341    -1.05941
0.204801    -1.06085
0.206195    -1.06229
0.207593    -1.06373
0.208994    -1.06516
0.210399    -1.06658
0.211806    -1.06801
0.213218    -1.06943
0.214632    -1.07084
0.21605    -1.07225
0.217472    -1.07366
0.218896    -1.07506
0.220324    -1.07646
0.221756    -1.07785
0.223191    -1.07924
0.224629    -1.08063
0.226071    -1.08201
0.227516    -1.08339
0.228964    -1.08476
0.230416    -1.08613
0.231871    -1.0875
0.233329    -1.08886
0.234791    -1.09022
0.236257    -1.09157
0.237725    -1.09292
0.239197    -1.09426
0.240673    -1.0956
0.242151    -1.09694
0.243633    -1.09827
0.245119    -1.0996
0.246608    -1.10092
0.2481    -1.10224
0.249596    -1.10355
0.251095    -1.10486
0.252597    -1.10617
0.254103    -1.10747
0.255612    -1.10877
0.257124    -1.11006
0.25864    -1.11135
0.260159    -1.11263
0.261682    -1.11391
0.263208    -1.11519
0.264737    -1.11646
0.266269    -1.11773
0.267805    -1.11899
0.269345    -1.12025
0.270887    -1.1215
0.272434    -1.12275
0.273983    -1.12399
0.275536    -1.12523
0.277092    -1.12647
0.278651    -1.1277
0.280214    -1.12893
0.28178    -1.13015
0.28335    -1.13137
0.284922    -1.13258
0.286499    -1.13379
0.288078    -1.13499
0.289661    -1.13619
0.291247    -1.13739
0.292837    -1.13858
0.29443    -1.13977
0.296026    -1.14095
0.297625    -1.14212
0.299228    -1.1433
0.300834    -1.14446
0.302444    -1.14563
0.304056    -1.14679
0.305673    -1.14794
0.307292    -1.14909
0.308915    -1.15023
0.310541    -1.15137
0.31217    -1.15251
0.313803    -1.15364
0.315439    -1.15476
0.317078    -1.15588
0.318721    -1.157
0.320366    -1.15811
0.322015    -1.15922
0.323668    -1.16032
0.325324    -1.16142
0.326983    -1.16251
0.328645    -1.1636
0.33031    -1.16468
0.331979    -1.16576
0.333651    -1.16683
0.335327    -1.1679
0.337005    -1.16897
0.338687    -1.17003
0.340372    -1.17108
0.342061    -1.17213
0.343752    -1.17317
0.345447    -1.17421
0.347145    -1.17525
0.348847    -1.17628
0.350551    -1.1773
0.352259    -1.17832
0.35397    -1.17934
0.355684    -1.18035
0.357402    -1.18135
0.359122    -1.18235
0.360846    -1.18335
0.362573    -1.18434
0.364304    -1.18533
0.366037    -1.18631
0.367774    -1.18728
0.369514    -1.18825
0.371257    -1.18922
0.373003    -1.19018
0.374753    -1.19113
0.376505    -1.19208
0.378261    -1.19303
0.38002    -1.19397
0.381782    -1.1949
0.383548    -1.19583
0.385316    -1.19676
0.387088    -1.19768
0.388862    -1.19859
0.39064    -1.1995
0.392421    -1.20041
0.394205    -1.20131
0.395993    -1.2022
0.397783    -1.20309
0.399576    -1.20397
0.401373    -1.20485
0.403173    -1.20573
0.404976    -1.2066
0.406781    -1.20746
0.40859    -1.20832
0.410402    -1.20917
0.412217    -1.21002
0.414036    -1.21086
0.415857    -1.2117
0.417681    -1.21253
0.419509    -1.21335
0.421339    -1.21417
0.423172    -1.21499
0.425009    -1.2158
0.426848    -1.21661
0.428691    -1.21741
0.430536    -1.2182
0.432385    -1.21899
0.434236    -1.21977
0.436091    -1.22055
0.437949    -1.22132
0.439809    -1.22209
0.441673    -1.22285
0.443539    -1.22361
0.445409    -1.22436
0.447281    -1.22511
0.449156    -1.22585
0.451035    -1.22659
0.452916    -1.22731
