-0.627936    1.14715
-0.626406    1.14637
-0.624878    1.14559
-0.623354    1.14481
-0.621832    1.14402
-0.620314    1.14323
-0.618798    1.14243
-0.617285    1.14163
-0.615775    1.14082
-0.614268    1.14001
-0.612764    1.13919
-0.611262    1.13837
-0.609764    1.13754
-0.608269    1.13671
-0.606776    1.13588
-0.605287    1.13504
-0.6038    1.13419
-0.602316    1.13335
-0.600836    1.13249
-0.599358    1.13164
-0.597883    1.13077
-0.596411    1.12991
-0.594942    1.12904
-0.593476    1.12816
-0.592012    1.12728
-0.590552    1.1264
-0.589095    1.12551
-0.587641    1.12462
-0.586189    1.12372
-0.584741    1.12282
-0.583295    1.12191
-0.581853    1.121
-0.580413    1.12008
-0.578976    1.11917
-0.577543    1.11824
-0.576112    1.11731
-0.574684    1.11638
-0.57326    1.11544
-0.571838    1.1145
-0.570419    1.11356
-0.569003    1.11261
-0.56759    1.11165
-0.56618    1.1107
-0.564773    1.10973
-0.563369    1.10877
-0.561968    1.10779
-0.56057    1.10682
-0.559175    1.10584
-0.557783    1.10486
-0.556394    1.10387
-0.555008    1.10287
-0.553624    1.10188
-0.552244    1.10088
-0.550867    1.09987
-0.549493    1.09886
-0.548122    1.09785
-0.546753    1.09683
-0.545388    1.09581
-0.544026    1.09478
-0.542667    1.09375
-0.54131    1.09272
-0.539957    1.09168
-0.538607    1.09064
-0.537259    1.08959
-0.535915    1.08854
-0.534574    1.08748
-0.533235    1.08642
-0.5319    1.08536
-0.530568    1.08429
-0.529238    1.08322
-0.527912    1.08214
-0.526589    1.08106
-0.525268    1.07998
-0.523951    1.07889
-0.522636    1.0778
-0.521325    1.0767
-0.520017    1.0756
-0.518711    1.0745
-0.517409    1.07339
-0.516109    1.07228
-0.514813    1.07116
-0.513519    1.07004
-0.512229    1.06891
-0.510942    1.06779
-0.509657    1.06665
-0.508376    1.06552
-0.507097    1.06438
-0.505822    1.06323
-0.504549    1.06208
-0.50328    1.06093
-0.502013    1.05978
-0.50075    1.05862
-0.499489    1.05745
-0.498232    1.05628
-0.496977    1.05511
-0.495726    1.05394
-0.494477    1.05276
-0.493232    1.05157
-0.491989    1.05038
-0.490749    1.04919
-0.489513    1.048
-0.488279    1.0468
-0.487049    1.04559
-0.485821    1.04439
-0.484596    1.04318
-0.483375    1.04196
-0.482156    1.04074
-0.48094    1.03952
-0.479728    1.0383
-0.478518    1.03707
