-0.641216    1.14057
-0.639202    1.14052
-0.637189    1.14047
-0.635177    1.14041
-0.633167    1.14034
-0.631159    1.14027
-0.629152    1.14019
-0.627146    1.14011
-0.625143    1.14002
-0.62314    1.13993
-0.621139    1.13983
-0.61914    1.13973
-0.617142    1.13962
-0.615146    1.1395
-0.613151    1.13938
-0.611158    1.13925
-0.609167    1.13912
-0.607177    1.13898
-0.605189    1.13883
-0.603202    1.13868
-0.601217    1.13853
-0.599234    1.13836
-0.597253    1.1382
-0.595273    1.13802
-0.593294    1.13785
-0.591318    1.13766
-0.589343    1.13747
-0.58737    1.13728
-0.585398    1.13708
-0.583429    1.13687
-0.581461    1.13666
-0.579495    1.13644
-0.57753    1.13622
-0.575568    1.13599
-0.573607    1.13575
-0.571648    1.13551
-0.56969    1.13527
-0.567735    1.13501
-0.565781    1.13476
-0.563829    1.1345
-0.56188    1.13423
-0.559931    1.13395
-0.557985    1.13367
-0.556041    1.13339
-0.554098    1.1331
-0.552158    1.1328
-0.550219    1.1325
-0.548282    1.1322
-0.546347    1.13189
-0.544414    1.13157
-0.542483    1.13125
-0.540554    1.13092
-0.538627    1.13058
-0.536702    1.13024
-0.534779    1.1299
-0.532857    1.12955
-0.530938    1.12919
-0.529021    1.12883
-0.527106    1.12847
-0.525193    1.12809
-0.523281    1.12772
-0.521372    1.12733
-0.519465    1.12695
-0.51756    1.12655
-0.515657    1.12615
-0.513756    1.12575
-0.511857    1.12534
-0.50996    1.12493
-0.508066    1.1245
-0.506173    1.12408
-0.504283    1.12365
-0.502394    1.12321
-0.500508    1.12277
-0.498624    1.12232
-0.496742    1.12187
-0.494862    1.12141
-0.492985    1.12095
-0.491109    1.12048
-0.489236    1.12001
-0.487365    1.11953
-0.485496    1.11905
-0.483629    1.11856
-0.481764    1.11806
-0.479902    1.11756
-0.478042    1.11706
-0.476184    1.11655
-0.474329    1.11603
-0.472475    1.11551
-0.470624    1.11499
-0.468775    1.11446
-0.466928    1.11392
-0.465084    1.11338
-0.463242    1.11283
-0.461402    1.11228
-0.459565    1.11172
-0.45773    1.11116
-0.455897    1.11059
-0.454066    1.11002
-0.452238    1.10944
-0.450412    1.10886
-0.448589    1.10827
-0.446768    1.10768
-0.444949    1.10708
-0.443132    1.10648
-0.441318    1.10587
-0.439506    1.10526
-0.437697    1.10464
-0.43589    1.10402
-0.434086    1.10339
-0.432283    1.10275
-0.430484    1.10212
-0.428686    1.10147
-0.426891    1.10082
-0.425099    1.10017
-0.423309    1.09951
-0.421521    1.09885
-0.419736    1.09818
-0.417953    1.0975
-0.416173    1.09683
-0.414395    1.09614
-0.41262    1.09545
-0.410847    1.09476
-0.409077    1.09406
-0.407309    1.09336
-0.405543    1.09265
-0.403781    1.09194
-0.40202    1.09122
-0.400262    1.09049
-0.398507    1.08977
-0.396754    1.08903
-0.395004    1.08829
-0.393256    1.08755
-0.391511    1.0868
-0.389769    1.08605
-0.388029    1.08529
-0.386291    1.08453
-0.384556    1.08376
-0.382824    1.08299
-0.381094    1.08221
-0.379367    1.08143
-0.377642    1.08065
-0.37592    1.07985
-0.374201    1.07906
-0.372484    1.07826
-0.37077    1.07745
-0.369058    1.07664
-0.367349    1.07583
-0.365643    1.07501
-0.363939    1.07418
-0.362238    1.07335
-0.360539    1.07252
-0.358844    1.07168
-0.357151    1.07083
-0.35546    1.06998
-0.353772    1.06913
-0.352087    1.06827
-0.350405    1.06741
-0.348725    1.06654
-0.347048    1.06567
-0.345373    1.06479
-0.343701    1.06391
-0.342032    1.06303
-0.340366    1.06214
-0.338702    1.06124
-0.337041    1.06034
-0.335383    1.05944
-0.333728    1.05853
-0.332075    1.05761
-0.330425    1.05669
-0.328777    1.05577
-0.327133    1.05484
-0.325491    1.05391
-0.323852    1.05297
-0.322215    1.05203
-0.320581    1.05109
-0.318951    1.05014
-0.317322    1.04918
-0.315697    1.04822
-0.314074    1.04726
-0.312455    1.04629
-0.310837    1.04532
-0.309223    1.04434
-0.307612    1.04336
-0.306003    1.04237
-0.304397    1.04138
-0.302794    1.04038
-0.301193    1.03938
-0.299596    1.03838
-0.298001    1.03737
-0.296409    1.03636
-0.29482    1.03534
-0.293234    1.03432
-0.29165    1.03329
-0.290069    1.03226
-0.288492    1.03122
-0.286916    1.03018
-0.285344    1.02914
-0.283775    1.02809
-0.282208    1.02704
-0.280645    1.02598
-0.279084    1.02492
-0.277526    1.02385
-0.27597    1.02278
-0.274418    1.02171
-0.272869    1.02063
-0.271322    1.01955
-0.269778    1.01846
-0.268237    1.01737
-0.266699    1.01627
-0.265164    1.01517
-0.263632    1.01406
-0.262102    1.01296
-0.260576    1.01184
-0.259052    1.01073
-0.257531    1.0096
-0.256013    1.00848
-0.254498    1.00735
-0.252986    1.00621
-0.251477    1.00507
-0.24997    1.00393
-0.248467    1.00278
-0.246966    1.00163
-0.245469    1.00048
-0.243974    0.999318
-0.242482    0.998154
-0.240993    0.996986
-0.239507    0.995814
-0.238024    0.994638
-0.236543    0.993458
-0.235066    0.992274
-0.233592    0.991085
-0.23212    0.989892
-0.230652    0.988696
-0.229186    0.987495
-0.227723    0.98629
-0.226263    0.985081
-0.224806    0.983868
-0.223352    0.982651
-0.221901    0.98143
-0.220453    0.980204
-0.219008    0.978975
-0.217566    0.977742
-0.216127    0.976505
-0.21469    0.975263
-0.213257    0.974018
-0.211826    0.972769
-0.210399    0.971515
-0.208974    0.970258
-0.207553    0.968997
-0.206134    0.967732
-0.204718    0.966463
-0.203305    0.965189
-0.201895    0.963912
-0.200489    0.962631
-0.199085    0.961347
-0.197684    0.960058
-0.196286    0.958765
-0.19489    0.957468
-0.193498    0.956168
-0.192109    0.954863
-0.190723    0.953555
-0.18934    0.952243
-0.187959    0.950927
-0.186582    0.949607
-0.185208    0.948283
-0.183836    0.946956
-0.182468    0.945624
-0.181102    0.944289
-0.17974    0.94295
-0.17838    0.941607
-0.177023    0.940261
-0.17567    0.93891
-0.174319    0.937556
-0.172971    0.936198
-0.171627    0.934836
-0.170285    0.933471
-0.168946    0.932101
-0.16761    0.930728
-0.166277    0.929351
-0.164948    0.927971
-0.163621    0.926587
-0.162297    0.925199
-0.160976    0.923807
-0.159658    0.922412
-0.158343    0.921013
-0.157031    0.91961
-0.155721    0.918204
-0.154415    0.916794
-0.153112    0.91538
-0.151812    0.913962
-0.150515    0.912541
-0.14922    0.911117
-0.147929    0.909688
-0.146641    0.908257
-0.145355    0.906821
-0.144073    0.905382
-0.142794    0.903939
-0.141517    0.902493
-0.140244    0.901043
-0.138973    0.899589
-0.137706    0.898132
-0.136441    0.896672
-0.13518    0.895208
-0.133921    0.89374
-0.132665    0.892269
-0.131413    0.890794
-0.130163    0.889315
-0.128916    0.887834
-0.127672    0.886348
-0.126431    0.884859
-0.125194    0.883367
-0.123959    0.881871
-0.122727    0.880372
-0.121498    0.878869
-0.120272    0.877363
-0.119049    0.875853
-0.117829    0.87434
-0.116611    0.872824
-0.115397    0.871304
-0.114186    0.86978
-0.112978    0.868253
-0.111772    0.866723
-0.11057    0.865189
-0.109371    0.863652
-0.108174    0.862112
-0.106981    0.860568
-0.10579    0.859021
-0.104602    0.85747
-0.103418    0.855917
-0.102236    0.854359
-0.101057    0.852799
-0.0998813    0.851235
-0.0987084    0.849668
-0.0975385    0.848097
-0.0963714    0.846523
-0.0952074    0.844946
-0.0940462    0.843365
-0.092888    0.841782
-0.0917327    0.840195
-0.0905804    0.838604
-0.0894309    0.837011
-0.0882844    0.835414
-0.0871409    0.833814
-0.0860003    0.83221
-0.0848625    0.830604
-0.0837277    0.828994
-0.0825959    0.827381
-0.0814669    0.825765
-0.0803409    0.824145
-0.0792178    0.822523
-0.0780976    0.820897
-0.0769803    0.819268
-0.0758659    0.817636
-0.0747545    0.816
-0.0736459    0.814362
-0.0725402    0.81272
-0.0714375    0.811075
-0.0703376    0.809427
-0.0692407    0.807776
-0.0681466    0.806122
-0.0670555    0.804465
-0.0659672    0.802804
-0.0648818    0.801141
-0.0637993    0.799474
-0.0627197    0.797804
-0.061643    0.796132
-0.0605692    0.794456
-0.0594982    0.792777
-0.0584302    0.791095
-0.057365    0.78941
-0.0563027    0.787722
-0.0552432    0.78603
-0.0541866    0.784336
-0.0531329    0.782639
-0.0520821    0.780939
-0.0510341    0.779236
-0.0499889    0.77753
-0.0489467    0.77582
-0.0479072    0.774108
-0.0468707    0.772393
-0.045837    0.770675
-0.0448061    0.768954
-0.0437781    0.76723
-0.0427529    0.765503
-0.0417305    0.763773
-0.040711    0.76204
-0.0396944    0.760304
-0.0386805    0.758565
-0.0376695    0.756824
-0.0366613    0.755079
-0.035656    0.753332
-0.0346534    0.751582
-0.0336537    0.749828
-0.0326568    0.748072
-0.0316627    0.746313
-0.0306714    0.744552
-0.0296829    0.742787
-0.0286973    0.741019
-0.0277144    0.739249
-0.0267343    0.737476
-0.025757    0.7357
-0.0247825    0.733921
-0.0238108    0.732139
-0.0228419    0.730355
-0.0218757    0.728568
-0.0209124    0.726778
-0.0199518    0.724985
-0.018994    0.72319
-0.018039    0.721391
-0.0170867    0.71959
-0.0161372    0.717786
-0.0151904    0.71598
-0.0142464    0.71417
-0.0133052    0.712358
-0.0123667    0.710544
-0.011431    0.708726
-0.010498    0.706906
-0.00956771    0.705083
-0.00864019    0.703258
-0.0077154    0.701429
-0.00679334    0.699598
-0.00587401    0.697765
-0.0049574    0.695928
-0.00404351    0.694089
-0.00313234    0.692248
-0.00222388    0.690404
-0.00131813    0.688557
-0.000415088    0.686707
0.000485255    0.684855
0.0013829    0.683
0.00227785    0.681143
0.00317011    0.679283
0.00405968    0.677421
0.00494657    0.675556
0.00583078    0.673688
0.00671231    0.671818
0.00759117    0.669945
0.00846736    0.668069
0.00934089    0.666191
0.0102118    0.664311
0.01108    0.662428
0.0119455    0.660542
0.0128084    0.658654
0.0136687    0.656764
0.0145263    0.654871
0.0153813    0.652975
0.0162336    0.651077
0.0170834    0.649176
0.0179305    0.647273
0.0187749    0.645368
0.0196168    0.64346
0.020456    0.64155
0.0212927    0.639637
0.0221267    0.637721
0.0229581    0.635804
0.0237869    0.633883
0.0246132    0.631961
0.0254368    0.630036
0.0262579    0.628108
0.0270764    0.626179
0.0278923    0.624246
0.0287056    0.622312
0.0295164    0.620375
0.0303246    0.618436
0.0311302    0.616494
0.0319333    0.61455
0.0327339    0.612603
0.0335319    0.610655
0.0343273    0.608704
0.0351203    0.60675
0.0359107    0.604794
0.0366985    0.602836
0.0374839    0.600876
0.0382667    0.598913
0.039047    0.596948
0.0398248    0.594981
0.0406001    0.593012
0.0413729    0.59104
0.0421432    0.589066
0.042911    0.58709
0.0436763    0.585111
0.0444391    0.58313
0.0451995    0.581147
0.0459574    0.579162
0.0467128    0.577175
0.0474657    0.575185
0.0482162    0.573193
0.0489643    0.571199
0.0497099    0.569203
0.050453    0.567204
0.0511937    0.565204
0.051932    0.563201
0.0526678    0.561196
0.0534013    0.559189
0.0541323    0.55718
0.0548608    0.555168
0.055587    0.553155
0.0563108    0.551139
0.0570322    0.549121
0.0577511    0.547102
0.0584677    0.54508
0.0591819    0.543056
0.0598937    0.541029
0.0606032    0.539001
0.0613102    0.536971
0.062015    0.534938
0.0627173    0.532904
0.0634173    0.530867
0.0641149    0.528829
0.0648102    0.526788
0.0655032    0.524746
0.0661938    0.522701
0.0668821    0.520654
0.0675681    0.518606
0.0682518    0.516555
0.0689331    0.514502
0.0696121    0.512448
0.0702889    0.510391
0.0709633    0.508332
0.0716354    0.506272
0.0723053    0.504209
0.0729729    0.502145
0.0736382    0.500078
0.0743012    0.49801
0.074962    0.49594
0.0756205    0.493867
0.0762767    0.491793
0.0769307    0.489717
0.0775825    0.487639
0.078232    0.485559
0.0788793    0.483477
0.0795243    0.481394
0.0801672    0.479308
0.0808078    0.477221
0.0814462    0.475132
0.0820824    0.473041
0.0827164    0.470948
0.0833482    0.468853
0.0839778    0.466756
0.0846053    0.464658
0.0852306    0.462558
0.0858537    0.460456
0.0864746    0.458352
0.0870934    0.456246
0.08771    0.454139
0.0883244    0.45203
0.0889368    0.449919
0.089547    0.447806
0.090155    0.445691
0.090761    0.443575
0.0913648    0.441457
0.0919665    0.439337
0.0925661    0.437216
0.0931636    0.435093
0.093759    0.432968
0.0943523    0.430841
0.0949435    0.428713
0.0955326    0.426583
0.0961197    0.424452
0.0967047    0.422318
0.0972877    0.420183
0.0978686    0.418047
0.0984474    0.415908
0.0990242    0.413768
0.099599    0.411627
0.100172    0.409483
0.100742    0.407339
0.101311    0.405192
0.101878    0.403044
0.102443    0.400894
0.103005    0.398743
0.103566    0.39659
0.104125    0.394436
0.104681    0.39228
0.105236    0.390122
0.105789    0.387963
0.10634    0.385802
0.106888    0.38364
0.107435    0.381476
0.10798    0.379311
0.108523    0.377144
0.109064    0.374976
0.109604    0.372806
0.110141    0.370635
0.110676    0.368462
0.11121    0.366288
0.111741    0.364112
0.112271    0.361935
0.112799    0.359756
0.113324    0.357576
0.113848    0.355394
0.114371    0.353211
0.114891    0.351026
0.115409    0.348841
0.115926    0.346653
0.116441    0.344464
0.116953    0.342274
0.117465    0.340083
0.117974    0.33789
0.118481    0.335696
0.118987    0.3335
0.119491    0.331303
0.119993    0.329104
0.120493    0.326905
0.120991    0.324704
0.121488    0.322501
0.121983    0.320297
0.122476    0.318092
0.122967    0.315886
0.123457    0.313678
0.123945    0.311469
0.124431    0.309259
0.124915    0.307048
0.125398    0.304835
0.125879    0.302621
0.126358    0.300405
0.126836    0.298189
0.127312    0.295971
0.127786    0.293752
0.128258    0.291531
0.128729    0.28931
0.129198    0.287087
0.129666    0.284863
0.130132    0.282638
0.130596    0.280412
0.131059    0.278184
0.131519    0.275955
0.131979    0.273726
0.132436    0.271495
0.132892    0.269262
0.133347    0.267029
0.1338    0.264795
0.134251    0.262559
0.134701    0.260322
0.135149    0.258084
0.135595    0.255845
0.13604    0.253605
0.136484    0.251364
0.136926    0.249122
0.137366    0.246879
0.137805    0.244634
0.138242    0.242389
0.138678    0.240142
0.139112    0.237895
0.139544    0.235646
0.139976    0.233397
0.140405    0.231146
0.140834    0.228895
0.14126    0.226642
0.141686    0.224388
0.142109    0.222134
0.142532    0.219878
0.142953    0.217621
0.143372    0.215364
0.14379    0.213105
0.144207    0.210846
0.144622    0.208585
0.145035    0.206324
0.145448    0.204062
0.145859    0.201799
0.146268    0.199534
0.146676    0.197269
0.147083    0.195003
0.147489    0.192737
0.147893    0.190469
0.148295    0.1882
0.148697    0.185931
0.149097    0.18366
0.149495    0.181389
0.149893    0.179117
0.150289    0.176844
0.150683    0.174571
0.151077    0.172296
0.151469    0.170021
0.15186    0.167745
0.152249    0.165468
0.152637    0.16319
0.153024    0.160911
0.15341    0.158632
0.153795    0.156352
0.154178    0.154071
0.15456    0.15179
0.154941    0.149507
0.15532    0.147224
0.155698    0.144941
0.156076    0.142656
0.156451    0.140371
0.156826    0.138085
0.1572    0.135798
0.157572    0.133511
0.157943    0.131223
0.158313    0.128934
0.158682    0.126645
0.15905    0.124355
0.159417    0.122064
0.159782    0.119773
0.160146    0.117481
0.16051    0.115188
0.160872    0.112895
0.161233    0.110601
0.161593    0.108307
0.161951    0.106012
0.162309    0.103716
0.162666    0.10142
0.163022    0.0991236
0.163376    0.0968263
0.16373    0.0945284
0.164082    0.09223
0.164434    0.089931
0.164784    0.0876315
0.165134    0.0853315
0.165482    0.0830309
0.165829    0.0807299
0.166176    0.0784283
0.166521    0.0761263
0.166866    0.0738237
0.167209    0.0715207
0.167552    0.0692172
0.167893    0.0669133
0.168234    0.0646089
0.168574    0.062304
0.168913    0.0599987
0.16925    0.057693
0.169587    0.0553868
0.169923    0.0530802
0.170259    0.0507732
0.170593    0.0484659
0.170926    0.0461581
0.171259    0.0438499
0.17159    0.0415414
0.171921    0.0392324
0.172251    0.0369232
0.17258    0.0346135
0.172908    0.0323036
0.173236    0.0299932
0.173562    0.0276826
0.173888    0.0253716
0.174213    0.0230603
0.174538    0.0207487
0.174861    0.0184368
0.175184    0.0161246
0.175506    0.0138122
0.175827    0.0114994
0.176147    0.00918642
0.176467    0.00687314
0.176786    0.00455961
0.177104    0.00224584
0.177421    -6.8173e-05
0.177738    -0.00238241
0.178054    -0.00469687
0.178369    -0.00701155
0.178684    -0.00932643
0.178998    -0.0116415
0.179311    -0.0139568
0.179624    -0.0162722
0.179936    -0.0185879
0.180247    -0.0209036
0.180558    -0.0232196
0.180868    -0.0255357
0.181177    -0.0278519
0.181486    -0.0301683
0.181794    -0.0324848
0.182102    -0.0348015
0.182409    -0.0371182
0.182716    -0.039435
0.183021    -0.041752
0.183327    -0.044069
0.183632    -0.0463861
0.183936    -0.0487033
0.184239    -0.0510206
0.184543    -0.0533379
0.184845    -0.0556552
0.185147    -0.0579726
0.185449    -0.06029
0.18575    -0.0626075
0.186051    -0.064925
0.186351    -0.0672425
0.18665    -0.0695599
0.18695    -0.0718774
0.187248    -0.0741949
0.187547    -0.0765123
0.187844    -0.0788298
0.188142    -0.0811472
0.188439    -0.0834645
0.188735    -0.0857818
0.189032    -0.088099
0.189327    -0.0904162
0.189623    -0.0927333
0.189918    -0.0950503
0.190212    -0.0973672
0.190507    -0.099684
0.190801    -0.102001
0.191094    -0.104317
0.191387    -0.106634
0.19168    -0.10895
0.191973    -0.111266
0.192265    -0.113582
0.192557    -0.115898
0.192849    -0.118214
0.19314    -0.12053
0.193431    -0.122845
0.193722    -0.12516
0.194012    -0.127475
0.194303    -0.12979
0.194593    -0.132105
0.194882    -0.134419
0.195172    -0.136733
0.195461    -0.139047
0.19575    -0.141361
0.196039    -0.143675
0.196328    -0.145988
0.196617    -0.148301
0.196905    -0.150614
0.197193    -0.152926
0.197481    -0.155238
0.197769    -0.15755
0.198057    -0.159862
0.198344    -0.162173
0.198632    -0.164484
0.198919    -0.166794
0.199206    -0.169105
0.199493    -0.171415
0.19978    -0.173724
0.200067    -0.176033
0.200354    -0.178342
0.200641    -0.180651
0.200928    -0.182959
0.201214    -0.185267
0.201501    -0.187574
0.201788    -0.189881
0.202074    -0.192188
0.202361    -0.194494
0.202647    -0.1968
0.202934    -0.199105
0.20322    -0.20141
0.203507    -0.203714
0.203794    -0.206018
0.20408    -0.208322
0.204367    -0.210625
0.204654    -0.212928
0.20494    -0.21523
0.205227    -0.217531
0.205514    -0.219833
0.205801    -0.222133
0.206088    -0.224433
0.206375    -0.226733
0.206663    -0.229032
0.20695    -0.231331
0.207238    -0.233629
0.207525    -0.235926
0.207813    -0.238223
0.208101    -0.240519
0.208389    -0.242815
0.208678    -0.24511
0.208966    -0.247405
0.209255    -0.249699
0.209544    -0.251992
0.209833    -0.254285
0.210122    -0.256577
0.210412    -0.258869
0.210701    -0.26116
0.210991    -0.26345
0.211282    -0.26574
0.211572    -0.268029
0.211863    -0.270317
0.212154    -0.272605
0.212445    -0.274892
0.212737    -0.277178
0.213029    -0.279464
0.213321    -0.281749
0.213614    -0.284033
0.213906    -0.286317
0.2142    -0.2886
0.214493    -0.290882
0.214787    -0.293163
0.215081    -0.295444
0.215376    -0.297724
0.215671    -0.300003
0.215966    -0.302281
0.216262    -0.304559
0.216558    -0.306836
0.216855    -0.309112
0.217152    -0.311387
0.217449    -0.313661
0.217747    -0.315935
0.218046    -0.318208
0.218344    -0.32048
0.218644    -0.322751
0.218943    -0.325021
0.219243    -0.327291
0.219544    -0.32956
0.219845    -0.331828
0.220147    -0.334094
0.220449    -0.336361
0.220752    -0.338626
0.221055    -0.34089
0.221359    -0.343154
0.221663    -0.345416
0.221968    -0.347678
0.222274    -0.349938
0.22258    -0.352198
0.222886    -0.354457
0.223193    -0.356715
0.223501    -0.358972
0.22381    -0.361228
0.224119    -0.363483
0.224428    -0.365737
0.224739    -0.367991
0.22505    -0.370243
0.225361    -0.372494
0.225674    -0.374744
0.225986    -0.376993
0.2263    -0.379242
0.226614    -0.381489
0.226929    -0.383735
0.227245    -0.38598
0.227561    -0.388224
0.227879    -0.390467
0.228196    -0.392709
0.228515    -0.39495
0.228834    -0.39719
0.229154    -0.399429
0.229475    -0.401667
0.229797    -0.403904
0.230119    -0.406139
0.230443    -0.408374
0.230767    -0.410607
0.231091    -0.41284
0.231417    -0.415071
0.231743    -0.417301
0.232071    -0.41953
0.232399    -0.421758
0.232728    -0.423984
0.233058    -0.42621
0.233388    -0.428434
0.23372    -0.430657
0.234052    -0.43288
0.234386    -0.4351
0.23472    -0.43732
0.235055    -0.439539
0.235391    -0.441756
0.235728    -0.443972
0.236066    -0.446187
0.236405    -0.4484
0.236745    -0.450613
0.237086    -0.452824
0.237427    -0.455034
0.23777    -0.457243
0.238114    -0.45945
0.238459    -0.461656
0.238804    -0.463861
0.239151    -0.466065
0.239499    -0.468267
0.239848    -0.470468
0.240197    -0.472668
0.240548    -0.474867
0.2409    -0.477064
0.241253    -0.47926
0.241607    -0.481454
0.241962    -0.483648
0.242318    -0.485839
0.242676    -0.48803
0.243034    -0.490219
0.243394    -0.492407
0.243754    -0.494594
0.244116    -0.496779
0.244479    -0.498963
0.244843    -0.501145
0.245208    -0.503326
0.245575    -0.505506
0.245942    -0.507684
0.246311    -0.509861
0.246681    -0.512036
0.247052    -0.51421
0.247424    -0.516382
0.247798    -0.518554
0.248172    -0.520723
0.248548    -0.522891
0.248926    -0.525058
0.249304    -0.527224
0.249684    -0.529387
0.250065    -0.53155
0.250447    -0.533711
0.250831    -0.53587
0.251215    -0.538028
0.251602    -0.540185
0.251989    -0.542339
0.252378    -0.544493
0.252768    -0.546645
0.253159    -0.548795
0.253552    -0.550944
0.253946    -0.553091
0.254341    -0.555237
0.254738    -0.557381
0.255136    -0.559524
0.255536    -0.561665
0.255937    -0.563805
0.256339    -0.565943
0.256743    -0.568079
0.257148    -0.570214
0.257555    -0.572347
0.257963    -0.574478
0.258372    -0.576608
0.258783    -0.578737
0.259195    -0.580864
0.259609    -0.582989
0.260024    -0.585112
0.260441    -0.587234
0.260859    -0.589354
0.261279    -0.591473
0.2617    -0.59359
0.262123    -0.595705
0.262547    -0.597818
0.262973    -0.59993
0.2634    -0.602041
0.263829    -0.604149
0.26426    -0.606256
0.264692    -0.608361
0.265125    -0.610464
0.26556    -0.612566
0.265997    -0.614666
0.266435    -0.616764
0.266875    -0.618861
0.267317    -0.620955
0.26776    -0.623048
0.268205    -0.62514
0.268651    -0.627229
0.269099    -0.629317
0.269549    -0.631403
0.27    -0.633487
0.270453    -0.635569
0.270908    -0.63765
0.271364    -0.639729
0.271822    -0.641806
0.272282    -0.643881
0.272743    -0.645954
0.273206    -0.648026
0.273671    -0.650095
0.274138    -0.652163
0.274606    -0.654229
0.275076    -0.656294
0.275548    -0.658356
0.276022    -0.660416
0.276497    -0.662475
0.276974    -0.664532
0.277453    -0.666587
0.277934    -0.668639
0.278416    -0.670691
0.278901    -0.67274
0.279387    -0.674787
0.279875    -0.676832
0.280364    -0.678876
0.280856    -0.680917
0.28135    -0.682957
0.281845    -0.684994
0.282342    -0.68703
0.282841    -0.689064
0.283342    -0.691096
0.283845    -0.693126
0.28435    -0.695153
0.284856    -0.697179
0.285365    -0.699203
0.285875    -0.701225
0.286388    -0.703245
0.286902    -0.705263
0.287418    -0.707279
0.287936    -0.709293
0.288457    -0.711305
0.288979    -0.713315
0.289503    -0.715323
0.290029    -0.717328
0.290557    -0.719332
0.291087    -0.721334
0.291619    -0.723333
0.292153    -0.725331
0.292689    -0.727327
0.293227    -0.72932
0.293767    -0.731311
0.29431    -0.733301
0.294854    -0.735288
0.2954    -0.737273
0.295948    -0.739256
0.296499    -0.741237
0.297051    -0.743216
0.297606    -0.745192
0.298163    -0.747167
0.298721    -0.749139
0.299282    -0.75111
0.299845    -0.753078
0.30041    -0.755044
0.300978    -0.757007
0.301547    -0.758969
0.302118    -0.760928
0.302692    -0.762886
0.303268    -0.764841
0.303846    -0.766794
0.304426    -0.768744
0.305008    -0.770693
0.305593    -0.772639
0.30618    -0.774583
0.306769    -0.776525
0.30736    -0.778465
0.307953    -0.780402
0.308549    -0.782337
0.309147    -0.78427
0.309747    -0.786201
0.310349    -0.788129
0.310954    -0.790055
0.31156    -0.791979
0.31217    -0.7939
0.312781    -0.79582
0.313395    -0.797737
0.314011    -0.799651
0.314629    -0.801564
0.315249    -0.803474
0.315872    -0.805381
0.316497    -0.807287
0.317125    -0.80919
0.317755    -0.811091
0.318387    -0.812989
0.319022    -0.814885
0.319658    -0.816779
0.320298    -0.81867
0.320939    -0.820559
0.321583    -0.822446
0.32223    -0.82433
0.322878    -0.826212
0.32353    -0.828091
0.324183    -0.829968
0.324839    -0.831843
0.325498    -0.833715
0.326158    -0.835585
0.326822    -0.837452
0.327487    -0.839317
0.328156    -0.841179
0.328826    -0.84304
0.329499    -0.844897
0.330175    -0.846752
0.330853    -0.848605
0.331533    -0.850455
0.332216    -0.852303
0.332902    -0.854148
0.33359    -0.855991
0.33428    -0.857831
0.334973    -0.859669
0.335668    -0.861504
0.336366    -0.863337
0.337067    -0.865167
0.33777    -0.866995
0.338476    -0.86882
0.339184    -0.870642
0.339895    -0.872462
0.340608    -0.87428
0.341324    -0.876095
0.342042    -0.877907
0.342764    -0.879717
0.343487    -0.881524
0.344213    -0.883329
0.344942    -0.885131
0.345674    -0.88693
0.346408    -0.888727
0.347145    -0.890521
0.347884    -0.892313
0.348626    -0.894102
0.349371    -0.895888
0.350118    -0.897672
0.350868    -0.899453
0.351621    -0.901231
0.352376    -0.903007
0.353134    -0.90478
0.353894    -0.90655
0.354658    -0.908318
0.355424    -0.910083
0.356193    -0.911845
0.356964    -0.913605
0.357738    -0.915362
0.358515    -0.917116
0.359295    -0.918867
0.360077    -0.920616
0.360862    -0.922362
0.36165    -0.924105
0.362441    -0.925846
0.363234    -0.927584
0.36403    -0.929319
0.364829    -0.931051
0.365631    -0.93278
0.366435    -0.934507
0.367242    -0.936231
0.368052    -0.937952
0.368865    -0.93967
0.369681    -0.941386
0.370499    -0.943099
0.371321    -0.944808
0.372145    -0.946515
0.372972    -0.94822
0.373801    -0.949921
0.374634    -0.951619
0.375469    -0.953315
0.376308    -0.955008
0.377149    -0.956698
0.377993    -0.958385
0.37884    -0.960069
0.37969    -0.96175
0.380542    -0.963428
0.381398    -0.965104
0.382256    -0.966776
0.383118    -0.968446
0.383982    -0.970113
0.384849    -0.971776
0.385719    -0.973437
0.386592    -0.975095
0.387468    -0.97675
0.388347    -0.978402
0.389229    -0.980051
0.390114    -0.981697
0.391001    -0.98334
0.391892    -0.98498
0.392786    -0.986617
0.393682    -0.988251
0.394582    -0.989882
0.395484    -0.991509
0.39639    -0.993134
0.397298    -0.994756
0.39821    -0.996375
0.399125    -0.997991
0.400042    -0.999604
0.400963    -1.00121
0.401886    -1.00282
0.402813    -1.00442
0.403742    -1.00602
0.404675    -1.00762
0.405611    -1.00922
0.406549    -1.01081
0.407491    -1.01239
0.408436    -1.01398
0.409384    -1.01556
0.410335    -1.01714
0.411288    -1.01872
0.412246    -1.02029
0.413206    -1.02186
0.414169    -1.02342
0.415135    -1.02499
0.416105    -1.02655
0.417077    -1.0281
0.418053    -1.02965
0.419031    -1.0312
0.420013    -1.03275
0.420998    -1.0343
0.421986    -1.03584
0.422977    -1.03737
0.423971    -1.03891
0.424969    -1.04044
0.425969    -1.04196
0.426973    -1.04349
0.42798    -1.04501
0.42899    -1.04653
0.430003    -1.04804
0.431019    -1.04955
0.432039    -1.05106
0.433062    -1.05256
0.434087    -1.05407
0.435116    -1.05556
0.436149    -1.05706
0.437184    -1.05855
0.438223    -1.06004
0.439264    -1.06152
0.440309    -1.063
0.441358    -1.06448
0.442409    -1.06595
0.443464    -1.06742
0.444521    -1.06889
0.445582    -1.07035
0.446647    -1.07182
0.447714    -1.07327
0.448785    -1.07473
0.449859    -1.07618
0.450936    -1.07762
0.452017    -1.07907
0.4531    -1.08051
0.454187    -1.08194
0.455277    -1.08338
0.456371    -1.0848
0.457468    -1.08623
0.458568    -1.08765
0.459671    -1.08907
0.460778    -1.09049
0.461887    -1.0919
0.463001    -1.09331
0.464117    -1.09471
0.465237    -1.09611
0.46636    -1.09751
0.467486    -1.09891
0.468616    -1.1003
0.469749    -1.10168
0.470885    -1.10307
0.472024    -1.10445
0.473167    -1.10582
0.474314    -1.10719
0.475463    -1.10856
0.476616    -1.10993
0.477772    -1.11129
0.478932    -1.11265
0.480094    -1.114
0.481261    -1.11535
0.48243    -1.1167
0.483603    -1.11804
0.484779    -1.11938
0.485959    -1.12072
0.487142    -1.12205
0.488328    -1.12338
0.489518    -1.1247
0.490711    -1.12602
0.491907    -1.12734
0.493107    -1.12865
0.49431    -1.12996
0.495516    -1.13127
0.496726    -1.13257
0.49794    -1.13387
0.499156    -1.13516
0.500376    -1.13645
0.5016    -1.13774
0.502827    -1.13902
0.504057    -1.1403
0.50529    -1.14158
0.506527    -1.14285
0.507768    -1.14412
0.509012    -1.14538
0.510259    -1.14664
0.51151    -1.14789
0.512764    -1.14915
0.514021    -1.15039
0.515282    -1.15164
0.516546    -1.15288
0.517814    -1.15411
0.519085    -1.15535
0.52036    -1.15657
0.521638    -1.1578
0.522919    -1.15902
0.524204    -1.16024
0.525492    -1.16145
0.526784    -1.16266
0.528079    -1.16386
0.529378    -1.16506
0.53068    -1.16626
0.531986    -1.16745
0.533295    -1.16864
0.534607    -1.16982
0.535923    -1.171
0.537242    -1.17218
0.538565    -1.17335
0.539891    -1.17452
0.541221    -1.17568
0.542554    -1.17684
0.54389    -1.178
0.54523    -1.17915
0.546574    -1.18029
0.547921    -1.18144
0.549271    -1.18258
0.550625    -1.18371
0.551983    -1.18484
0.553343    -1.18597
