-0.628048    1.14768
-0.626842    1.14646
-0.62564    1.14524
-0.624441    1.14401
-0.623246    1.14278
-0.622055    1.14154
-0.620867    1.1403
-0.619682    1.13905
-0.618501    1.13781
-0.617324    1.13655
-0.61615    1.1353
-0.61498    1.13404
-0.613813    1.13277
-0.61265    1.13151
-0.61149    1.13023
-0.610334    1.12896
-0.609181    1.12768
-0.608032    1.12639
-0.606886    1.12511
-0.605744    1.12382
-0.604606    1.12252
-0.60347    1.12122
-0.602339    1.11992
-0.601211    1.11861
-0.600086    1.1173
-0.598965    1.11598
-0.597847    1.11467
-0.596733    1.11334
-0.595622    1.11202
-0.594515    1.11069
-0.593411    1.10935
-0.592311    1.10802
-0.591214    1.10667
-0.590121    1.10533
-0.589031    1.10398
-0.587944    1.10263
-0.586861    1.10127
-0.585782    1.09991
-0.584706    1.09855
-0.583633    1.09718
-0.582564    1.09581
-0.581498    1.09443
-0.580436    1.09305
-0.579377    1.09167
-0.578322    1.09029
-0.57727    1.0889
-0.576221    1.0875
-0.575176    1.0861
-0.574134    1.0847
-0.573096    1.0833
-0.572061    1.08189
-0.571029    1.08048
-0.570001    1.07906
-0.568976    1.07764
-0.567955    1.07622
-0.566937    1.0748
-0.565922    1.07337
-0.564911    1.07193
-0.563903    1.0705
-0.562899    1.06905
-0.561898    1.06761
-0.5609    1.06616
-0.559906    1.06471
-0.558915    1.06326
-0.557927    1.0618
-0.556943    1.06034
-0.555962    1.05887
-0.554984    1.0574
-0.55401    1.05593
-0.553039    1.05445
-0.552071    1.05297
-0.551107    1.05149
-0.550146    1.05
-0.549188    1.04852
-0.548234    1.04702
-0.547283    1.04553
-0.546335    1.04402
-0.545391    1.04252
-0.54445    1.04101
-0.543512    1.0395
-0.542577    1.03799
-0.541646    1.03647
-0.540718    1.03495
-0.539793    1.03343
-0.538871    1.0319
-0.537953    1.03037
-0.537038    1.02883
-0.536126    1.0273
-0.535218    1.02576
-0.534313    1.02421
-0.533411    1.02266
-0.532512    1.02111
-0.531616    1.01956
-0.530724    1.018
-0.529835    1.01644
-0.528949    1.01488
-0.528066    1.01331
-0.527187    1.01174
-0.52631    1.01016
-0.525437    1.00859
-0.524567    1.00701
-0.523701    1.00542
-0.522837    1.00383
-0.521977    1.00224
-0.521119    1.00065
-0.520265    0.999053
-0.519414    0.997453
-0.518567    0.99585
-0.517722    0.994243
-0.51688    0.992634
-0.516042    0.99102
-0.515207    0.989404
-0.514375    0.987785
-0.513546    0.986162
-0.51272    0.984537
-0.511897    0.982908
-0.511078    0.981276
-0.510261    0.97964
-0.509448    0.978002
-0.508637    0.976361
-0.50783    0.974716
-0.507026    0.973068
-0.506225    0.971417
-0.505427    0.969763
-0.504632    0.968106
-0.50384    0.966446
-0.503051    0.964783
-0.502265    0.963116
-0.501482    0.961447
-0.500702    0.959774
-0.499925    0.958099
-0.499152    0.95642
-0.498381    0.954738
-0.497613    0.953054
-0.496848    0.951366
-0.496087    0.949675
-0.495328    0.947981
-0.494572    0.946284
-0.493819    0.944584
-0.49307    0.942881
-0.492323    0.941175
-0.491579    0.939467
-0.490838    0.937755
-0.4901    0.93604
-0.489365    0.934322
-0.488633    0.932601
-0.487904    0.930877
-0.487178    0.929151
-0.486454    0.927421
-0.485734    0.925688
-0.485017    0.923953
-0.484302    0.922214
-0.48359    0.920473
-0.482882    0.918729
-0.482176    0.916981
-0.481473    0.915231
-0.480772    0.913478
-0.480075    0.911722
-0.479381    0.909963
-0.478689    0.908202
-0.478    0.906437
-0.477315    0.90467
-0.476632    0.902899
-0.475951    0.901126
-0.475274    0.89935
-0.474599    0.897571
-0.473928    0.89579
-0.473259    0.894005
-0.472592    0.892218
-0.471929    0.890428
-0.471268    0.888635
-0.470611    0.886839
-0.469956    0.88504
-0.469303    0.883239
-0.468654    0.881435
-0.468007    0.879628
-0.467363    0.877818
-0.466722    0.876006
-0.466083    0.874191
-0.465447    0.872373
-0.464814    0.870552
-0.464184    0.868728
-0.463556    0.866902
-0.462931    0.865073
-0.462308    0.863242
-0.461689    0.861407
-0.461072    0.85957
-0.460458    0.85773
-0.459846    0.855888
-0.459237    0.854042
-0.458631    0.852195
-0.458027    0.850344
-0.457426    0.848491
-0.456827    0.846635
-0.456232    0.844776
-0.455638    0.842915
-0.455048    0.841051
-0.45446    0.839185
-0.453875    0.837315
-0.453292    0.835444
-0.452712    0.833569
-0.452134    0.831692
-0.451559    0.829812
-0.450986    0.82793
-0.450416    0.826045
-0.449849    0.824158
-0.449284    0.822267
-0.448722    0.820375
-0.448162    0.81848
-0.447605    0.816582
-0.44705    0.814681
-0.446498    0.812778
-0.445948    0.810873
-0.445401    0.808965
-0.444856    0.807054
-0.444314    0.805141
-0.443774    0.803225
-0.443236    0.801307
-0.442701    0.799386
-0.442169    0.797463
-0.441639    0.795537
-0.441111    0.793609
-0.440586    0.791678
-0.440063    0.789745
-0.439543    0.787809
-0.439025    0.785871
-0.43851    0.78393
-0.437996    0.781987
-0.437486    0.780041
-0.436977    0.778093
-0.436471    0.776142
-0.435967    0.774189
-0.435466    0.772234
-0.434967    0.770276
-0.43447    0.768316
-0.433976    0.766353
-0.433484    0.764388
-0.432994    0.76242
-0.432507    0.76045
-0.432022    0.758478
-0.431539    0.756503
-0.431059    0.754526
-0.43058    0.752547
-0.430104    0.750565
-0.429631    0.74858
-0.429159    0.746594
-0.42869    0.744605
-0.428223    0.742613
-0.427758    0.74062
-0.427296    0.738624
-0.426836    0.736625
-0.426377    0.734625
-0.425922    0.732622
-0.425468    0.730616
-0.425016    0.728609
-0.424567    0.726599
-0.42412    0.724586
-0.423675    0.722572
-0.423232    0.720555
-0.422791    0.718536
-0.422353    0.716514
-0.421916    0.714491
-0.421482    0.712465
-0.42105    0.710437
-0.42062    0.708406
-0.420192    0.706373
-0.419766    0.704339
-0.419342    0.702301
-0.41892    0.700262
-0.418501    0.69822
-0.418083    0.696176
-0.417667    0.69413
-0.417254    0.692082
-0.416842    0.690032
-0.416433    0.687979
-0.416025    0.685924
-0.41562    0.683867
-0.415217    0.681808
-0.414815    0.679747
-0.414416    0.677683
-0.414018    0.675617
-0.413623    0.673549
-0.413229    0.671479
-0.412838    0.669407
-0.412448    0.667333
-0.41206    0.665256
-0.411675    0.663178
-0.411291    0.661097
-0.410909    0.659014
-0.410529    0.65693
-0.410151    0.654843
-0.409775    0.652754
-0.4094    0.650662
-0.409028    0.648569
-0.408657    0.646474
-0.408288    0.644376
-0.407922    0.642277
-0.407556    0.640175
-0.407193    0.638072
-0.406832    0.635966
-0.406472    0.633858
-0.406115    0.631749
-0.405759    0.629637
-0.405404    0.627523
-0.405052    0.625407
-0.404701    0.62329
-0.404353    0.62117
-0.404005    0.619048
-0.40366    0.616924
-0.403317    0.614798
-0.402975    0.612671
-0.402634    0.610541
-0.402296    0.608409
-0.401959    0.606276
-0.401624    0.60414
-0.401291    0.602002
-0.400959    0.599863
-0.400629    0.597721
-0.400301    0.595578
-0.399974    0.593433
-0.399649    0.591285
-0.399326    0.589136
-0.399004    0.586985
-0.398684    0.584832
-0.398366    0.582677
-0.398049    0.58052
-0.397734    0.578362
-0.39742    0.576201
-0.397108    0.574039
-0.396797    0.571874
-0.396488    0.569708
-0.396181    0.56754
-0.395875    0.56537
-0.395571    0.563199
-0.395268    0.561025
-0.394966    0.55885
-0.394667    0.556673
-0.394368    0.554494
-0.394072    0.552313
-0.393776    0.55013
-0.393483    0.547946
-0.39319    0.54576
-0.392899    0.543571
-0.39261    0.541382
-0.392322    0.53919
-0.392035    0.536997
-0.39175    0.534802
-0.391466    0.532605
-0.391184    0.530406
-0.390903    0.528206
-0.390624    0.526004
-0.390346    0.5238
-0.390069    0.521594
-0.389793    0.519387
-0.389519    0.517178
-0.389247    0.514967
-0.388975    0.512755
-0.388705    0.510541
-0.388436    0.508325
-0.388169    0.506108
-0.387903    0.503889
-0.387638    0.501668
-0.387375    0.499445
-0.387112    0.497221
-0.386851    0.494995
-0.386592    0.492768
-0.386333    0.490539
-0.386076    0.488308
-0.38582    0.486076
-0.385565    0.483842
-0.385312    0.481607
-0.385059    0.479369
-0.384808    0.477131
-0.384558    0.47489
-0.384309    0.472648
-0.384062    0.470405
-0.383815    0.46816
-0.38357    0.465913
-0.383326    0.463665
-0.383083    0.461415
-0.382841    0.459164
-0.3826    0.456911
-0.38236    0.454657
-0.382122    0.452401
-0.381884    0.450143
-0.381648    0.447884
-0.381412    0.445624
-0.381178    0.443362
-0.380945    0.441099
-0.380713    0.438834
-0.380481    0.436567
-0.380251    0.434299
-0.380022    0.43203
-0.379794    0.429759
-0.379567    0.427487
-0.379341    0.425213
-0.379116    0.422938
-0.378891    0.420662
-0.378668    0.418383
-0.378446    0.416104
-0.378225    0.413823
-0.378004    0.411541
-0.377785    0.409257
-0.377566    0.406972
-0.377348    0.404686
-0.377132    0.402398
-0.376916    0.400109
-0.376701    0.397818
-0.376487    0.395526
-0.376274    0.393233
-0.376061    0.390938
-0.37585    0.388642
-0.375639    0.386345
-0.375429    0.384046
-0.37522    0.381746
-0.375012    0.379445
-0.374804    0.377142
-0.374597    0.374839
-0.374392    0.372533
-0.374186    0.370227
-0.373982    0.367919
-0.373778    0.36561
-0.373576    0.3633
-0.373373    0.360988
-0.373172    0.358676
-0.372971    0.356361
-0.372771    0.354046
-0.372572    0.35173
-0.372373    0.349412
-0.372175    0.347093
-0.371978    0.344773
-0.371782    0.342451
-0.371586    0.340129
-0.37139    0.337805
-0.371196    0.33548
-0.371001    0.333154
-0.370808    0.330827
-0.370615    0.328498
-0.370423    0.326169
-0.370231    0.323838
-0.37004    0.321506
-0.36985    0.319173
-0.36966    0.316839
-0.36947    0.314504
-0.369281    0.312168
-0.369093    0.30983
-0.368905    0.307491
-0.368718    0.305152
-0.368531    0.302811
-0.368345    0.300469
-0.368159    0.298126
-0.367973    0.295782
-0.367789    0.293437
-0.367604    0.291091
-0.36742    0.288744
-0.367237    0.286396
-0.367053    0.284047
-0.366871    0.281697
-0.366688    0.279346
-0.366506    0.276994
-0.366325    0.27464
-0.366144    0.272286
-0.365963    0.269931
-0.365783    0.267575
-0.365602    0.265218
-0.365423    0.26286
-0.365243    0.260501
-0.365064    0.258141
-0.364886    0.25578
-0.364707    0.253418
-0.364529    0.251056
-0.364351    0.248692
-0.364174    0.246327
-0.363996    0.243962
-0.363819    0.241596
-0.363642    0.239228
-0.363466    0.23686
-0.36329    0.234491
-0.363113    0.232121
-0.362938    0.229751
-0.362762    0.227379
-0.362586    0.225007
-0.362411    0.222634
-0.362236    0.22026
-0.362061    0.217885
-0.361886    0.215509
-0.361712    0.213133
-0.361537    0.210755
-0.361363    0.208377
-0.361188    0.205998
-0.361014    0.203619
-0.36084    0.201238
-0.360666    0.198857
-0.360492    0.196475
-0.360318    0.194093
-0.360145    0.191709
-0.359971    0.189325
-0.359797    0.18694
-0.359624    0.184555
-0.35945    0.182169
-0.359277    0.179782
-0.359103    0.177394
-0.358929    0.175006
-0.358756    0.172617
-0.358582    0.170227
-0.358409    0.167837
-0.358235    0.165446
-0.358061    0.163054
-0.357887    0.160662
-0.357714    0.158269
-0.35754    0.155876
-0.357366    0.153481
-0.357191    0.151087
-0.357017    0.148691
-0.356843    0.146296
-0.356668    0.143899
-0.356494    0.141502
-0.356319    0.139104
-0.356144    0.136706
-0.355969    0.134307
-0.355794    0.131908
-0.355619    0.129508
-0.355443    0.127108
-0.355267    0.124707
-0.355091    0.122306
-0.354915    0.119904
-0.354739    0.117501
-0.354562    0.115099
-0.354385    0.112695
-0.354208    0.110291
-0.354031    0.107887
-0.353853    0.105482
-0.353675    0.103077
-0.353497    0.100671
-0.353318    0.0982654
-0.353139    0.0958588
-0.35296    0.0934519
-0.35278    0.0910446
-0.352601    0.0886368
-0.35242    0.0862287
-0.35224    0.0838202
-0.352059    0.0814113
-0.351878    0.079002
-0.351696    0.0765923
-0.351514    0.0741823
-0.351331    0.071772
-0.351148    0.0693613
-0.350965    0.0669503
-0.350781    0.064539
-0.350597    0.0621273
-0.350413    0.0597153
-0.350227    0.0573031
-0.350042    0.0548905
-0.349856    0.0524777
-0.349669    0.0500646
-0.349482    0.0476512
-0.349295    0.0452375
-0.349107    0.0428236
-0.348918    0.0404095
-0.348729    0.0379951
-0.34854    0.0355805
-0.348349    0.0331657
-0.348159    0.0307506
-0.347967    0.0283354
-0.347775    0.0259199
-0.347583    0.0235043
-0.34739    0.0210885
-0.347196    0.0186725
-0.347002    0.0162564
-0.346807    0.0138401
-0.346612    0.0114236
-0.346415    0.009007
-0.346219    0.00659028
-0.346021    0.00417342
-0.345823    0.00175645
-0.345624    -0.000660623
-0.345425    -0.0030778
-0.345224    -0.00549507
-0.345024    -0.00791242
-0.344822    -0.0103299
-0.34462    -0.0127474
-0.344416    -0.0151649
-0.344213    -0.0175825
-0.344008    -0.0200002
-0.343803    -0.0224179
-0.343597    -0.0248356
-0.34339    -0.0272533
-0.343182    -0.0296711
-0.342974    -0.0320888
-0.342764    -0.0345066
-0.342554    -0.0369243
-0.342343    -0.039342
-0.342132    -0.0417597
-0.341919    -0.0441774
-0.341706    -0.046595
-0.341491    -0.0490125
-0.341276    -0.05143
-0.34106    -0.0538474
-0.340843    -0.0562648
-0.340625    -0.058682
-0.340407    -0.0610992
-0.340187    -0.0635163
-0.339967    -0.0659332
-0.339745    -0.0683501
-0.339523    -0.0707668
-0.339299    -0.0731834
-0.339075    -0.0755998
-0.33885    -0.0780161
-0.338623    -0.0804322
-0.338396    -0.0828482
-0.338168    -0.085264
-0.337939    -0.0876796
-0.337708    -0.090095
-0.337477    -0.0925102
-0.337245    -0.0949252
-0.337012    -0.09734
-0.336777    -0.0997546
-0.336542    -0.102169
-0.336305    -0.104583
-0.336068    -0.106997
-0.335829    -0.10941
-0.335589    -0.111824
-0.335348    -0.114237
-0.335106    -0.11665
-0.334863    -0.119062
-0.334619    -0.121474
-0.334374    -0.123886
-0.334127    -0.126298
-0.33388    -0.128709
-0.333631    -0.13112
-0.333381    -0.133531
-0.33313    -0.135941
-0.332878    -0.138351
-0.332624    -0.14076
-0.332369    -0.14317
-0.332114    -0.145578
-0.331856    -0.147987
-0.331598    -0.150395
-0.331338    -0.152802
-0.331078    -0.15521
-0.330815    -0.157616
-0.330552    -0.160023
-0.330287    -0.162429
-0.330022    -0.164834
-0.329754    -0.167239
-0.329486    -0.169644
-0.329216    -0.172048
-0.328945    -0.174451
-0.328672    -0.176855
-0.328399    -0.179257
-0.328123    -0.181659
-0.327847    -0.184061
-0.327569    -0.186462
-0.32729    -0.188863
-0.327009    -0.191263
-0.326727    -0.193663
-0.326444    -0.196062
-0.326159    -0.19846
-0.325873    -0.200858
-0.325585    -0.203255
-0.325296    -0.205652
-0.325006    -0.208048
-0.324714    -0.210444
-0.324421    -0.212839
-0.324126    -0.215233
-0.32383    -0.217627
-0.323532    -0.22002
-0.323233    -0.222412
-0.322932    -0.224804
-0.32263    -0.227195
-0.322326    -0.229586
-0.322021    -0.231975
-0.321714    -0.234365
-0.321406    -0.236753
-0.321096    -0.239141
-0.320784    -0.241528
-0.320471    -0.243914
-0.320157    -0.2463
-0.319841    -0.248685
-0.319523    -0.251069
-0.319204    -0.253453
-0.318883    -0.255835
-0.31856    -0.258217
-0.318236    -0.260598
-0.31791    -0.262979
-0.317583    -0.265358
-0.317254    -0.267737
-0.316923    -0.270115
-0.316591    -0.272493
-0.316257    -0.274869
-0.315921    -0.277245
-0.315584    -0.279619
-0.315245    -0.281993
-0.314904    -0.284366
-0.314562    -0.286739
-0.314218    -0.28911
-0.313872    -0.291481
-0.313524    -0.29385
-0.313175    -0.296219
-0.312824    -0.298587
-0.312471    -0.300954
-0.312116    -0.30332
-0.31176    -0.305685
-0.311401    -0.308049
-0.311041    -0.310412
-0.31068    -0.312775
-0.310316    -0.315136
-0.309951    -0.317497
-0.309584    -0.319856
-0.309215    -0.322215
-0.308844    -0.324572
-0.308471    -0.326929
-0.308096    -0.329284
-0.30772    -0.331639
-0.307342    -0.333992
-0.306962    -0.336345
-0.30658    -0.338696
-0.306196    -0.341047
-0.30581    -0.343396
-0.305422    -0.345744
-0.305033    -0.348092
-0.304641    -0.350438
-0.304248    -0.352783
-0.303852    -0.355127
-0.303455    -0.35747
-0.303055    -0.359812
-0.302654    -0.362153
-0.302251    -0.364492
-0.301846    -0.366831
-0.301439    -0.369168
-0.301029    -0.371505
-0.300618    -0.37384
-0.300205    -0.376174
-0.29979    -0.378506
-0.299373    -0.380838
-0.298953    -0.383168
-0.298532    -0.385498
-0.298109    -0.387826
-0.297683    -0.390153
-0.297256    -0.392478
-0.296826    -0.394803
-0.296395    -0.397126
-0.295961    -0.399448
-0.295526    -0.401769
-0.295088    -0.404088
-0.294648    -0.406406
-0.294206    -0.408723
-0.293762    -0.411039
-0.293315    -0.413354
-0.292867    -0.415667
-0.292416    -0.417978
-0.291964    -0.420289
-0.291509    -0.422598
-0.291052    -0.424906
-0.290593    -0.427213
-0.290131    -0.429518
-0.289668    -0.431822
-0.289202    -0.434124
-0.288734    -0.436426
-0.288264    -0.438725
-0.287792    -0.441024
-0.287317    -0.443321
-0.28684    -0.445617
-0.286361    -0.447911
-0.28588    -0.450204
-0.285396    -0.452495
-0.284911    -0.454785
-0.284423    -0.457074
-0.283932    -0.459361
-0.28344    -0.461647
-0.282945    -0.463931
-0.282448    -0.466214
-0.281948    -0.468495
-0.281446    -0.470775
-0.280942    -0.473054
-0.280436    -0.475331
-0.279927    -0.477606
-0.279416    -0.47988
-0.278903    -0.482152
-0.278387    -0.484423
-0.277869    -0.486693
-0.277349    -0.48896
-0.276826    -0.491227
-0.276301    -0.493491
-0.275773    -0.495755
-0.275243    -0.498016
-0.274711    -0.500276
-0.274176    -0.502535
-0.273639    -0.504792
-0.273099    -0.507047
-0.272557    -0.5093
-0.272013    -0.511553
-0.271466    -0.513803
-0.270917    -0.516052
-0.270365    -0.518299
-0.269811    -0.520544
-0.269254    -0.522788
-0.268695    -0.52503
-0.268134    -0.527271
-0.267569    -0.52951
-0.267003    -0.531747
-0.266434    -0.533982
-0.265862    -0.536216
-0.265288    -0.538448
-0.264712    -0.540679
-0.264132    -0.542907
-0.263551    -0.545134
-0.262967    -0.547359
-0.26238    -0.549583
-0.261791    -0.551804
-0.261199    -0.554024
-0.260604    -0.556242
-0.260008    -0.558459
-0.259408    -0.560673
-0.258806    -0.562886
-0.258201    -0.565097
-0.257594    -0.567306
-0.256984    -0.569514
-0.256372    -0.571719
-0.255757    -0.573923
-0.255139    -0.576125
-0.254519    -0.578325
-0.253896    -0.580523
-0.25327    -0.582719
-0.252642    -0.584914
-0.252011    -0.587107
-0.251377    -0.589297
-0.250741    -0.591486
-0.250102    -0.593673
-0.249461    -0.595858
-0.248817    -0.598041
-0.24817    -0.600222
-0.24752    -0.602401
-0.246868    -0.604579
-0.246213    -0.606754
-0.245555    -0.608928
-0.244895    -0.611099
-0.244232    -0.613269
-0.243566    -0.615436
-0.242897    -0.617602
-0.242226    -0.619765
-0.241552    -0.621927
-0.240875    -0.624086
-0.240196    -0.626244
-0.239513    -0.628399
-0.238828    -0.630553
-0.23814    -0.632704
-0.23745    -0.634853
-0.236756    -0.637001
-0.23606    -0.639146
-0.235361    -0.641289
-0.234659    -0.64343
-0.233954    -0.645569
-0.233247    -0.647706
-0.232537    -0.649841
-0.231824    -0.651974
-0.231108    -0.654105
-0.230389    -0.656233
-0.229667    -0.65836
-0.228943    -0.660484
-0.228216    -0.662606
-0.227485    -0.664726
-0.226752    -0.666844
-0.226017    -0.668959
-0.225278    -0.671073
-0.224536    -0.673184
-0.223792    -0.675293
-0.223044    -0.6774
-0.222294    -0.679505
-0.221541    -0.681607
-0.220784    -0.683707
-0.220025    -0.685806
-0.219264    -0.687901
-0.218499    -0.689995
-0.217731    -0.692086
-0.21696    -0.694175
-0.216186    -0.696262
-0.21541    -0.698346
-0.21463    -0.700429
-0.213848    -0.702508
-0.213062    -0.704586
-0.212274    -0.706661
-0.211482    -0.708734
-0.210688    -0.710805
-0.209891    -0.712873
-0.20909    -0.714939
-0.208287    -0.717003
-0.20748    -0.719064
-0.206671    -0.721123
-0.205859    -0.72318
-0.205043    -0.725234
-0.204225    -0.727286
-0.203404    -0.729335
-0.202579    -0.731382
-0.201752    -0.733427
-0.200921    -0.735469
-0.200088    -0.737509
-0.199251    -0.739546
-0.198412    -0.741581
-0.197569    -0.743613
-0.196723    -0.745643
-0.195875    -0.747671
-0.195023    -0.749696
-0.194168    -0.751718
-0.19331    -0.753739
-0.192449    -0.755756
-0.191585    -0.757771
-0.190717    -0.759784
-0.189847    -0.761794
-0.188973    -0.763801
-0.188097    -0.765806
-0.187217    -0.767809
-0.186335    -0.769809
-0.185449    -0.771806
-0.18456    -0.773801
-0.183668    -0.775793
-0.182772    -0.777783
-0.181874    -0.77977
-0.180972    -0.781754
-0.180068    -0.783736
-0.17916    -0.785715
-0.178249    -0.787692
-0.177335    -0.789666
-0.176417    -0.791637
-0.175497    -0.793606
-0.174573    -0.795572
-0.173647    -0.797535
-0.172717    -0.799496
-0.171784    -0.801454
-0.170847    -0.80341
-0.169908    -0.805362
-0.168965    -0.807312
-0.168019    -0.809259
-0.16707    -0.811204
-0.166118    -0.813146
-0.165162    -0.815085
-0.164203    -0.817021
-0.163241    -0.818955
-0.162276    -0.820886
-0.161308    -0.822814
-0.160336    -0.824739
-0.159361    -0.826662
-0.158383    -0.828581
-0.157402    -0.830498
-0.156418    -0.832412
-0.15543    -0.834324
-0.154439    -0.836232
-0.153444    -0.838138
-0.152447    -0.840041
-0.151446    -0.841941
-0.150442    -0.843838
-0.149435    -0.845732
-0.148424    -0.847624
-0.14741    -0.849512
-0.146393    -0.851398
-0.145373    -0.85328
-0.144349    -0.85516
-0.143322    -0.857037
-0.142291    -0.858911
-0.141258    -0.860782
-0.140221    -0.862651
-0.139181    -0.864516
-0.138137    -0.866378
-0.137091    -0.868237
-0.13604    -0.870094
-0.134987    -0.871947
-0.13393    -0.873797
-0.13287    -0.875645
-0.131807    -0.877489
-0.13074    -0.87933
-0.12967    -0.881169
-0.128597    -0.883004
-0.12752    -0.884836
-0.12644    -0.886666
-0.125357    -0.888492
-0.12427    -0.890315
-0.12318    -0.892135
-0.122087    -0.893952
-0.12099    -0.895766
-0.11989    -0.897577
-0.118786    -0.899385
-0.117679    -0.901189
-0.116569    -0.902991
-0.115456    -0.904789
-0.114339    -0.906584
-0.113219    -0.908376
-0.112095    -0.910165
-0.110968    -0.911951
-0.109838    -0.913734
-0.108704    -0.915513
-0.107567    -0.917289
-0.106426    -0.919063
-0.105282    -0.920832
-0.104135    -0.922599
-0.102984    -0.924363
-0.10183    -0.926123
-0.100673    -0.92788
-0.0995118    -0.929633
-0.0983476    -0.931384
-0.0971799    -0.933131
-0.0960089    -0.934875
-0.0948344    -0.936616
-0.0936565    -0.938353
-0.0924752    -0.940087
-0.0912906    -0.941818
-0.0901025    -0.943545
-0.0889109    -0.94527
-0.087716    -0.94699
-0.0865177    -0.948708
-0.0853159    -0.950422
-0.0841107    -0.952133
-0.0829021    -0.95384
-0.0816901    -0.955544
-0.0804746    -0.957245
-0.0792557    -0.958942
-0.0780334    -0.960636
-0.0768077    -0.962327
-0.0755785    -0.964014
-0.0743459    -0.965697
-0.0731098    -0.967378
-0.0718703    -0.969054
-0.0706274    -0.970728
-0.0693811    -0.972398
-0.0681313    -0.974064
-0.066878    -0.975727
-0.0656213    -0.977386
-0.0643612    -0.979042
-0.0630977    -0.980695
-0.0618306    -0.982344
-0.0605602    -0.983989
-0.0592863    -0.985631
-0.0580089    -0.987269
-0.0567281    -0.988904
-0.0554438    -0.990535
-0.0541561    -0.992163
-0.0528649    -0.993787
-0.0515703    -0.995408
-0.0502722    -0.997024
-0.0489707    -0.998638
-0.0476657    -1.00025
-0.0463572    -1.00185
-0.0450453    -1.00346
-0.04373    -1.00505
-0.0424112    -1.00665
-0.0410889    -1.00824
-0.0397631    -1.00983
-0.0384339    -1.01141
-0.0371013    -1.01299
-0.0357651    -1.01457
-0.0344255    -1.01614
-0.0330825    -1.01771
-0.031736    -1.01928
-0.030386    -1.02084
-0.0290326    -1.0224
-0.0276757    -1.02395
-0.0263153    -1.02551
-0.0249515    -1.02705
-0.0235842    -1.0286
-0.0222134    -1.03013
-0.0208392    -1.03167
-0.0194615    -1.0332
-0.0180804    -1.03473
-0.0166958    -1.03625
-0.0153077    -1.03778
-0.0139162    -1.03929
-0.0125212    -1.0408
-0.0111227    -1.04231
-0.00972078    -1.04382
-0.0083154    -1.04532
-0.00690655    -1.04682
-0.00549424    -1.04831
-0.00407848    -1.0498
-0.00265925    -1.05129
-0.00123656    -1.05277
0.000189585    -1.05425
0.00161919    -1.05572
0.00305225    -1.05719
0.00448877    -1.05866
0.00592875    -1.06012
0.00737218    -1.06158
0.00881906    -1.06303
0.0102694    -1.06448
0.0117232    -1.06593
0.0131804    -1.06737
0.0146411    -1.06881
0.0161053    -1.07024
0.0175729    -1.07167
0.0190439    -1.0731
0.0205184    -1.07452
0.0219963    -1.07594
0.0234777    -1.07735
0.0249625    -1.07876
0.0264508    -1.08016
0.0279425    -1.08157
0.0294376    -1.08296
0.0309362    -1.08436
0.0324382    -1.08575
0.0339437    -1.08713
0.0354526    -1.08851
0.0369649    -1.08989
0.0384806    -1.09126
0.0399998    -1.09263
0.0415224    -1.09399
0.0430484    -1.09535
0.0445778    -1.09671
0.0461107    -1.09806
0.047647    -1.09941
0.0491867    -1.10075
0.0507298    -1.10209
0.0522763    -1.10343
0.0538262    -1.10476
0.0553796    -1.10608
0.0569363    -1.1074
0.0584965    -1.10872
0.06006    -1.11004
0.061627    -1.11134
0.0631973    -1.11265
0.0647711    -1.11395
0.0663482    -1.11525
0.0679287    -1.11654
0.0695126    -1.11782
0.0710999    -1.11911
0.0726906    -1.12039
0.0742847    -1.12166
0.0758821    -1.12293
0.0774829    -1.1242
0.0790871    -1.12546
0.0806946    -1.12671
0.0823056    -1.12797
0.0839198    -1.12921
0.0855375    -1.13046
0.0871584    -1.1317
0.0887828    -1.13293
0.0904105    -1.13416
0.0920415    -1.13539
0.0936759    -1.13661
0.0953136    -1.13782
0.0969547    -1.13904
0.0985991    -1.14024
0.100247    -1.14145
0.101898    -1.14264
0.103552    -1.14384
0.10521    -1.14503
0.106871    -1.14621
0.108535    -1.14739
0.110203    -1.14857
0.111874    -1.14974
0.113548    -1.15091
0.115225    -1.15207
0.116906    -1.15322
0.11859    -1.15438
0.120278    -1.15552
0.121968    -1.15667
0.123662    -1.15781
0.12536    -1.15894
0.12706    -1.16007
0.128764    -1.16119
0.130471    -1.16231
0.132181    -1.16343
0.133895    -1.16454
0.135611    -1.16564
0.137331    -1.16675
0.139055    -1.16784
0.140781    -1.16893
0.142511    -1.17002
0.144244    -1.1711
0.14598    -1.17218
0.147719    -1.17325
0.149462    -1.17432
0.151208    -1.17538
0.152957    -1.17644
0.154709    -1.17749
0.156464    -1.17854
0.158223    -1.17958
0.159985    -1.18062
0.161749    -1.18166
0.163517    -1.18268
0.165289    -1.18371
0.167063    -1.18473
0.168841    -1.18574
0.170621    -1.18675
0.172405    -1.18776
0.174192    -1.18875
0.175982    -1.18975
0.177775    -1.19074
0.179572    -1.19172
0.181371    -1.1927
0.183174    -1.19368
0.18498    -1.19465
0.186788    -1.19561
0.1886    -1.19657
0.190415    -1.19752
0.192233    -1.19847
0.194054    -1.19942
0.195878    -1.20036
0.197706    -1.20129
0.199536    -1.20222
0.201369    -1.20315
0.203205    -1.20406
0.205045    -1.20498
0.206887    -1.20589
0.208733    -1.20679
0.210581    -1.20769
0.212433    -1.20858
0.214287    -1.20947
0.216145    -1.21035
0.218005    -1.21123
0.219868    -1.21211
0.221735    -1.21297
0.223604    -1.21384
0.225477    -1.21469
0.227352    -1.21555
0.22923    -1.21639
0.231111    -1.21723
0.232995    -1.21807
0.234882    -1.2189
0.236772    -1.21973
0.238665    -1.22055
0.240561    -1.22136
0.242459    -1.22217
0.244361    -1.22298
0.246265    -1.22378
0.248173    -1.22457
0.250083    -1.22536
0.251996    -1.22615
0.253912    -1.22692
0.25583    -1.2277
0.257752    -1.22846
0.259676    -1.22923
0.261603    -1.22998
0.263533    -1.23074
0.265466    -1.23148
0.267402    -1.23222
0.26934    -1.23296
0.271281    -1.23369
0.273225    -1.23441
0.275172    -1.23513
0.277121    -1.23585
0.279073    -1.23655
0.281028    -1.23726
0.282986    -1.23795
0.284946    -1.23865
0.286909    -1.23933
0.288875    -1.24001
0.290843    -1.24069
0.292814    -1.24136
0.294788    -1.24202
0.296765    -1.24268
0.298744    -1.24333
0.300725    -1.24398
0.30271    -1.24462
0.304697    -1.24526
0.306686    -1.24589
0.308679    -1.24652
0.310673    -1.24714
0.312671    -1.24775
0.314671    -1.24836
0.316673    -1.24896
0.318678    -1.24956
0.320686    -1.25015
0.322696    -1.25074
0.324709    -1.25132
0.326724    -1.2519
0.328742    -1.25247
0.330762    -1.25303
0.332785    -1.25359
0.334811    -1.25414
0.336838    -1.25469
0.338868    -1.25523
0.340901    -1.25576
0.342936    -1.25629
0.344974    -1.25681
0.347014    -1.25733
0.349056    -1.25785
0.351101    -1.25835
0.353148    -1.25885
0.355197    -1.25935
