0.352853    1.02837
0.354094    1.0298
0.355339    1.03122
0.356588    1.03264
0.35784    1.03406
0.359095    1.03547
0.360354    1.03688
0.361616    1.03828
0.362881    1.03968
0.364151    1.04108
0.365423    1.04247
0.366699    1.04386
0.367979    1.04524
0.369262    1.04662
0.370548    1.048
0.371838    1.04937
0.373132    1.05074
0.374429    1.05211
0.375729    1.05347
0.377033    1.05482
0.37834    1.05617
0.379651    1.05752
0.380965    1.05887
0.382283    1.06021
0.383604    1.06154
0.384929    1.06288
0.386257    1.0642
0.387589    1.06553
0.388924    1.06685
0.390263    1.06816
0.391605    1.06948
0.392951    1.07078
0.3943    1.07209
0.395653    1.07339
0.397009    1.07468
0.398368    1.07597
0.399731    1.07726
0.401098    1.07854
0.402468    1.07982
0.403842    1.0811
0.405219    1.08237
0.406599    1.08363
0.407983    1.08489
0.409371    1.08615
0.410762    1.08741
0.412156    1.08865
0.413554    1.0899
0.414956    1.09114
0.416361    1.09238
0.417769    1.09361
0.419181    1.09484
0.420597    1.09606
0.422016    1.09728
0.423438    1.09849
0.424864    1.0997
0.426293    1.10091
0.427726    1.10211
0.429163    1.10331
0.430602    1.1045
0.432046    1.10569
0.433493    1.10688
0.434943    1.10806
0.436397    1.10923
0.437854    1.1104
0.439315    1.11157
0.440779    1.11273
0.442247    1.11389
0.443718    1.11504
0.445193    1.11619
0.446671    1.11734
0.448152    1.11848
0.449638    1.11961
0.451126    1.12074
0.452618    1.12187
0.454114    1.12299
0.455613    1.12411
0.457115    1.12522
0.458621    1.12633
0.460131    1.12743
0.461643    1.12853
0.46316    1.12963
0.46468    1.13072
0.466203    1.1318
0.46773    1.13289
0.46926    1.13396
0.470793    1.13503
0.47233    1.1361
0.473871    1.13716
0.475415    1.13822
0.476962    1.13927
0.478513    1.14032
0.480068    1.14137
0.481625    1.14241
0.483187    1.14344
0.484751    1.14447
0.486319    1.14549
0.487891    1.14651
0.489466    1.14753
0.491044    1.14854
0.492626    1.14955
0.494211    1.15055
0.4958    1.15154
0.497392    1.15254
0.498987    1.15352
0.500586    1.15451
0.502189    1.15548
0.503794    1.15645
0.505404    1.15742
0.507016    1.15839
0.508632    1.15934
0.510251    1.1603
0.511874    1.16124
0.5135    1.16219
0.51513    1.16313
0.516763    1.16406
0.518399    1.16499
0.520039    1.16591
0.521682    1.16683
0.523328    1.16774
0.524978    1.16865
0.526631    1.16956
0.528287    1.17045
0.529947    1.17135
0.531611    1.17224
0.533277    1.17312
0.534947    1.174
0.53662    1.17487
0.538297    1.17574
0.539977    1.17661
0.54166    1.17747
0.543347    1.17832
0.545037    1.17917
0.54673    1.18001
0.548426    1.18085
0.550126    1.18168
0.55183    1.18251
0.553536    1.18333
0.555246    1.18415
