-0.404372    -1.2448
-0.402697    -1.24388
-0.401026    -1.24296
-0.399359    -1.24204
-0.397694    -1.24111
-0.396034    -1.24018
-0.394376    -1.23924
-0.392723    -1.2383
-0.391072    -1.23735
-0.389425    -1.2364
-0.387782    -1.23544
-0.386142    -1.23448
-0.384505    -1.23351
-0.382872    -1.23254
-0.381242    -1.23156
-0.379616    -1.23058
-0.377993    -1.2296
-0.376374    -1.22861
-0.374758    -1.22761
-0.373146    -1.22661
-0.371537    -1.22561
-0.369931    -1.2246
-0.368329    -1.22359
-0.366731    -1.22257
-0.365136    -1.22154
-0.363545    -1.22052
-0.361957    -1.21948
-0.360372    -1.21845
-0.358791    -1.21741
-0.357214    -1.21636
-0.35564    -1.21531
-0.354069    -1.21426
-0.352502    -1.2132
-0.350939    -1.21213
-0.349379    -1.21106
-0.347822    -1.20999
-0.34627    -1.20891
-0.34472    -1.20783
-0.343174    -1.20674
-0.341632    -1.20565
-0.340093    -1.20456
-0.338558    -1.20346
-0.337026    -1.20235
-0.335498    -1.20124
-0.333973    -1.20013
-0.332452    -1.19901
-0.330934    -1.19789
-0.32942    -1.19676
-0.327909    -1.19563
-0.326402    -1.1945
-0.324898    -1.19336
-0.323398    -1.19221
-0.321902    -1.19107
-0.320409    -1.18991
-0.31892    -1.18876
-0.317434    -1.18759
-0.315951    -1.18643
-0.314473    -1.18526
-0.312997    -1.18408
-0.311526    -1.18291
-0.310057    -1.18172
-0.308593    -1.18053
-0.307132    -1.17934
-0.305674    -1.17815
-0.30422    -1.17695
-0.30277    -1.17574
-0.301323    -1.17454
-0.299879    -1.17332
-0.29844    -1.17211
-0.297003    -1.17088
-0.295571    -1.16966
-0.294142    -1.16843
-0.292716    -1.1672
-0.291294    -1.16596
-0.289875    -1.16472
-0.28846    -1.16347
-0.287049    -1.16222
-0.285641    -1.16097
-0.284237    -1.15971
-0.282836    -1.15845
-0.281439    -1.15718
-0.280045    -1.15591
-0.278655    -1.15463
-0.277269    -1.15336
-0.275885    -1.15207
-0.274506    -1.15079
-0.27313    -1.1495
-0.271758    -1.1482
-0.270389    -1.1469
-0.269024    -1.1456
-0.267662    -1.14429
-0.266304    -1.14298
-0.264949    -1.14167
-0.263598    -1.14035
-0.26225    -1.13902
-0.260906    -1.1377
-0.259566    -1.13637
-0.258229    -1.13503
-0.256896    -1.13369
-0.255566    -1.13235
-0.254239    -1.131
-0.252917    -1.12965
-0.251597    -1.1283
-0.250282    -1.12694
-0.248969    -1.12558
-0.247661    -1.12421
-0.246356    -1.12285
-0.245054    -1.12147
-0.243756    -1.12009
-0.242462    -1.11871
-0.241171    -1.11733
-0.239883    -1.11594
-0.238599    -1.11455
-0.237319    -1.11315
-0.236042    -1.11175
-0.234768    -1.11035
-0.233499    -1.10894
-0.232232    -1.10753
-0.230969    -1.10611
-0.22971    -1.10469
-0.228454    -1.10327
-0.227202    -1.10184
-0.225953    -1.10041
-0.224708    -1.09898
-0.223466    -1.09754
-0.222228    -1.0961
-0.220993    -1.09466
-0.219762    -1.09321
-0.218534    -1.09176
-0.21731    -1.0903
-0.216089    -1.08884
-0.214872    -1.08738
-0.213658    -1.08591
-0.212447    -1.08444
-0.211241    -1.08297
-0.210037    -1.08149
-0.208837    -1.08001
-0.207641    -1.07852
-0.206448    -1.07704
-0.205259    -1.07554
-0.204073    -1.07405
-0.20289    -1.07255
-0.201711    -1.07105
-0.200535    -1.06954
-0.199363    -1.06803
-0.198195    -1.06652
-0.197029    -1.065
-0.195868    -1.06348
-0.194709    -1.06196
-0.193554    -1.06043
-0.192403    -1.0589
-0.191255    -1.05737
-0.19011    -1.05583
-0.188969    -1.05429
-0.187832    -1.05274
-0.186697    -1.05119
-0.185567    -1.04964
-0.184439    -1.04809
-0.183315    -1.04653
-0.182195    -1.04497
-0.181078    -1.0434
-0.179964    -1.04184
-0.178854    -1.04026
-0.177747    -1.03869
-0.176643    -1.03711
-0.175543    -1.03553
-0.174446    -1.03394
-0.173353    -1.03236
-0.172263    -1.03076
-0.171177    -1.02917
-0.170094    -1.02757
-0.169014    -1.02597
-0.167937    -1.02436
-0.166864    -1.02275
-0.165795    -1.02114
-0.164729    -1.01953
-0.163666    -1.01791
-0.162606    -1.01629
-0.16155    -1.01466
-0.160497    -1.01304
-0.159448    -1.0114
-0.158402    -1.00977
-0.157359    -1.00813
-0.156319    -1.00649
-0.155283    -1.00485
-0.15425    -1.0032
-0.153221    -1.00155
-0.152195    -0.999896
-0.151172    -0.998239
-0.150152    -0.996579
-0.149136    -0.994916
-0.148123    -0.99325
-0.147114    -0.99158
-0.146108    -0.989908
-0.145105    -0.988232
-0.144105    -0.986553
-0.143109    -0.984871
-0.142115    -0.983186
-0.141126    -0.981498
-0.140139    -0.979807
-0.139156    -0.978112
-0.138176    -0.976415
-0.137199    -0.974714
-0.136226    -0.973011
-0.135255    -0.971304
-0.134288    -0.969594
-0.133325    -0.967882
-0.132364    -0.966166
-0.131407    -0.964447
-0.130453    -0.962725
-0.129502    -0.961
-0.128555    -0.959273
-0.12761    -0.957542
-0.126669    -0.955808
-0.125731    -0.954071
-0.124796    -0.952331
-0.123865    -0.950589
-0.122937    -0.948843
-0.122012    -0.947094
-0.12109    -0.945343
-0.120171    -0.943588
-0.119255    -0.941831
-0.118343    -0.94007
-0.117434    -0.938307
-0.116528    -0.93654
-0.115625    -0.934771
-0.114725    -0.932999
-0.113828    -0.931224
-0.112935    -0.929446
-0.112045    -0.927666
-0.111158    -0.925882
-0.110274    -0.924096
-0.109393    -0.922306
-0.108515    -0.920514
-0.10764    -0.918719
-0.106769    -0.916922
-0.1059    -0.915121
-0.105035    -0.913317
-0.104173    -0.911511
-0.103314    -0.909702
-0.102457    -0.90789
-0.101604    -0.906075
-0.100755    -0.904258
-0.0999078    -0.902438
-0.099064    -0.900615
-0.0982233    -0.898789
-0.0973857    -0.89696
-0.0965511    -0.895129
-0.0957195    -0.893295
-0.094891    -0.891458
-0.0940655    -0.889619
-0.0932431    -0.887777
-0.0924237    -0.885932
-0.0916073    -0.884084
-0.0907939    -0.882234
-0.0899835    -0.880381
-0.0891761    -0.878525
-0.0883718    -0.876667
-0.0875704    -0.874805
-0.086772    -0.872942
-0.0859766    -0.871075
-0.0851841    -0.869206
-0.0843946    -0.867334
-0.0836081    -0.86546
-0.0828246    -0.863583
-0.082044    -0.861703
-0.0812663    -0.859821
-0.0804916    -0.857936
-0.0797199    -0.856049
-0.078951    -0.854159
-0.0781851    -0.852266
-0.0774221    -0.850371
-0.076662    -0.848473
-0.0759048    -0.846573
-0.0751506    -0.84467
-0.0743992    -0.842764
-0.0736507    -0.840856
-0.0729051    -0.838945
-0.0721624    -0.837032
-0.0714225    -0.835116
-0.0706855    -0.833198
-0.0699514    -0.831277
-0.0692202    -0.829354
-0.0684917    -0.827428
-0.0677662    -0.8255
-0.0670434    -0.823569
-0.0663235    -0.821636
-0.0656064    -0.8197
-0.0648922    -0.817762
-0.0641807    -0.815821
-0.0634721    -0.813878
-0.0627662    -0.811932
-0.0620632    -0.809984
-0.0613629    -0.808034
-0.0606654    -0.806081
-0.0599707    -0.804126
-0.0592788    -0.802168
-0.0585897    -0.800207
-0.0579032    -0.798245
-0.0572196    -0.79628
-0.0565387    -0.794312
-0.0558605    -0.792343
-0.0551851    -0.79037
-0.0545124    -0.788396
-0.0538424    -0.786419
-0.0531751    -0.784439
-0.0525105    -0.782458
-0.0518486    -0.780474
-0.0511895    -0.778487
-0.050533    -0.776499
-0.0498792    -0.774508
-0.0492281    -0.772514
-0.0485796    -0.770518
-0.0479338    -0.76852
-0.0472907    -0.76652
-0.0466502    -0.764517
-0.0460123    -0.762513
-0.0453771    -0.760505
-0.0447445    -0.758496
-0.0441146    -0.756484
-0.0434873    -0.75447
-0.0428625    -0.752454
-0.0422404    -0.750435
-0.0416209    -0.748414
-0.0410039    -0.746391
-0.0403896    -0.744366
-0.0397778    -0.742339
-0.0391686    -0.740309
-0.038562    -0.738277
-0.0379579    -0.736243
-0.0373564    -0.734206
-0.0367574    -0.732168
-0.0361609    -0.730127
-0.035567    -0.728084
-0.0349756    -0.726039
-0.0343867    -0.723992
-0.0338004    -0.721942
-0.0332165    -0.71989
-0.0326351    -0.717837
-0.0320562    -0.715781
-0.0314798    -0.713723
-0.0309059    -0.711662
-0.0303345    -0.7096
-0.0297655    -0.707536
-0.0291989    -0.705469
-0.0286349    -0.7034
-0.0280732    -0.701329
-0.027514    -0.699257
-0.0269572    -0.697182
-0.0264029    -0.695104
-0.0258509    -0.693025
-0.0253014    -0.690944
-0.0247542    -0.688861
-0.0242095    -0.686775
-0.0236671    -0.684688
-0.0231271    -0.682599
-0.0225895    -0.680507
-0.0220542    -0.678414
-0.0215213    -0.676318
-0.0209908    -0.67422
-0.0204626    -0.672121
-0.0199367    -0.670019
-0.0194131    -0.667916
-0.0188919    -0.66581
-0.018373    -0.663702
-0.0178564    -0.661593
-0.0173421    -0.659481
-0.0168301    -0.657368
-0.0163203    -0.655252
-0.0158129    -0.653135
-0.0153077    -0.651015
-0.0148048    -0.648894
-0.0143041    -0.646771
-0.0138057    -0.644646
-0.0133095    -0.642518
-0.0128156    -0.640389
-0.0123239    -0.638258
-0.0118344    -0.636125
-0.0113471    -0.633991
-0.010862    -0.631854
-0.0103791    -0.629715
-0.00989842    -0.627575
-0.00941991    -0.625433
-0.00894356    -0.623288
-0.00846939    -0.621142
-0.00799737    -0.618994
-0.00752751    -0.616845
-0.00705979    -0.614693
-0.00659421    -0.61254
-0.00613076    -0.610384
-0.00566942    -0.608227
-0.00521021    -0.606068
-0.00475309    -0.603907
-0.00429808    -0.601745
-0.00384516    -0.599581
-0.00339432    -0.597414
-0.00294556    -0.595246
-0.00249887    -0.593077
-0.00205424    -0.590905
-0.00161166    -0.588732
-0.00117113    -0.586557
-0.000732636    -0.58438
-0.000296172    -0.582202
0.000138269    -0.580021
0.000570695    -0.577839
0.00100111    -0.575656
0.00142953    -0.57347
0.00185596    -0.571283
0.00228041    -0.569094
0.00270287    -0.566903
0.00312337    -0.564711
0.00354191    -0.562517
0.0039585    -0.560322
0.00437314    -0.558124
0.00478584    -0.555925
0.00519662    -0.553724
0.00560547    -0.551522
0.00601241    -0.549318
0.00641744    -0.547112
0.00682057    -0.544905
0.00722182    -0.542696
0.00762118    -0.540486
0.00801867    -0.538274
0.00841429    -0.53606
0.00880805    -0.533844
0.00919996    -0.531627
0.00959003    -0.529409
0.00997827    -0.527189
0.0103647    -0.524967
0.0107493    -0.522744
0.011132    -0.520519
0.011513    -0.518292
0.0118922    -0.516064
0.0122696    -0.513835
0.0126452    -0.511604
0.013019    -0.509371
0.0133911    -0.507137
0.0137615    -0.504901
0.01413    -0.502664
0.0144969    -0.500425
0.014862    -0.498185
0.0152254    -0.495943
0.0155871    -0.4937
0.015947    -0.491455
0.0163053    -0.489209
0.0166619    -0.486962
0.0170168    -0.484713
0.01737    -0.482462
0.0177216    -0.48021
0.0180715    -0.477957
0.0184197    -0.475702
0.0187663    -0.473445
0.0191113    -0.471188
0.0194547    -0.468929
0.0197964    -0.466668
0.0201365    -0.464406
0.0204751    -0.462143
0.020812    -0.459878
0.0211474    -0.457612
0.0214812    -0.455344
0.0218134    -0.453075
0.022144    -0.450805
0.0224731    -0.448534
0.0228007    -0.446261
0.0231268    -0.443986
0.0234513    -0.441711
0.0237743    -0.439434
0.0240957    -0.437156
0.0244157    -0.434876
0.0247342    -0.432595
0.0250512    -0.430313
0.0253667    -0.428029
0.0256808    -0.425745
0.0259934    -0.423459
0.0263046    -0.421171
0.0266143    -0.418883
0.0269226    -0.416593
0.0272294    -0.414302
0.0275349    -0.412009
0.0278389    -0.409716
0.0281416    -0.407421
0.0284428    -0.405125
0.0287427    -0.402827
0.0290412    -0.400529
0.0293383    -0.398229
0.029634    -0.395928
0.0299285    -0.393626
0.0302215    -0.391323
0.0305133    -0.389018
0.0308037    -0.386713
0.0310928    -0.384406
0.0313806    -0.382098
0.0316671    -0.379789
0.0319524    -0.377479
0.0322363    -0.375167
0.032519    -0.372855
0.0328004    -0.370541
0.0330805    -0.368226
0.0333594    -0.36591
0.0336371    -0.363593
0.0339135    -0.361275
0.0341888    -0.358956
0.0344628    -0.356636
0.0347356    -0.354315
0.0350072    -0.351992
0.0352776    -0.349669
0.0355469    -0.347344
0.0358149    -0.345019
0.0360819    -0.342692
0.0363476    -0.340364
0.0366123    -0.338036
0.0368757    -0.335706
0.0371381    -0.333375
0.0373994    -0.331044
0.0376595    -0.328711
0.0379186    -0.326377
0.0381765    -0.324043
0.0384334    -0.321707
0.0386892    -0.319371
0.038944    -0.317033
0.0391976    -0.314695
0.0394503    -0.312355
0.0397019    -0.310015
0.0399525    -0.307673
0.040202    -0.305331
0.0404506    -0.302988
0.0406981    -0.300644
0.0409446    -0.298299
0.0411902    -0.295953
0.0414348    -0.293606
0.0416784    -0.291259
0.0419211    -0.28891
0.0421628    -0.286561
0.0424036    -0.284211
0.0426434    -0.28186
0.0428823    -0.279508
0.0431203    -0.277155
0.0433574    -0.274801
0.0435936    -0.272447
0.0438289    -0.270092
0.0440634    -0.267736
0.0442969    -0.265379
0.0445296    -0.263021
0.0447615    -0.260663
0.0449925    -0.258303
0.0452227    -0.255944
0.045452    -0.253583
0.0456805    -0.251221
0.0459083    -0.248859
0.0461352    -0.246496
0.0463613    -0.244132
0.0465867    -0.241768
0.0468113    -0.239403
0.0470351    -0.237037
0.0472582    -0.23467
0.0474805    -0.232303
0.0477021    -0.229935
0.0479229    -0.227566
0.0481431    -0.225197
0.0483625    -0.222827
0.0485812    -0.220456
0.0487993    -0.218085
0.0490166    -0.215713
0.0492333    -0.21334
0.0494493    -0.210967
0.0496647    -0.208593
0.0498794    -0.206219
0.0500935    -0.203844
0.0503069    -0.201468
0.0505198    -0.199092
0.050732    -0.196715
0.0509436    -0.194338
0.0511546    -0.19196
0.0513651    -0.189581
0.0515749    -0.187202
0.0517842    -0.184822
0.051993    -0.182442
0.0522012    -0.180061
0.0524088    -0.17768
0.052616    -0.175298
0.0528226    -0.172916
0.0530287    -0.170533
0.0532343    -0.16815
0.0534394    -0.165766
0.053644    -0.163382
0.0538482    -0.160997
0.0540518    -0.158612
0.0542551    -0.156226
0.0544578    -0.15384
0.0546602    -0.151454
0.0548621    -0.149067
0.0550636    -0.146679
0.0552647    -0.144292
0.0554653    -0.141903
0.0556656    -0.139515
0.0558655    -0.137126
0.056065    -0.134736
0.0562642    -0.132347
0.056463    -0.129957
0.0566614    -0.127566
0.0568596    -0.125175
0.0570573    -0.122784
0.0572548    -0.120392
0.057452    -0.118001
0.0576488    -0.115608
0.0578454    -0.113216
0.0580416    -0.110823
0.0582376    -0.10843
0.0584334    -0.106036
0.0586288    -0.103643
0.0588241    -0.101249
0.059019    -0.0988544
0.0592138    -0.0964599
0.0594083    -0.0940651
0.0596027    -0.09167
0.0597968    -0.0892748
0.0599907    -0.0868793
0.0601845    -0.0844836
0.0603781    -0.0820876
0.0605715    -0.0796915
0.0607647    -0.0772951
0.0609578    -0.0748986
0.0611508    -0.0725018
0.0613436    -0.0701049
0.0615364    -0.0677079
0.061729    -0.0653106
0.0619215    -0.0629133
0.0621139    -0.0605157
0.0623062    -0.0581181
0.0624985    -0.0557203
0.0626907    -0.0533223
0.0628828    -0.0509243
0.0630749    -0.0485262
0.063267    -0.0461279
0.063459    -0.0437296
0.063651    -0.0413312
0.063843    -0.0389327
0.064035    -0.0365341
0.064227    -0.0341355
0.064419    -0.0317369
0.0646111    -0.0293382
0.0648032    -0.0269394
0.0649953    -0.0245407
0.0651875    -0.0221419
0.0653797    -0.0197431
0.065572    -0.0173443
0.0657644    -0.0149455
0.0659569    -0.0125467
0.0661495    -0.0101479
0.0663422    -0.0077492
0.0665351    -0.00535049
0.066728    -0.00295184
0.0669211    -0.000553233
0.0671143    0.00184531
0.0673077    0.00424379
0.0675012    0.00664219
0.067695    0.00904051
0.0678889    0.0114387
0.068083    0.0138369
0.0682773    0.0162349
0.0684718    0.0186328
0.0686665    0.0210306
0.0688614    0.0234282
0.0690566    0.0258257
0.0692521    0.0282231
0.0694477    0.0306203
0.0696437    0.0330173
0.0698399    0.0354142
0.0700364    0.0378109
0.0702332    0.0402074
0.0704303    0.0426037
0.0706277    0.0449999
0.0708255    0.0473958
0.0710235    0.0497914
0.0712219    0.0521869
0.0714207    0.0545821
0.0716198    0.0569771
0.0718192    0.0593718
0.0720191    0.0617663
0.0722193    0.0641605
0.0724199    0.0665544
0.0726209    0.0689481
0.0728223    0.0713414
0.0730242    0.0737345
0.0732265    0.0761273
0.0734292    0.0785197
0.0736323    0.0809118
0.0738359    0.0833036
0.07404    0.0856951
0.0742446    0.0880862
0.0744496    0.0904769
0.0746551    0.0928673
0.0748611    0.0952573
0.0750677    0.097647
0.0752747    0.100036
0.0754823    0.102425
0.0756904    0.104814
0.0758991    0.107202
0.0761083    0.109589
0.0763181    0.111976
0.0765285    0.114363
0.0767394    0.11675
0.0769509    0.119135
0.0771631    0.121521
0.0773758    0.123906
0.0775892    0.12629
0.0778032    0.128674
0.0780178    0.131058
0.0782331    0.133441
0.078449    0.135823
0.0786656    0.138205
0.0788829    0.140587
0.0791008    0.142968
0.0793194    0.145348
0.0795388    0.147728
0.0797588    0.150108
0.0799796    0.152486
0.0802011    0.154865
0.0804233    0.157242
0.0806463    0.159619
0.08087    0.161996
0.0810945    0.164371
0.0813197    0.166747
0.0815458    0.169121
0.0817726    0.171495
0.0820002    0.173869
0.0822287    0.176241
0.0824579    0.178614
0.082688    0.180985
0.0829189    0.183356
0.0831506    0.185726
0.0833832    0.188095
0.0836167    0.190464
0.083851    0.192832
0.0840862    0.195199
0.0843223    0.197566
0.0845593    0.199932
0.0847972    0.202297
0.0850361    0.204662
0.0852758    0.207025
0.0855165    0.209388
0.0857581    0.211751
0.0860006    0.214112
0.0862441    0.216473
0.0864886    0.218833
0.0867341    0.221192
0.0869805    0.22355
0.087228    0.225907
0.0874764    0.228264
0.0877259    0.23062
0.0879763    0.232975
0.0882278    0.235329
0.0884804    0.237683
0.088734    0.240035
0.0889886    0.242387
0.0892443    0.244738
0.0895011    0.247088
0.0897589    0.249437
0.0900179    0.251785
0.0902779    0.254132
0.0905391    0.256478
0.0908014    0.258824
0.0910648    0.261168
0.0913293    0.263512
0.091595    0.265854
0.0918618    0.268196
0.0921298    0.270537
0.0923989    0.272877
0.0926692    0.275216
0.0929408    0.277553
0.0932135    0.27989
0.0934874    0.282226
0.0937625    0.284561
0.0940389    0.286895
0.0943164    0.289228
0.0945952    0.29156
0.0948753    0.29389
0.0951566    0.29622
0.0954392    0.298549
0.095723    0.300877
0.0960082    0.303203
0.0962946    0.305529
0.0965823    0.307853
0.0968713    0.310177
0.0971617    0.312499
0.0974533    0.31482
0.0977463    0.31714
0.0980407    0.319459
0.0983363    0.321777
0.0986334    0.324094
0.0989318    0.32641
0.0992316    0.328724
0.0995327    0.331037
0.0998353    0.33335
0.100139    0.335661
0.100445    0.33797
0.100751    0.340279
0.10106    0.342586
0.101369    0.344893
0.10168    0.347198
0.101993    0.349502
0.102307    0.351804
0.102622    0.354106
0.102939    0.356406
0.103258    0.358705
0.103578    0.361002
0.103899    0.363299
0.104222    0.365594
0.104546    0.367888
0.104872    0.37018
0.1052    0.372472
0.105529    0.374762
0.105859    0.37705
0.106192    0.379338
0.106525    0.381624
0.106861    0.383908
0.107197    0.386192
0.107536    0.388474
0.107876    0.390755
0.108218    0.393034
0.108561    0.395312
0.108906    0.397589
0.109252    0.399864
0.109601    0.402138
0.109951    0.40441
0.110302    0.406682
0.110655    0.408951
0.11101    0.411219
0.111367    0.413486
0.111725    0.415752
0.112085    0.418016
0.112446    0.420278
0.11281    0.422539
0.113175    0.424799
0.113542    0.427057
0.11391    0.429314
0.11428    0.431569
0.114652    0.433823
0.115026    0.436075
0.115402    0.438326
0.115779    0.440575
0.116158    0.442823
0.116539    0.445069
0.116922    0.447313
0.117306    0.449557
0.117693    0.451798
0.118081    0.454038
0.118471    0.456277
0.118863    0.458513
0.119257    0.460749
0.119652    0.462982
0.12005    0.465215
0.120449    0.467445
0.12085    0.469674
0.121253    0.471901
0.121658    0.474127
0.122065    0.476351
0.122474    0.478573
0.122885    0.480794
0.123297    0.483013
0.123712    0.485231
0.124128    0.487447
0.124547    0.489661
0.124967    0.491873
0.12539    0.494084
0.125814    0.496293
0.12624    0.4985
0.126669    0.500706
0.127099    0.50291
0.127532    0.505112
0.127966    0.507313
0.128402    0.509511
0.128841    0.511708
0.129281    0.513904
0.129724    0.516097
0.130168    0.518289
0.130615    0.520479
0.131064    0.522667
0.131514    0.524854
0.131967    0.527038
0.132422    0.529221
0.132879    0.531402
0.133338    0.533581
0.1338    0.535759
0.134263    0.537934
0.134729    0.540108
0.135196    0.54228
0.135666    0.54445
0.136138    0.546618
0.136612    0.548784
0.137088    0.550948
0.137567    0.553111
0.138047    0.555272
0.13853    0.55743
0.139015    0.559587
0.139502    0.561742
0.139992    0.563895
0.140483    0.566046
0.140977    0.568195
0.141473    0.570343
0.141972    0.572488
0.142472    0.574631
0.142975    0.576772
0.14348    0.578912
0.143987    0.581049
0.144497    0.583185
0.145009    0.585318
0.145523    0.58745
0.14604    0.589579
0.146558    0.591707
0.147079    0.593832
0.147603    0.595955
0.148128    0.598077
0.148657    0.600196
0.149187    0.602313
0.14972    0.604429
0.150255    0.606542
0.150792    0.608653
0.151332    0.610762
0.151874    0.612869
0.152419    0.614974
0.152966    0.617077
0.153515    0.619177
0.154067    0.621276
0.154621    0.623372
0.155178    0.625467
0.155737    0.627559
0.156298    0.629649
0.156862    0.631737
0.157428    0.633823
0.157997    0.635906
0.158568    0.637988
0.159142    0.640067
0.159718    0.642144
0.160296    0.644219
0.160878    0.646292
0.161461    0.648362
0.162047    0.650431
0.162636    0.652497
0.163227    0.654561
0.163821    0.656622
0.164417    0.658682
0.165015    0.660739
0.165617    0.662794
0.16622    0.664846
0.166827    0.666897
0.167435    0.668945
0.168047    0.670991
0.168661    0.673034
0.169277    0.675076
0.169897    0.677115
0.170518    0.679151
0.171143    0.681186
0.171769    0.683218
0.172399    0.685247
0.173031    0.687275
0.173666    0.6893
0.174303    0.691322
0.174943    0.693343
0.175586    0.695361
0.176231    0.697376
0.176879    0.699389
0.17753    0.7014
0.178183    0.703409
0.178839    0.705415
0.179498    0.707418
0.180159    0.709419
0.180823    0.711418
0.18149    0.713415
0.182159    0.715409
0.182831    0.7174
0.183506    0.719389
0.184184    0.721376
0.184864    0.72336
0.185547    0.725341
0.186233    0.72732
0.186921    0.729297
0.187612    0.731271
0.188307    0.733243
0.189003    0.735212
0.189703    0.737179
0.190405    0.739143
0.19111    0.741105
0.191818    0.743064
0.192529    0.74502
0.193242    0.746974
0.193959    0.748926
0.194678    0.750875
0.195399    0.752821
0.196124    0.754765
0.196852    0.756706
0.197582    0.758644
0.198315    0.76058
0.199051    0.762513
0.19979    0.764444
0.200532    0.766372
0.201277    0.768298
0.202024    0.770221
0.202775    0.772141
0.203528    0.774058
0.204284    0.775973
0.205043    0.777885
0.205805    0.779795
0.20657    0.781702
0.207338    0.783606
0.208108    0.785507
0.208882    0.787406
0.209658    0.789302
0.210438    0.791196
0.21122    0.793086
0.212005    0.794974
0.212794    0.796859
0.213585    0.798742
0.214379    0.800622
0.215176    0.802498
0.215976    0.804373
0.216779    0.806244
0.217585    0.808113
0.218394    0.809978
0.219206    0.811841
0.220021    0.813702
0.220839    0.815559
0.22166    0.817413
0.222484    0.819265
0.223311    0.821114
0.224141    0.82296
0.224974    0.824803
0.22581    0.826644
0.226649    0.828481
0.227492    0.830316
0.228337    0.832148
0.229185    0.833977
0.230036    0.835803
0.230891    0.837626
0.231748    0.839446
0.232608    0.841263
0.233472    0.843077
0.234339    0.844889
0.235208    0.846697
0.236081    0.848503
0.236957    0.850305
0.237836    0.852105
0.238718    0.853902
0.239603    0.855695
0.240492    0.857486
0.241383    0.859274
0.242277    0.861058
0.243175    0.86284
0.244076    0.864619
0.24498    0.866394
0.245887    0.868167
0.246797    0.869937
0.24771    0.871703
0.248627    0.873467
0.249547    0.875227
0.250469    0.876985
0.251395    0.878739
0.252324    0.88049
0.253257    0.882238
0.254192    0.883983
0.255131    0.885725
0.256073    0.887464
0.257018    0.8892
0.257966    0.890932
0.258918    0.892662
0.259872    0.894388
0.26083    0.896111
0.261791    0.897831
0.262755    0.899548
0.263723    0.901262
0.264694    0.902972
0.265667    0.90468
0.266645    0.906384
0.267625    0.908085
0.268609    0.909782
0.269596    0.911477
0.270586    0.913168
0.271579    0.914856
0.272576    0.916541
0.273576    0.918222
0.274579    0.9199
0.275585    0.921575
0.276595    0.923247
0.277608    0.924915
0.278624    0.926581
0.279644    0.928242
0.280666    0.929901
0.281693    0.931556
0.282722    0.933208
0.283755    0.934857
0.284791    0.936502
0.28583    0.938144
0.286872    0.939782
0.287918    0.941417
0.288968    0.943049
0.29002    0.944677
0.291076    0.946302
0.292135    0.947924
0.293198    0.949542
0.294263    0.951157
0.295332    0.952768
0.296405    0.954376
0.297481    0.955981
0.29856    0.957582
0.299642    0.95918
0.300728    0.960774
0.301817    0.962364
0.30291    0.963952
0.304006    0.965535
0.305105    0.967116
0.306208    0.968692
0.307314    0.970266
0.308423    0.971835
0.309536    0.973401
0.310652    0.974964
0.311771    0.976523
0.312894    0.978079
0.31402    0.979631
0.31515    0.981179
0.316283    0.982724
0.317419    0.984265
0.318559    0.985803
0.319702    0.987337
0.320849    0.988868
0.321999    0.990395
0.323152    0.991918
0.324309    0.993437
0.325469    0.994953
0.326633    0.996466
0.3278    0.997974
0.32897    0.999479
0.330144    1.00098
0.331321    1.00248
0.332502    1.00397
0.333686    1.00546
0.334874    1.00695
0.336065    1.00843
0.337259    1.00991
0.338457    1.01139
0.339658    1.01286
0.340863    1.01433
0.342071    1.01579
0.343283    1.01725
0.344498    1.01871
0.345716    1.02016
0.346938    1.02161
0.348163    1.02305
0.349392    1.02449
0.350624    1.02593
0.35186    1.02737
0.353099    1.0288
0.354342    1.03022
0.355588    1.03164
0.356837    1.03306
0.35809    1.03448
0.359347    1.03589
0.360606    1.03729
0.36187    1.0387
0.363137    1.0401
0.364407    1.04149
0.365681    1.04288
0.366958    1.04427
0.368239    1.04565
0.369523    1.04703
