-0.47398    -1.21012
-0.471761    -1.2109
-0.469541    -1.21168
-0.467319    -1.21245
-0.465096    -1.21321
-0.462871    -1.21397
-0.460645    -1.21472
-0.458417    -1.21547
-0.456188    -1.21621
-0.453958    -1.21694
-0.451726    -1.21767
-0.449493    -1.21839
-0.447258    -1.2191
-0.445022    -1.21981
-0.442785    -1.22052
-0.440546    -1.22121
-0.438306    -1.22191
-0.436065    -1.22259
-0.433823    -1.22327
-0.431579    -1.22394
-0.429334    -1.22461
-0.427088    -1.22527
-0.42484    -1.22592
-0.422592    -1.22657
-0.420342    -1.22721
-0.418091    -1.22785
-0.415839    -1.22848
-0.413585    -1.2291
-0.411331    -1.22972
-0.409076    -1.23033
-0.406819    -1.23094
-0.404561    -1.23153
-0.402303    -1.23213
-0.400043    -1.23271
-0.397782    -1.23329
-0.395521    -1.23387
-0.393258    -1.23443
-0.390994    -1.235
-0.38873    -1.23555
-0.386464    -1.2361
-0.384198    -1.23664
-0.38193    -1.23718
-0.379662    -1.23771
-0.377393    -1.23824
-0.375123    -1.23875
-0.372852    -1.23927
-0.37058    -1.23977
-0.368308    -1.24027
-0.366034    -1.24076
-0.36376    -1.24125
-0.361485    -1.24173
-0.35921    -1.24221
-0.356933    -1.24267
-0.354656    -1.24314
-0.352379    -1.24359
-0.3501    -1.24404
-0.347821    -1.24449
-0.345541    -1.24492
-0.343261    -1.24535
-0.34098    -1.24578
-0.338698    -1.2462
-0.336416    -1.24661
-0.334134    -1.24701
-0.33185    -1.24741
-0.329566    -1.24781
-0.327282    -1.24819
-0.324997    -1.24857
-0.322712    -1.24895
-0.320426    -1.24932
-0.31814    -1.24968
-0.315853    -1.25003
-0.313566    -1.25038
-0.311278    -1.25073
-0.30899    -1.25106
-0.306702    -1.25139
-0.304413    -1.25172
-0.302124    -1.25204
-0.299835    -1.25235
-0.297545    -1.25265
-0.295256    -1.25295
-0.292965    -1.25325
-0.290675    -1.25353
-0.288384    -1.25381
-0.286093    -1.25409
-0.283802    -1.25435
-0.281511    -1.25462
-0.279219    -1.25487
-0.276927    -1.25512
-0.274636    -1.25536
-0.272344    -1.2556
-0.270052    -1.25583
-0.267759    -1.25605
-0.265467    -1.25627
-0.263175    -1.25648
-0.260882    -1.25669
-0.25859    -1.25688
-0.256298    -1.25708
-0.254005    -1.25726
-0.251713    -1.25744
-0.24942    -1.25761
-0.247128    -1.25778
-0.244836    -1.25794
-0.242544    -1.2581
-0.240251    -1.25825
-0.237959    -1.25839
-0.235668    -1.25852
-0.233376    -1.25865
-0.231084    -1.25878
-0.228793    -1.25889
-0.226502    -1.259
-0.224211    -1.25911
-0.22192    -1.2592
-0.219629    -1.2593
-0.217339    -1.25938
-0.215049    -1.25946
-0.212759    -1.25953
-0.21047    -1.2596
-0.208181    -1.25966
-0.205892    -1.25971
-0.203604    -1.25976
-0.201316    -1.2598
-0.199028    -1.25984
-0.196741    -1.25987
-0.194454    -1.25989
-0.192168    -1.25991
-0.189882    -1.25992
-0.187596    -1.25992
-0.185311    -1.25992
-0.183027    -1.25991
-0.180743    -1.2599
-0.178459    -1.25987
-0.176176    -1.25985
-0.173894    -1.25981
-0.171612    -1.25977
-0.169331    -1.25973
-0.16705    -1.25967
-0.16477    -1.25962
-0.162491    -1.25955
-0.160212    -1.25948
-0.157934    -1.2594
-0.155657    -1.25932
-0.15338    -1.25923
-0.151104    -1.25913
-0.148829    -1.25903
-0.146555    -1.25892
-0.144281    -1.25881
-0.142008    -1.25869
-0.139736    -1.25856
-0.137465    -1.25843
-0.135194    -1.25829
-0.132925    -1.25814
-0.130656    -1.25799
-0.128388    -1.25783
-0.126121    -1.25767
-0.123855    -1.2575
-0.121589    -1.25732
-0.119325    -1.25714
-0.117062    -1.25695
-0.114799    -1.25675
-0.112538    -1.25655
-0.110278    -1.25634
-0.108018    -1.25613
-0.10576    -1.25591
-0.103502    -1.25568
-0.101246    -1.25545
-0.0989909    -1.25521
-0.0967367    -1.25497
-0.0944837    -1.25472
-0.0922317    -1.25446
-0.0899809    -1.2542
-0.0877312    -1.25393
-0.0854827    -1.25365
-0.0832353    -1.25337
-0.0809891    -1.25309
-0.0787442    -1.25279
-0.0765004    -1.25249
-0.0742579    -1.25219
-0.0720166    -1.25187
-0.0697766    -1.25156
-0.0675378    -1.25123
-0.0653004    -1.2509
-0.0630642    -1.25057
-0.0608294    -1.25022
-0.0585959    -1.24988
-0.0563637    -1.24952
-0.0541329    -1.24916
-0.0519035    -1.24879
-0.0496755    -1.24842
-0.0474489    -1.24804
-0.0452237    -1.24766
-0.0429999    -1.24727
-0.0407776    -1.24687
-0.0385567    -1.24647
-0.0363373    -1.24606
-0.0341194    -1.24564
-0.031903    -1.24522
-0.0296882    -1.2448
-0.0274748    -1.24436
-0.025263    -1.24392
-0.0230528    -1.24348
-0.0208441    -1.24303
-0.0186371    -1.24257
-0.0164316    -1.24211
-0.0142278    -1.24164
-0.0120256    -1.24116
-0.00982498    -1.24068
-0.00762606    -1.2402
-0.00542882    -1.2397
-0.00323326    -1.23921
-0.0010394    -1.2387
0.00115274    -1.23819
0.00334316    -1.23767
0.00553184    -1.23715
0.00771877    -1.23662
0.00990393    -1.23609
0.0120873    -1.23555
0.0142689    -1.235
0.0164487    -1.23445
0.0186266    -1.23389
0.0208028    -1.23333
0.022977    -1.23276
0.0251494    -1.23219
0.02732    -1.2316
0.0294886    -1.23102
0.0316554    -1.23042
0.0338203    -1.22983
0.0359832    -1.22922
0.0381442    -1.22861
0.0403032    -1.22799
0.0424602    -1.22737
0.0446153    -1.22674
0.0467684    -1.22611
0.0489195    -1.22547
0.0510686    -1.22483
0.0532156    -1.22418
0.0553607    -1.22352
0.0575036    -1.22286
0.0596445    -1.22219
0.0617833    -1.22151
0.06392    -1.22083
0.0660546    -1.22015
0.0681871    -1.21946
0.0703175    -1.21876
0.0724457    -1.21806
0.0745718    -1.21735
0.0766957    -1.21663
0.0788174    -1.21591
0.080937    -1.21519
0.0830543    -1.21446
0.0851695    -1.21372
0.0872824    -1.21298
0.089393    -1.21223
0.0915014    -1.21148
0.0936076    -1.21072
0.0957114    -1.20995
0.097813    -1.20918
0.0999123    -1.2084
0.102009    -1.20762
0.104104    -1.20683
0.106196    -1.20604
0.108286    -1.20524
0.110374    -1.20444
0.112459    -1.20363
0.114542    -1.20281
0.116623    -1.20199
0.118701    -1.20116
0.120776    -1.20033
0.12285    -1.19949
0.12492    -1.19865
0.126989    -1.1978
0.129055    -1.19695
0.131118    -1.19609
0.133179    -1.19522
0.135238    -1.19435
0.137294    -1.19348
0.139347    -1.19259
0.141398    -1.19171
0.143446    -1.19081
0.145492    -1.18992
0.147535    -1.18901
0.149576    -1.1881
0.151614    -1.18719
0.15365    -1.18627
0.155683    -1.18534
0.157713    -1.18441
0.159741    -1.18348
0.161766    -1.18254
0.163789    -1.18159
0.165808    -1.18064
0.167826    -1.17968
0.16984    -1.17872
0.171852    -1.17775
0.173861    -1.17678
0.175867    -1.1758
0.177871    -1.17481
0.179872    -1.17382
0.18187    -1.17283
0.183866    -1.17183
0.185859    -1.17082
0.187849    -1.16981
0.189836    -1.1688
0.19182    -1.16778
0.193802    -1.16675
0.195781    -1.16572
0.197757    -1.16468
0.19973    -1.16364
0.2017    -1.16259
0.203668    -1.16154
0.205633    -1.16048
0.207595    -1.15942
0.209554    -1.15835
0.21151    -1.15728
0.213463    -1.1562
0.215413    -1.15512
0.217361    -1.15403
0.219305    -1.15293
0.221247    -1.15184
0.223185    -1.15073
0.225121    -1.14962
0.227054    -1.14851
0.228984    -1.14739
0.230911    -1.14626
0.232835    -1.14514
0.234755    -1.144
0.236673    -1.14286
0.238588    -1.14172
0.2405    -1.14057
0.242409    -1.13941
0.244315    -1.13825
0.246218    -1.13709
0.248118    -1.13592
0.250014    -1.13475
0.251908    -1.13357
0.253799    -1.13238
0.255686    -1.13119
0.257571    -1.13
0.259452    -1.1288
0.26133    -1.1276
0.263206    -1.12639
0.265078    -1.12517
0.266947    -1.12395
0.268812    -1.12273
0.270675    -1.1215
0.272535    -1.12027
0.274391    -1.11903
0.276244    -1.11779
0.278094    -1.11654
0.279941    -1.11529
0.281785    -1.11403
0.283625    -1.11277
0.285463    -1.1115
0.287297    -1.11023
0.289128    -1.10895
0.290955    -1.10767
0.29278    -1.10638
0.294601    -1.10509
0.296419    -1.1038
0.298234    -1.1025
0.300045    -1.10119
0.301853    -1.09988
0.303658    -1.09857
0.30546    -1.09725
0.307259    -1.09592
0.309054    -1.0946
0.310845    -1.09326
0.312634    -1.09192
0.314419    -1.09058
0.316201    -1.08924
0.31798    -1.08788
0.319755    -1.08653
0.321527    -1.08517
0.323295    -1.0838
0.325061    -1.08243
0.326823    -1.08106
0.328581    -1.07968
0.330336    -1.07829
0.332088    -1.07691
0.333836    -1.07551
0.335582    -1.07411
0.337323    -1.07271
0.339061    -1.07131
0.340796    -1.0699
0.342528    -1.06848
0.344256    -1.06706
0.34598    -1.06564
0.347702    -1.06421
0.349419    -1.06278
0.351134    -1.06134
0.352845    -1.0599
0.354552    -1.05845
0.356256    -1.057
0.357957    -1.05554
0.359654    -1.05408
0.361347    -1.05262
0.363038    -1.05115
0.364724    -1.04968
0.366408    -1.0482
0.368087    -1.04672
0.369763    -1.04524
0.371436    -1.04375
0.373105    -1.04225
0.374771    -1.04075
0.376433    -1.03925
0.378092    -1.03774
0.379747    -1.03623
0.381399    -1.03472
0.383047    -1.0332
0.384692    -1.03167
0.386333    -1.03015
0.38797    -1.02861
0.389604    -1.02708
0.391235    -1.02554
0.392862    -1.02399
0.394485    -1.02244
0.396105    -1.02089
0.397721    -1.01933
0.399334    -1.01777
0.400943    -1.0162
0.402548    -1.01464
0.40415    -1.01306
0.405748    -1.01148
0.407343    -1.0099
0.408934    -1.00832
0.410522    -1.00673
0.412105    -1.00513
0.413686    -1.00353
0.415262    -1.00193
0.416836    -1.00033
0.418405    -0.998715
0.419971    -0.997101
0.421533    -0.995483
0.423092    -0.993861
0.424647    -0.992234
0.426198    -0.990604
0.427746    -0.98897
0.42929    -0.987332
0.43083    -0.985691
0.432367    -0.984045
0.4339    -0.982395
0.435429    -0.980741
0.436955    -0.979084
0.438477    -0.977423
0.439996    -0.975758
0.44151    -0.974088
0.443022    -0.972416
0.444529    -0.970739
0.446033    -0.969058
0.447533    -0.967374
0.449029    -0.965686
0.450522    -0.963994
0.452011    -0.962298
0.453497    -0.960599
0.454978    -0.958895
0.456456    -0.957188
0.457931    -0.955478
0.459401    -0.953763
0.460868    -0.952045
0.462331    -0.950323
0.463791    -0.948597
0.465247    -0.946868
0.466699    -0.945135
0.468147    -0.943398
0.469592    -0.941658
0.471033    -0.939914
0.47247    -0.938167
0.473903    -0.936415
0.475333    -0.934661
0.476759    -0.932902
0.478182    -0.93114
0.4796    -0.929374
0.481015    -0.927605
0.482426    -0.925832
0.483834    -0.924056
0.485237    -0.922276
0.486637    -0.920493
0.488034    -0.918706
0.489426    -0.916915
0.490815    -0.915122
0.4922    -0.913324
0.493581    -0.911523
0.494959    -0.909719
0.496333    -0.907911
0.497703    -0.9061
0.499069    -0.904285
0.500432    -0.902467
0.50179    -0.900645
0.503145    -0.89882
0.504497    -0.896991
0.505844    -0.89516
0.507188    -0.893324
0.508528    -0.891486
0.509865    -0.889644
0.511197    -0.887799
0.512526    -0.88595
0.513851    -0.884098
0.515172    -0.882243
0.51649    -0.880384
0.517804    -0.878522
0.519114    -0.876657
0.52042    -0.874788
0.521722    -0.872917
0.523021    -0.871041
0.524316    -0.869163
0.525607    -0.867282
0.526895    -0.865397
0.528178    -0.863509
0.529458    -0.861618
0.530735    -0.859723
0.532007    -0.857826
0.533276    -0.855925
0.534541    -0.854021
0.535802    -0.852114
0.537059    -0.850204
0.538313    -0.84829
0.539562    -0.846374
0.540809    -0.844454
0.542051    -0.842531
0.543289    -0.840605
0.544524    -0.838676
0.545755    -0.836744
0.546983    -0.834809
0.548206    -0.832871
0.549426    -0.83093
0.550642    -0.828986
0.551854    -0.827038
0.553063    -0.825088
0.554267    -0.823134
0.555468    -0.821178
0.556665    -0.819219
0.557859    -0.817256
0.559049    -0.815291
0.560235    -0.813323
0.561417    -0.811352
0.562595    -0.809377
0.56377    -0.8074
0.564941    -0.80542
0.566108    -0.803437
0.567271    -0.801452
0.568431    -0.799463
0.569587    -0.797471
0.570739    -0.795477
0.571888    -0.793479
0.573032    -0.791479
0.574173    -0.789476
0.57531    -0.78747
0.576444    -0.785461
0.577574    -0.78345
0.5787    -0.781435
0.579822    -0.779418
0.58094    -0.777398
0.582055    -0.775375
0.583166    -0.77335
0.584273    -0.771322
0.585377    -0.769291
0.586477    -0.767257
0.587573    -0.76522
0.588665    -0.763181
0.589754    -0.761139
0.590839    -0.759095
0.59192    -0.757047
0.592998    -0.754997
0.594071    -0.752945
0.595141    -0.750889
0.596208    -0.748831
0.59727    -0.746771
0.598329    -0.744708
0.599385    -0.742642
0.600436    -0.740573
0.601484    -0.738502
0.602528    -0.736428
0.603568    -0.734352
0.604605    -0.732273
0.605638    -0.730192
0.606667    -0.728108
0.607693    -0.726021
0.608715    -0.723932
0.609733    -0.721841
0.610748    -0.719746
0.611759    -0.71765
0.612766    -0.715551
0.613769    -0.713449
0.614769    -0.711345
0.615765    -0.709238
0.616758    -0.707129
0.617746    -0.705018
0.618732    -0.702904
0.619713    -0.700787
0.620691    -0.698669
0.621665    -0.696547
0.622636    -0.694424
0.623602    -0.692298
0.624566    -0.690169
0.625525    -0.688039
0.626481    -0.685905
0.627433    -0.68377
0.628382    -0.681632
0.629327    -0.679492
0.630268    -0.677349
0.631206    -0.675204
0.63214    -0.673057
0.633071    -0.670908
0.633997    -0.668756
0.634921    -0.666602
0.63584    -0.664445
0.636756    -0.662287
0.637669    -0.660126
0.638577    -0.657963
0.639482    -0.655797
0.640384    -0.65363
0.641282    -0.65146
0.642176    -0.649288
0.643067    -0.647114
0.643954    -0.644937
0.644838    -0.642758
0.645718    -0.640578
0.646594    -0.638395
0.647467    -0.63621
0.648337    -0.634022
0.649202    -0.631833
0.650064    -0.629641
0.650923    -0.627448
0.651778    -0.625252
0.65263    -0.623054
0.653478    -0.620854
0.654322    -0.618652
0.655163    -0.616448
0.656    -0.614242
0.656834    -0.612033
0.657664    -0.609823
0.658491    -0.607611
0.659314    -0.605396
0.660134    -0.60318
0.66095    -0.600961
0.661763    -0.598741
0.662572    -0.596519
0.663377    -0.594294
0.66418    -0.592068
0.664978    -0.589839
0.665773    -0.587609
0.666565    -0.585377
0.667353    -0.583143
0.668138    -0.580907
0.668919    -0.578668
0.669697    -0.576428
0.670471    -0.574187
0.671242    -0.571943
0.672009    -0.569697
0.672773    -0.56745
0.673534    -0.5652
0.674291    -0.562949
0.675044    -0.560696
0.675795    -0.558441
0.676541    -0.556184
0.677285    -0.553925
0.678024    -0.551665
0.678761    -0.549403
0.679494    -0.547139
0.680223    -0.544873
0.68095    -0.542605
0.681672    -0.540336
0.682392    -0.538064
0.683108    -0.535792
0.68382    -0.533517
0.68453    -0.53124
0.685236    -0.528962
0.685938    -0.526682
0.686637    -0.524401
0.687333    -0.522118
0.688025    -0.519833
0.688714    -0.517546
0.6894    -0.515258
0.690082    -0.512968
0.690761    -0.510676
0.691437    -0.508383
0.692109    -0.506088
0.692778    -0.503791
0.693444    -0.501493
0.694106    -0.499193
0.694765    -0.496891
0.695421    -0.494588
0.696074    -0.492284
0.696723    -0.489978
0.697369    -0.48767
0.698011    -0.48536
0.698651    -0.483049
0.699287    -0.480737
0.699919    -0.478423
0.700549    -0.476107
0.701175    -0.47379
0.701798    -0.471472
0.702418    -0.469152
0.703034    -0.46683
0.703648    -0.464507
0.704258    -0.462182
0.704864    -0.459856
0.705468    -0.457529
0.706068    -0.4552
0.706665    -0.45287
0.707259    -0.450538
0.70785    -0.448204
0.708438    -0.44587
0.709022    -0.443534
0.709603    -0.441196
0.710181    -0.438857
0.710756    -0.436517
0.711328    -0.434175
0.711896    -0.431832
0.712462    -0.429488
0.713024    -0.427142
0.713583    -0.424795
0.714139    -0.422447
0.714691    -0.420097
0.715241    -0.417746
0.715788    -0.415393
0.716331    -0.41304
0.716871    -0.410685
0.717409    -0.408328
0.717943    -0.405971
0.718474    -0.403612
0.719002    -0.401252
0.719527    -0.398891
0.720048    -0.396528
0.720567    -0.394164
0.721083    -0.391799
0.721595    -0.389433
0.722105    -0.387065
0.722611    -0.384697
0.723115    -0.382327
0.723615    -0.379956
0.724113    -0.377584
0.724607    -0.37521
0.725099    -0.372836
0.725587    -0.37046
0.726072    -0.368083
0.726555    -0.365705
0.727034    -0.363326
0.72751    -0.360945
0.727984    -0.358564
0.728454    -0.356182
0.728922    -0.353798
0.729386    -0.351413
0.729848    -0.349028
0.730307    -0.346641
0.730762    -0.344253
0.731215    -0.341864
0.731665    -0.339474
0.732112    -0.337083
0.732556    -0.334691
0.732997    -0.332298
0.733436    -0.329904
0.733871    -0.327508
0.734303    -0.325112
0.734733    -0.322715
0.73516    -0.320317
0.735584    -0.317918
0.736005    -0.315518
0.736423    -0.313117
0.736838    -0.310715
0.73725    -0.308312
0.73766    -0.305908
0.738067    -0.303504
0.738471    -0.301098
0.738872    -0.298691
0.73927    -0.296284
0.739666    -0.293875
0.740059    -0.291466
0.740449    -0.289056
0.740836    -0.286645
0.741221    -0.284233
0.741602    -0.28182
0.741981    -0.279407
0.742357    -0.276992
0.742731    -0.274577
0.743102    -0.272161
0.74347    -0.269744
0.743835    -0.267327
0.744197    -0.264908
0.744557    -0.262489
0.744914    -0.260069
0.745269    -0.257648
0.745621    -0.255226
0.74597    -0.252804
0.746316    -0.250381
0.74666    -0.247957
0.747001    -0.245532
0.747339    -0.243107
0.747675    -0.240681
0.748008    -0.238254
0.748339    -0.235827
0.748667    -0.233398
0.748992    -0.23097
0.749315    -0.22854
0.749635    -0.22611
0.749952    -0.223679
0.750267    -0.221247
0.75058    -0.218815
0.75089    -0.216382
0.751197    -0.213949
0.751501    -0.211515
0.751804    -0.20908
0.752103    -0.206645
0.7524    -0.204209
0.752695    -0.201772
0.752987    -0.199335
0.753276    -0.196898
0.753563    -0.194459
0.753848    -0.192021
0.75413    -0.189581
0.754409    -0.187141
0.754686    -0.184701
0.754961    -0.18226
0.755233    -0.179818
0.755503    -0.177376
0.75577    -0.174934
0.756035    -0.172491
0.756297    -0.170047
0.756557    -0.167603
0.756815    -0.165159
0.75707    -0.162714
0.757323    -0.160268
0.757573    -0.157822
0.757821    -0.155376
0.758067    -0.152929
0.75831    -0.150482
0.758551    -0.148034
0.758789    -0.145586
0.759026    -0.143138
0.75926    -0.140689
0.759491    -0.13824
0.75972    -0.13579
0.759947    -0.13334
0.760172    -0.13089
0.760394    -0.128439
0.760614    -0.125988
0.760832    -0.123536
0.761048    -0.121084
0.761261    -0.118632
0.761472    -0.11618
0.761681    -0.113727
0.761887    -0.111274
0.762092    -0.10882
0.762294    -0.106367
0.762493    -0.103913
0.762691    -0.101458
0.762887    -0.0990038
0.76308    -0.0965489
0.763271    -0.0940939
0.76346    -0.0916385
0.763647    -0.0891829
0.763831    -0.0867271
0.764014    -0.084271
0.764194    -0.0818148
0.764372    -0.0793583
0.764548    -0.0769016
0.764722    -0.0744447
0.764894    -0.0719876
0.765064    -0.0695303
0.765232    -0.0670729
0.765397    -0.0646152
0.765561    -0.0621575
0.765722    -0.0596995
0.765882    -0.0572414
0.766039    -0.0547832
0.766194    -0.0523248
0.766348    -0.0498664
0.766499    -0.0474077
0.766648    -0.044949
0.766796    -0.0424902
0.766941    -0.0400313
0.767084    -0.0375723
0.767225    -0.0351132
0.767365    -0.032654
0.767502    -0.0301948
0.767638    -0.0277355
0.767771    -0.0252762
0.767903    -0.0228168
0.768032    -0.0203574
0.76816    -0.0178979
0.768286    -0.0154384
0.76841    -0.012979
0.768532    -0.0105194
0.768652    -0.00805994
0.76877    -0.00560045
0.768886    -0.00314096
0.769001    -0.000681494
0.769114    0.00177794
0.769224    0.00423735
0.769333    0.00669671
0.769441    0.00915602
0.769546    0.0116153
0.769649    0.0140745
0.769751    0.0165336
0.769851    0.0189926
0.769949    0.0214516
0.770046    0.0239105
0.77014    0.0263692
0.770233    0.0288279
0.770325    0.0312865
0.770414    0.0337449
0.770502    0.0362032
0.770588    0.0386614
0.770672    0.0411194
0.770755    0.0435773
0.770835    0.046035
0.770915    0.0484926
0.770992    0.0509499
0.771068    0.0534072
0.771142    0.0558642
0.771215    0.058321
0.771286    0.0607777
0.771355    0.0632341
0.771423    0.0656903
0.771489    0.0681463
0.771553    0.0706021
0.771616    0.0730576
0.771678    0.075513
0.771737    0.077968
0.771796    0.0804228
0.771852    0.0828774
0.771907    0.0853316
0.771961    0.0877856
0.772013    0.0902393
0.772063    0.0926928
0.772112    0.0951459
0.77216    0.0975987
0.772206    0.100051
0.77225    0.102503
0.772294    0.104955
0.772335    0.107407
0.772375    0.109858
0.772414    0.112309
0.772451    0.11476
0.772487    0.11721
0.772522    0.119659
0.772555    0.122109
0.772586    0.124558
0.772616    0.127007
0.772645    0.129455
0.772673    0.131903
0.772699    0.13435
0.772724    0.136797
0.772747    0.139244
0.772769    0.14169
0.77279    0.144136
0.772809    0.146581
0.772828    0.149026
0.772845    0.151471
0.77286    0.153915
0.772874    0.156358
0.772887    0.158801
0.772899    0.161244
0.77291    0.163686
0.772919    0.166127
0.772927    0.168569
0.772934    0.171009
0.77294    0.173449
0.772944    0.175889
0.772947    0.178328
0.772949    0.180766
0.77295    0.183204
0.77295    0.185642
0.772949    0.188079
0.772946    0.190515
0.772942    0.192951
0.772938    0.195386
0.772932    0.19782
0.772925    0.200254
0.772917    0.202688
0.772907    0.205121
0.772897    0.207553
0.772886    0.209985
0.772873    0.212415
0.77286    0.214846
0.772845    0.217276
0.77283    0.219705
0.772813    0.222133
0.772796    0.224561
0.772777    0.226988
0.772758    0.229415
0.772737    0.23184
0.772716    0.234266
0.772693    0.23669
0.77267    0.239114
0.772646    0.241537
0.77262    0.243959
0.772594    0.246381
0.772567    0.248802
0.772539    0.251222
0.77251    0.253642
0.772481    0.256061
0.77245    0.258479
0.772418    0.260896
0.772386    0.263313
0.772353    0.265728
0.772319    0.268143
0.772284    0.270558
0.772248    0.272971
0.772212    0.275384
0.772175    0.277796
0.772137    0.280207
0.772098    0.282617
0.772058    0.285027
0.772018    0.287435
0.771977    0.289843
0.771935    0.29225
0.771892    0.294657
0.771849    0.297062
0.771805    0.299467
0.771761    0.30187
0.771715    0.304273
0.771669    0.306675
0.771623    0.309076
0.771575    0.311477
0.771527    0.313876
0.771479    0.316274
0.77143    0.318672
0.77138    0.321069
0.771329    0.323465
0.771278    0.325859
0.771227    0.328253
0.771174    0.330646
0.771122    0.333039
0.771068    0.33543
0.771014    0.33782
0.77096    0.340209
0.770905    0.342598
0.77085    0.344985
0.770794    0.347371
0.770737    0.349757
0.77068    0.352141
0.770623    0.354525
0.770565    0.356907
0.770507    0.359289
0.770448    0.361669
0.770389    0.364049
0.770329    0.366428
0.770269    0.368805
0.770208    0.371181
0.770148    0.373557
0.770086    0.375931
0.770025    0.378305
0.769963    0.380677
0.7699    0.383048
0.769838    0.385419
0.769775    0.387788
0.769711    0.390156
0.769648    0.392523
0.769584    0.394889
0.769519    0.397254
0.769455    0.399617
0.76939    0.40198
0.769325    0.404342
0.76926    0.406702
0.769194    0.409061
0.769128    0.41142
0.769062    0.413777
0.768996    0.416133
0.768929    0.418488
0.768863    0.420841
0.768796    0.423194
0.768729    0.425545
0.768662    0.427895
0.768594    0.430245
0.768527    0.432592
0.768459    0.434939
0.768392    0.437285
0.768324    0.439629
0.768256    0.441972
0.768188    0.444314
0.76812    0.446655
0.768052    0.448995
0.767983    0.451333
0.767915    0.45367
0.767847    0.456006
0.767778    0.458341
0.76771    0.460674
0.767641    0.463006
0.767573    0.465337
0.767505    0.467667
0.767436    0.469996
0.767368    0.472323
0.7673    0.474649
0.767231    0.476973
0.767163    0.479297
0.767095    0.481619
0.767027    0.48394
0.766959    0.486259
0.766891    0.488577
0.766823    0.490894
0.766756    0.49321
0.766688    0.495524
0.766621    0.497837
0.766554    0.500149
0.766487    0.502459
0.76642    0.504768
0.766353    0.507076
0.766286    0.509382
0.76622    0.511687
0.766154    0.513991
0.766088    0.516293
0.766023    0.518594
0.765957    0.520893
0.765892    0.523191
0.765827    0.525488
0.765763    0.527784
0.765698    0.530077
0.765634    0.53237
0.765571    0.534661
0.765507    0.536951
0.765444    0.539239
0.765381    0.541526
0.765319    0.543812
0.765257    0.546096
0.765195    0.548379
0.765134    0.55066
0.765073    0.55294
0.765012    0.555218
0.764952    0.557495
0.764893    0.55977
0.764833    0.562044
0.764775    0.564317
0.764716    0.566588
0.764658    0.568857
0.764601    0.571125
0.764544    0.573392
0.764487    0.575657
0.764431    0.57792
0.764376    0.580182
0.764321    0.582443
0.764266    0.584702
0.764212    0.58696
0.764159    0.589216
0.764106    0.59147
0.764054    0.593723
0.764002    0.595975
0.763951    0.598224
0.763901    0.600473
0.763851    0.60272
0.763802    0.604965
0.763753    0.607209
0.763705    0.609451
0.763658    0.611691
0.763611    0.61393
0.763565    0.616168
0.76352    0.618403
0.763476    0.620638
0.763432    0.62287
0.763388    0.625101
0.763346    0.627331
0.763304    0.629559
0.763263    0.631785
0.763223    0.634009
0.763184    0.636232
0.763145    0.638454
0.763107    0.640673
0.76307    0.642892
0.763034    0.645108
0.762998    0.647323
0.762963    0.649536
0.76293    0.651747
0.762897    0.653957
0.762864    0.656165
0.762833    0.658372
0.762803    0.660577
0.762773    0.66278
0.762745    0.664981
0.762717    0.667181
0.76269    0.669379
0.762664    0.671576
0.762639    0.67377
0.762615    0.675963
0.762592    0.678155
0.76257    0.680344
0.762549    0.682532
0.762529    0.684718
0.76251    0.686903
0.762492    0.689085
0.762474    0.691266
0.762458    0.693445
0.762443    0.695623
0.762429    0.697799
0.762416    0.699973
0.762405    0.702145
0.762394    0.704315
0.762384    0.706484
0.762375    0.708651
0.762368    0.710816
0.762362    0.712979
0.762356    0.715141
0.762352    0.7173
0.762349    0.719458
0.762347    0.721615
0.762347    0.723769
0.762347    0.725921
0.762349    0.728072
0.762352    0.730221
0.762356    0.732368
0.762361    0.734513
0.762368    0.736657
0.762376    0.738798
0.762385    0.740938
0.762395    0.743076
0.762407    0.745212
0.76242    0.747346
0.762434    0.749479
0.762449    0.751609
0.762466    0.753738
0.762484    0.755865
0.762503    0.75799
0.762524    0.760113
0.762546    0.762234
0.76257    0.764353
0.762594    0.76647
0.762621    0.768586
0.762648    0.770699
0.762677    0.772811
0.762708    0.774921
0.762739    0.777028
0.762773    0.779134
0.762807    0.781238
0.762843    0.78334
0.762881    0.785441
0.76292    0.787539
0.76296    0.789635
0.763002    0.791729
0.763046    0.793822
0.763091    0.795912
0.763137    0.798
0.763186    0.800087
0.763235    0.802171
0.763286    0.804254
0.763339    0.806335
0.763393    0.808413
0.763449    0.81049
0.763506    0.812564
0.763566    0.814637
0.763626    0.816708
0.763688    0.818776
0.763752    0.820843
0.763818    0.822907
0.763885    0.82497
0.763954    0.827031
0.764024    0.829089
0.764096    0.831146
0.76417    0.8332
0.764246    0.835253
0.764323    0.837303
0.764402    0.839351
0.764483    0.841398
0.764565    0.843442
0.764649    0.845484
0.764735    0.847524
0.764823    0.849562
0.764912    0.851598
0.765003    0.853632
0.765096    0.855664
0.765191    0.857694
0.765288    0.859722
0.765386    0.861747
0.765487    0.863771
0.765589    0.865792
0.765693    0.867812
0.765799    0.869829
0.765906    0.871844
0.766016    0.873857
0.766127    0.875868
0.766241    0.877876
0.766356    0.879883
0.766473    0.881887
0.766592    0.88389
0.766714    0.88589
0.766837    0.887888
0.766962    0.889884
0.767089    0.891877
0.767217    0.893869
0.767348    0.895858
0.767481    0.897845
0.767616    0.89983
0.767753    0.901813
0.767892    0.903794
0.768033    0.905772
0.768176    0.907749
0.768321    0.909723
0.768469    0.911694
0.768618    0.913664
0.768769    0.915632
0.768923    0.917597
0.769078    0.91956
0.769236    0.921521
0.769396    0.923479
0.769557    0.925435
0.769722    0.92739
0.769888    0.929341
0.770056    0.931291
0.770227    0.933238
0.770399    0.935183
0.770574    0.937126
0.770751    0.939067
0.770931    0.941005
0.771112    0.942941
0.771296    0.944875
0.771482    0.946806
0.77167    0.948735
0.771861    0.950662
0.772053    0.952587
0.772248    0.954509
0.772446    0.956429
0.772645    0.958347
0.772847    0.960262
0.773051    0.962175
0.773258    0.964086
0.773467    0.965994
0.773678    0.9679
0.773892    0.969804
0.774108    0.971705
0.774326    0.973604
0.774547    0.975501
0.77477    0.977395
0.774995    0.979287
0.775223    0.981177
0.775453    0.983064
0.775686    0.984949
0.775921    0.986831
0.776159    0.988711
0.776399    0.990589
0.776641    0.992464
0.776886    0.994337
0.777134    0.996208
0.777384    0.998076
0.777636    0.999941
0.777891    1.0018
0.778149    1.00367
0.778409    1.00552
0.778671    1.00738
0.778936    1.00923
0.779204    1.01108
0.779474    1.01293
0.779747    1.01478
0.780023    1.01662
0.780301    1.01846
0.780581    1.0203
0.780864    1.02214
0.78115    1.02397
0.781439    1.0258
0.78173    1.02763
0.782023    1.02946
0.78232    1.03128
0.782619    1.0331
0.782921    1.03492
0.783225    1.03674
0.783532    1.03855
0.783842    1.04037
0.784154    1.04217
0.78447    1.04398
0.784788    1.04578
