-1.13939    0.643234
-1.13982    0.640814
-1.14025    0.638393
-1.14068    0.635971
-1.14111    0.633547
-1.14154    0.631121
-1.14197    0.628695
-1.14239    0.626267
-1.14282    0.623837
-1.14325    0.621407
-1.14367    0.618975
-1.14409    0.616541
-1.14452    0.614106
-1.14494    0.61167
-1.14536    0.609233
-1.14578    0.606794
-1.1462    0.604354
-1.14662    0.601912
-1.14704    0.599469
-1.14746    0.597025
-1.14787    0.59458
-1.14829    0.592133
-1.1487    0.589685
-1.14912    0.587235
-1.14953    0.584785
-1.14994    0.582333
-1.15035    0.57988
-1.15076    0.577425
-1.15117    0.574969
-1.15158    0.572512
-1.15198    0.570054
-1.15239    0.567594
-1.15279    0.565133
-1.1532    0.562671
-1.1536    0.560207
-1.154    0.557743
-1.1544    0.555277
-1.1548    0.552809
-1.1552    0.550341
-1.1556    0.547871
-1.15599    0.5454
-1.15639    0.542928
-1.15678    0.540455
-1.15718    0.53798
-1.15757    0.535504
-1.15796    0.533027
-1.15835    0.530549
-1.15873    0.528069
-1.15912    0.525589
-1.15951    0.523107
-1.15989    0.520624
-1.16027    0.51814
-1.16066    0.515654
-1.16104    0.513168
-1.16142    0.51068
-1.16179    0.508191
-1.16217    0.505701
-1.16255    0.503209
-1.16292    0.500717
-1.16329    0.498223
-1.16367    0.495729
-1.16404    0.493233
-1.1644    0.490736
-1.16477    0.488238
-1.16514    0.485738
-1.1655    0.483238
-1.16587    0.480737
-1.16623    0.478234
-1.16659    0.47573
-1.16695    0.473225
-1.16731    0.470719
-1.16766    0.468212
-1.16802    0.465704
-1.16837    0.463195
-1.16872    0.460685
-1.16907    0.458173
-1.16942    0.455661
-1.16977    0.453147
-1.17012    0.450633
-1.17046    0.448117
-1.17081    0.445601
-1.17115    0.443083
-1.17149    0.440564
-1.17183    0.438044
-1.17216    0.435523
-1.1725    0.433002
-1.17283    0.430479
-1.17316    0.427955
-1.17349    0.42543
-1.17382    0.422904
-1.17415    0.420377
-1.17448    0.417849
-1.1748    0.41532
-1.17512    0.41279
-1.17544    0.410259
-1.17576    0.407727
-1.17608    0.405194
-1.1764    0.402661
-1.17671    0.400126
-1.17702    0.39759
-1.17733    0.395053
-1.17764    0.392516
-1.17795    0.389977
-1.17825    0.387438
-1.17856    0.384897
-1.17886    0.382356
-1.17916    0.379813
-1.17946    0.37727
-1.17975    0.374726
-1.18005    0.372181
-1.18034    0.369635
-1.18063    0.367088
-1.18092    0.364541
-1.18121    0.361992
-1.18149    0.359442
-1.18178    0.356892
-1.18206    0.354341
-1.18234    0.351789
-1.18262    0.349236
-1.18289    0.346682
-1.18317    0.344127
-1.18344    0.341572
-1.18371    0.339015
-1.18398    0.336458
-1.18424    0.3339
-1.18451    0.331341
-1.18477    0.328782
-1.18503    0.326221
-1.18529    0.32366
-1.18554    0.321098
-1.1858    0.318535
-1.18605    0.315972
-1.1863    0.313407
-1.18655    0.310842
-1.18679    0.308276
-1.18704    0.305709
-1.18728    0.303142
-1.18752    0.300574
-1.18776    0.298005
-1.18799    0.295435
-1.18823    0.292864
-1.18846    0.290293
-1.18869    0.287721
-1.18891    0.285149
-1.18914    0.282575
-1.18936    0.280001
-1.18958    0.277427
-1.1898    0.274851
-1.19002    0.272275
-1.19023    0.269698
-1.19044    0.267121
-1.19065    0.264542
-1.19086    0.261964
-1.19106    0.259384
-1.19127    0.256804
-1.19147    0.254223
-1.19167    0.251642
-1.19186    0.24906
-1.19206    0.246477
-1.19225    0.243894
-1.19244    0.24131
-1.19262    0.238725
-1.19281    0.23614
-1.19299    0.233554
-1.19317    0.230968
-1.19335    0.228381
-1.19352    0.225793
-1.19369    0.223205
-1.19386    0.220617
-1.19403    0.218027
-1.1942    0.215438
-1.19436    0.212847
-1.19452    0.210256
-1.19468    0.207665
-1.19484    0.205073
-1.19499    0.202481
-1.19514    0.199888
-1.19529    0.197294
-1.19544    0.1947
-1.19558    0.192106
-1.19572    0.189511
-1.19586    0.186915
-1.19599    0.184319
-1.19613    0.181723
-1.19626    0.179126
-1.19639    0.176528
-1.19651    0.17393
-1.19664    0.171332
-1.19676    0.168733
-1.19688    0.166134
-1.19699    0.163535
-1.1971    0.160935
-1.19722    0.158334
-1.19732    0.155733
-1.19743    0.153132
-1.19753    0.150531
-1.19763    0.147928
-1.19773    0.145326
-1.19782    0.142723
-1.19792    0.14012
-1.198    0.137517
-1.19809    0.134913
-1.19818    0.132308
-1.19826    0.129704
-1.19834    0.127099
-1.19841    0.124494
-1.19848    0.121888
-1.19856    0.119282
-1.19862    0.116676
-1.19869    0.11407
-1.19875    0.111463
-1.19881    0.108856
-1.19887    0.106248
-1.19892    0.103641
-1.19897    0.101033
-1.19902    0.0984248
-1.19907    0.0958164
-1.19911    0.0932077
-1.19915    0.0905988
-1.19919    0.0879897
-1.19922    0.0853803
-1.19925    0.0827708
-1.19928    0.080161
-1.1993    0.077551
-1.19933    0.0749408
-1.19935    0.0723304
-1.19936    0.0697198
-1.19938    0.0671091
-1.19939    0.0644982
-1.1994    0.0618871
-1.1994    0.0592759
-1.19941    0.0566645
-1.19941    0.054053
-1.1994    0.0514414
-1.1994    0.0488296
-1.19939    0.0462177
-1.19937    0.0436057
-1.19936    0.0409936
-1.19934    0.0383814
-1.19932    0.0357691
-1.19929    0.0331567
-1.19927    0.0305442
-1.19924    0.0279317
-1.1992    0.0253191
-1.19917    0.0227065
-1.19913    0.0200938
-1.19908    0.0174811
-1.19904    0.0148683
-1.19899    0.0122556
-1.19894    0.00964277
-1.19888    0.00702997
-1.19882    0.00441717
-1.19876    0.00180438
-1.1987    -0.000808401
-1.19863    -0.00342116
-1.19856    -0.00603388
-1.19849    -0.00864657
-1.19841    -0.0112592
-1.19833    -0.0138718
-1.19825    -0.0164843
-1.19816    -0.0190968
-1.19807    -0.0217092
-1.19798    -0.0243215
-1.19788    -0.0269337
-1.19779    -0.0295458
-1.19768    -0.0321578
-1.19758    -0.0347697
-1.19747    -0.0373815
-1.19736    -0.0399932
-1.19724    -0.0426047
-1.19712    -0.045216
-1.197    -0.0478272
-1.19688    -0.0504383
-1.19675    -0.0530492
-1.19662    -0.0556599
-1.19648    -0.0582704
-1.19635    -0.0608807
-1.1962    -0.0634908
-1.19606    -0.0661008
-1.19591    -0.0687105
-1.19576    -0.0713199
-1.19561    -0.0739292
-1.19545    -0.0765382
-1.19529    -0.0791469
-1.19512    -0.0817554
-1.19495    -0.0843637
-1.19478    -0.0869716
-1.19461    -0.0895793
-1.19443    -0.0921867
-1.19425    -0.0947938
-1.19406    -0.0974006
-1.19388    -0.100007
-1.19368    -0.102613
-1.19349    -0.105219
-1.19329    -0.107824
-1.19309    -0.11043
-1.19288    -0.113034
-1.19267    -0.115639
-1.19246    -0.118243
-1.19225    -0.120847
-1.19203    -0.12345
-1.19181    -0.126053
-1.19158    -0.128655
-1.19135    -0.131257
-1.19112    -0.133859
-1.19088    -0.13646
-1.19064    -0.139061
-1.1904    -0.141661
-1.19015    -0.144261
-1.1899    -0.14686
-1.18964    -0.149459
-1.18939    -0.152058
-1.18913    -0.154656
-1.18886    -0.157253
-1.18859    -0.15985
-1.18832    -0.162447
-1.18804    -0.165043
-1.18777    -0.167638
-1.18748    -0.170233
-1.1872    -0.172827
-1.18691    -0.175421
-1.18661    -0.178014
-1.18632    -0.180607
-1.18602    -0.183199
-1.18571    -0.18579
-1.1854    -0.188381
-1.18509    -0.190971
-1.18478    -0.193561
-1.18446    -0.19615
-1.18414    -0.198738
-1.18381    -0.201326
-1.18348    -0.203913
-1.18315    -0.206499
-1.18281    -0.209085
-1.18247    -0.21167
-1.18212    -0.214254
-1.18177    -0.216837
-1.18142    -0.21942
-1.18107    -0.222003
-1.18071    -0.224584
-1.18034    -0.227165
-1.17998    -0.229745
-1.17961    -0.232324
-1.17923    -0.234902
-1.17885    -0.23748
-1.17847    -0.240057
-1.17809    -0.242633
-1.1777    -0.245208
-1.1773    -0.247783
-1.17691    -0.250356
-1.17651    -0.252929
-1.1761    -0.255501
-1.17569    -0.258073
-1.17528    -0.260643
-1.17486    -0.263212
-1.17445    -0.265781
-1.17402    -0.268349
-1.17359    -0.270915
-1.17316    -0.273481
-1.17273    -0.276046
-1.17229    -0.27861
-1.17185    -0.281173
-1.1714    -0.283736
-1.17095    -0.286297
-1.17049    -0.288857
-1.17004    -0.291417
-1.16957    -0.293975
-1.16911    -0.296532
-1.16864    -0.299089
-1.16816    -0.301644
-1.16769    -0.304198
-1.16721    -0.306752
-1.16672    -0.309304
-1.16623    -0.311855
-1.16574    -0.314405
-1.16524    -0.316954
-1.16474    -0.319503
-1.16423    -0.322049
-1.16372    -0.324595
-1.16321    -0.32714
-1.1627    -0.329684
-1.16217    -0.332226
-1.16165    -0.334768
-1.16112    -0.337308
-1.16059    -0.339847
-1.16005    -0.342385
-1.15951    -0.344922
-1.15897    -0.347458
-1.15842    -0.349992
-1.15786    -0.352525
-1.15731    -0.355057
-1.15675    -0.357588
-1.15618    -0.360118
-1.15561    -0.362646
-1.15504    -0.365173
-1.15446    -0.367699
-1.15388    -0.370223
-1.1533    -0.372747
-1.15271    -0.375269
-1.15212    -0.377789
-1.15152    -0.380309
-1.15092    -0.382827
-1.15032    -0.385343
-1.14971    -0.387859
-1.14909    -0.390373
-1.14848    -0.392885
-1.14785    -0.395397
-1.14723    -0.397907
-1.1466    -0.400415
-1.14597    -0.402922
-1.14533    -0.405428
-1.14469    -0.407932
-1.14404    -0.410435
-1.14339    -0.412937
-1.14274    -0.415437
-1.14208    -0.417935
-1.14142    -0.420432
-1.14075    -0.422928
-1.14008    -0.425422
-1.13941    -0.427914
-1.13873    -0.430405
-1.13805    -0.432895
-1.13736    -0.435383
-1.13667    -0.437869
-1.13597    -0.440354
-1.13528    -0.442837
-1.13457    -0.445319
-1.13386    -0.447799
-1.13315    -0.450278
-1.13244    -0.452755
-1.13172    -0.45523
-1.13099    -0.457704
-1.13026    -0.460176
-1.12953    -0.462646
-1.1288    -0.465115
-1.12806    -0.467582
-1.12731    -0.470047
-1.12656    -0.472511
-1.12581    -0.474973
-1.12505    -0.477433
-1.12429    -0.479892
-1.12352    -0.482349
-1.12275    -0.484804
-1.12198    -0.487257
-1.1212    -0.489709
-1.12042    -0.492158
-1.11963    -0.494606
-1.11884    -0.497053
-1.11804    -0.499497
-1.11724    -0.501939
-1.11644    -0.50438
-1.11563    -0.506819
-1.11482    -0.509256
-1.114    -0.511691
-1.11318    -0.514124
-1.11236    -0.516556
-1.11153    -0.518985
-1.1107    -0.521413
-1.10986    -0.523838
-1.10902    -0.526262
-1.10817    -0.528684
-1.10732    -0.531104
-1.10647    -0.533521
-1.10561    -0.535937
-1.10475    -0.538351
-1.10388    -0.540763
-1.10301    -0.543173
-1.10213    -0.545581
-1.10125    -0.547987
-1.10037    -0.55039
-1.09948    -0.552792
-1.09859    -0.555192
-1.09769    -0.557589
-1.09679    -0.559985
-1.09588    -0.562378
-1.09497    -0.56477
-1.09406    -0.567159
-1.09314    -0.569546
-1.09222    -0.571931
-1.09129    -0.574313
-1.09036    -0.576694
-1.08942    -0.579072
-1.08848    -0.581448
-1.08754    -0.583822
-1.08659    -0.586194
-1.08564    -0.588564
-1.08468    -0.590931
-1.08372    -0.593296
-1.08275    -0.595659
-1.08178    -0.59802
-1.08081    -0.600378
-1.07983    -0.602734
-1.07885    -0.605088
-1.07786    -0.607439
-1.07687    -0.609788
-1.07587    -0.612135
-1.07487    -0.614479
-1.07387    -0.616821
-1.07286    -0.619161
-1.07185    -0.621498
-1.07083    -0.623833
-1.06981    -0.626165
-1.06879    -0.628495
-1.06776    -0.630823
-1.06672    -0.633148
-1.06568    -0.635471
-1.06464    -0.637791
-1.06359    -0.640109
-1.06254    -0.642424
-1.06148    -0.644737
-1.06042    -0.647047
-1.05936    -0.649355
-1.05829    -0.65166
-1.05722    -0.653962
-1.05614    -0.656263
-1.05506    -0.65856
-1.05397    -0.660855
-1.05288    -0.663147
-1.05179    -0.665437
-1.05069    -0.667724
-1.04959    -0.670009
-1.04848    -0.672291
-1.04737    -0.67457
-1.04625    -0.676846
-1.04513    -0.67912
-1.04401    -0.681391
-1.04288    -0.68366
-1.04174    -0.685926
-1.04061    -0.688189
-1.03946    -0.690449
-1.03832    -0.692707
-1.03717    -0.694961
-1.03601    -0.697213
-1.03485    -0.699463
-1.03369    -0.701709
-1.03252    -0.703953
-1.03135    -0.706194
-1.03017    -0.708432
-1.02899    -0.710667
-1.02781    -0.712899
-1.02662    -0.715129
-1.02543    -0.717355
-1.02423    -0.719579
-1.02303    -0.7218
-1.02182    -0.724018
-1.02061    -0.726233
-1.01939    -0.728445
-1.01817    -0.730654
-1.01695    -0.73286
-1.01572    -0.735063
-1.01449    -0.737263
-1.01325    -0.73946
-1.01201    -0.741654
-1.01077    -0.743845
-1.00952    -0.746033
-1.00827    -0.748218
-1.00701    -0.7504
-1.00575    -0.752579
-1.00448    -0.754755
-1.00321    -0.756928
-1.00194    -0.759097
-1.00066    -0.761264
-0.999373    -0.763427
-0.998085    -0.765588
-0.996794    -0.767745
-0.995498    -0.769899
-0.994197    -0.772049
-0.992893    -0.774197
-0.991584    -0.776341
-0.990271    -0.778482
-0.988954    -0.78062
-0.987632    -0.782755
-0.986306    -0.784886
-0.984976    -0.787014
-0.983642    -0.789139
-0.982304    -0.791261
-0.980961    -0.793379
-0.979614    -0.795494
-0.978263    -0.797606
-0.976908    -0.799714
-0.975549    -0.801819
-0.974185    -0.803921
-0.972817    -0.806019
-0.971445    -0.808114
-0.970069    -0.810205
-0.968688    -0.812293
-0.967303    -0.814378
-0.965914    -0.816459
-0.964521    -0.818537
-0.963124    -0.820611
-0.961723    -0.822682
-0.960317    -0.824749
-0.958907    -0.826813
-0.957494    -0.828873
-0.956075    -0.83093
-0.954653    -0.832984
-0.953227    -0.835033
-0.951796    -0.837079
-0.950362    -0.839122
-0.948923    -0.841161
-0.94748    -0.843197
-0.946033    -0.845228
-0.944581    -0.847257
-0.943126    -0.849281
-0.941667    -0.851302
-0.940203    -0.85332
-0.938735    -0.855333
-0.937263    -0.857343
-0.935787    -0.85935
-0.934307    -0.861352
-0.932823    -0.863351
-0.931335    -0.865346
-0.929843    -0.867338
-0.928346    -0.869325
-0.926846    -0.871309
-0.925341    -0.873289
-0.923833    -0.875266
-0.92232    -0.877238
-0.920803    -0.879207
-0.919283    -0.881172
-0.917758    -0.883133
-0.916229    -0.88509
-0.914696    -0.887044
-0.913159    -0.888993
-0.911618    -0.890939
-0.910073    -0.892881
-0.908524    -0.894818
-0.906971    -0.896752
-0.905414    -0.898682
-0.903853    -0.900608
-0.902288    -0.90253
-0.900719    -0.904449
-0.899146    -0.906363
-0.897569    -0.908273
-0.895988    -0.910179
-0.894403    -0.912081
-0.892815    -0.913979
-0.891222    -0.915873
-0.889625    -0.917763
-0.888024    -0.919649
-0.88642    -0.921531
-0.884811    -0.923409
-0.883199    -0.925283
-0.881582    -0.927152
-0.879962    -0.929018
-0.878338    -0.930879
-0.87671    -0.932737
-0.875078    -0.93459
-0.873442    -0.936438
-0.871802    -0.938283
-0.870159    -0.940124
-0.868511    -0.94196
-0.86686    -0.943792
-0.865205    -0.94562
-0.863546    -0.947444
-0.861883    -0.949263
-0.860216    -0.951078
-0.858546    -0.952889
-0.856871    -0.954696
-0.855193    -0.956498
-0.853511    -0.958296
-0.851826    -0.960089
-0.850136    -0.961879
-0.848443    -0.963664
-0.846746    -0.965444
-0.845045    -0.96722
-0.843341    -0.968992
-0.841632    -0.97076
-0.83992    -0.972523
-0.838204    -0.974281
-0.836485    -0.976036
-0.834762    -0.977785
-0.833035    -0.979531
-0.831304    -0.981272
-0.82957    -0.983008
-0.827832    -0.98474
-0.82609    -0.986467
-0.824345    -0.98819
-0.822596    -0.989909
-0.820843    -0.991622
-0.819087    -0.993332
-0.817327    -0.995036
-0.815563    -0.996737
-0.813796    -0.998432
-0.812025    -1.00012
-0.810251    -1.00181
-0.808473    -1.00349
-0.806691    -1.00517
-0.804906    -1.00684
-0.803117    -1.00851
-0.801325    -1.01017
-0.799529    -1.01183
-0.79773    -1.01349
-0.795927    -1.01513
-0.79412    -1.01678
-0.79231    -1.01842
-0.790497    -1.02005
-0.78868    -1.02168
-0.786859    -1.02331
-0.785035    -1.02493
-0.783208    -1.02655
-0.781377    -1.02816
-0.779543    -1.02976
-0.777705    -1.03137
-0.775864    -1.03296
-0.774019    -1.03456
-0.772171    -1.03614
-0.77032    -1.03773
-0.768465    -1.0393
-0.766607    -1.04088
-0.764745    -1.04244
-0.76288    -1.04401
-0.761012    -1.04556
-0.75914    -1.04712
-0.757265    -1.04867
-0.755387    -1.05021
-0.753506    -1.05175
-0.751621    -1.05328
-0.749732    -1.05481
-0.747841    -1.05633
-0.745946    -1.05785
-0.744048    -1.05937
-0.742147    -1.06087
-0.740242    -1.06238
-0.738335    -1.06388
-0.736424    -1.06537
-0.73451    -1.06686
-0.732592    -1.06834
-0.730672    -1.06982
-0.728748    -1.07129
-0.726821    -1.07276
-0.724891    -1.07422
-0.722958    -1.07568
-0.721021    -1.07714
-0.719082    -1.07858
-0.717139    -1.08003
-0.715194    -1.08146
-0.713245    -1.0829
-0.711293    -1.08432
-0.709338    -1.08574
-0.70738    -1.08716
-0.705419    -1.08857
-0.703455    -1.08998
-0.701488    -1.09138
-0.699518    -1.09278
-0.697545    -1.09417
-0.695569    -1.09555
-0.69359    -1.09693
-0.691608    -1.09831
-0.689623    -1.09968
-0.687635    -1.10104
-0.685644    -1.1024
-0.683651    -1.10376
-0.681654    -1.1051
-0.679654    -1.10645
-0.677652    -1.10778
-0.675647    -1.10912
-0.673639    -1.11044
-0.671628    -1.11177
-0.669614    -1.11308
-0.667597    -1.11439
-0.665578    -1.1157
-0.663555    -1.117
-0.66153    -1.11829
-0.659503    -1.11958
-0.657472    -1.12087
-0.655439    -1.12215
-0.653403    -1.12342
-0.651364    -1.12469
-0.649322    -1.12595
-0.647278    -1.12721
-0.645231    -1.12846
-0.643182    -1.1297
-0.64113    -1.13094
-0.639075    -1.13218
-0.637017    -1.13341
-0.634957    -1.13463
-0.632895    -1.13585
-0.630829    -1.13706
-0.628762    -1.13827
-0.626691    -1.13947
-0.624618    -1.14067
-0.622543    -1.14186
-0.620465    -1.14304
-0.618384    -1.14422
-0.616301    -1.1454
-0.614215    -1.14657
-0.612127    -1.14773
-0.610037    -1.14888
-0.607944    -1.15004
-0.605848    -1.15118
-0.603751    -1.15232
-0.60165    -1.15346
-0.599548    -1.15458
-0.597443    -1.15571
-0.595335    -1.15683
-0.593226    -1.15794
-0.591114    -1.15904
-0.588999    -1.16014
-0.586883    -1.16124
-0.584764    -1.16233
-0.582642    -1.16341
-0.580519    -1.16449
-0.578393    -1.16556
-0.576265    -1.16662
-0.574135    -1.16769
-0.572002    -1.16874
-0.569867    -1.16979
-0.567731    -1.17083
-0.565591    -1.17187
-0.56345    -1.1729
-0.561307    -1.17393
-0.559161    -1.17494
-0.557014    -1.17596
-0.554864    -1.17697
-0.552712    -1.17797
-0.550558    -1.17897
-0.548402    -1.17996
-0.546244    -1.18094
-0.544084    -1.18192
-0.541922    -1.18289
-0.539758    -1.18386
-0.537592    -1.18482
-0.535424    -1.18578
-0.533254    -1.18673
-0.531082    -1.18767
-0.528909    -1.18861
-0.526733    -1.18954
-0.524555    -1.19047
-0.522376    -1.19139
-0.520194    -1.1923
-0.518011    -1.19321
-0.515826    -1.19411
-0.513639    -1.19501
-0.51145    -1.1959
-0.50926    -1.19678
-0.507068    -1.19766
-0.504874    -1.19853
-0.502678    -1.1994
-0.50048    -1.20026
-0.498281    -1.20111
-0.49608    -1.20196
-0.493877    -1.20281
-0.491673    -1.20364
-0.489467    -1.20447
-0.487259    -1.2053
-0.48505    -1.20612
-0.482839    -1.20693
-0.480627    -1.20773
-0.478413    -1.20853
-0.476197    -1.20933
