-0.305724    -1.27245
-0.303777    -1.27191
-0.301831    -1.27136
-0.299888    -1.2708
-0.297948    -1.27024
-0.29601    -1.26968
-0.294074    -1.26911
-0.292141    -1.26853
-0.290211    -1.26795
-0.288283    -1.26736
-0.286357    -1.26677
-0.284434    -1.26618
-0.282513    -1.26557
-0.280595    -1.26497
-0.27868    -1.26435
-0.276767    -1.26373
-0.274857    -1.26311
-0.272949    -1.26248
-0.271043    -1.26185
-0.269141    -1.26121
-0.267241    -1.26056
-0.265343    -1.25991
-0.263448    -1.25926
-0.261556    -1.2586
-0.259666    -1.25793
-0.257779    -1.25726
-0.255895    -1.25658
-0.254013    -1.2559
-0.252134    -1.25522
-0.250258    -1.25452
-0.248384    -1.25383
-0.246513    -1.25313
-0.244644    -1.25242
-0.242779    -1.25171
-0.240916    -1.25099
-0.239055    -1.25027
-0.237198    -1.24954
-0.235343    -1.2488
-0.233491    -1.24807
-0.231641    -1.24732
-0.229795    -1.24657
-0.227951    -1.24582
-0.22611    -1.24506
-0.224271    -1.2443
-0.222436    -1.24353
-0.220603    -1.24276
-0.218773    -1.24198
-0.216946    -1.24119
-0.215121    -1.24041
-0.2133    -1.23961
-0.211481    -1.23881
-0.209665    -1.23801
-0.207852    -1.2372
-0.206041    -1.23639
-0.204234    -1.23557
-0.202429    -1.23474
-0.200628    -1.23391
-0.198829    -1.23308
-0.197033    -1.23224
-0.19524    -1.2314
-0.19345    -1.23055
-0.191662    -1.2297
-0.189878    -1.22884
-0.188096    -1.22797
-0.186318    -1.22711
-0.184542    -1.22623
-0.182769    -1.22535
-0.181    -1.22447
-0.179233    -1.22358
-0.177469    -1.22269
-0.175708    -1.22179
-0.17395    -1.22089
-0.172195    -1.21998
-0.170442    -1.21907
-0.168693    -1.21815
-0.166947    -1.21723
-0.165204    -1.21631
-0.163464    -1.21537
-0.161727    -1.21444
-0.159992    -1.2135
-0.158261    -1.21255
-0.156533    -1.2116
-0.154808    -1.21065
-0.153086    -1.20969
-0.151367    -1.20872
-0.149651    -1.20775
-0.147937    -1.20678
-0.146228    -1.2058
-0.144521    -1.20482
-0.142817    -1.20383
-0.141116    -1.20284
-0.139418    -1.20184
-0.137723    -1.20084
-0.136032    -1.19983
-0.134343    -1.19882
-0.132658    -1.1978
-0.130975    -1.19678
-0.129296    -1.19576
-0.12762    -1.19473
-0.125947    -1.19369
-0.124277    -1.19265
-0.12261    -1.19161
-0.120946    -1.19056
-0.119286    -1.18951
-0.117628    -1.18845
-0.115974    -1.18739
-0.114323    -1.18632
-0.112675    -1.18525
-0.11103    -1.18417
-0.109388    -1.18309
-0.107749    -1.18201
-0.106114    -1.18092
-0.104481    -1.17983
-0.102852    -1.17873
-0.101226    -1.17762
-0.0996033    -1.17652
-0.0979837    -1.17541
-0.0963672    -1.17429
-0.0947539    -1.17317
-0.0931438    -1.17204
-0.0915369    -1.17091
-0.0899332    -1.16978
-0.0883326    -1.16864
-0.0867353    -1.1675
-0.0851412    -1.16635
-0.0835503    -1.1652
-0.0819626    -1.16405
-0.0803781    -1.16289
-0.0787968    -1.16172
-0.0772188    -1.16055
-0.0756439    -1.15938
-0.0740723    -1.1582
-0.072504    -1.15702
-0.0709388    -1.15583
-0.069377    -1.15464
-0.0678183    -1.15345
-0.0662629    -1.15225
-0.0647107    -1.15105
-0.0631618    -1.14984
-0.0616161    -1.14863
-0.0600737    -1.14741
-0.0585346    -1.14619
-0.0569987    -1.14497
-0.0554661    -1.14374
-0.0539367    -1.1425
-0.0524106    -1.14127
-0.0508878    -1.14002
-0.0493682    -1.13878
-0.0478519    -1.13753
-0.0463389    -1.13627
-0.0448292    -1.13502
-0.0433228    -1.13375
-0.0418196    -1.13249
-0.0403198    -1.13122
-0.0388232    -1.12994
-0.0373299    -1.12866
-0.0358399    -1.12738
-0.0343532    -1.12609
-0.0328699    -1.1248
-0.0313898    -1.12351
-0.029913    -1.12221
-0.0284395    -1.1209
-0.0269693    -1.11959
-0.0255024    -1.11828
-0.0240389    -1.11697
-0.0225786    -1.11565
-0.0211217    -1.11432
-0.019668    -1.11299
-0.0182177    -1.11166
-0.0167707    -1.11033
-0.0153271    -1.10899
-0.0138867    -1.10764
-0.0124497    -1.10629
-0.011016    -1.10494
-0.00958558    -1.10359
-0.00815853    -1.10223
-0.0067348    -1.10086
-0.0053144    -1.09949
-0.00389734    -1.09812
-0.0024836    -1.09675
-0.0010732    -1.09537
0.000333866    -1.09398
0.0017376    -1.0926
0.003138    -1.09121
0.00453505    -1.08981
0.00592878    -1.08841
0.00731916    -1.08701
0.0087062    -1.0856
0.0100899    -1.08419
0.0114703    -1.08278
0.0128473    -1.08136
0.014221    -1.07993
0.0155913    -1.07851
0.0169583    -1.07708
0.0183219    -1.07564
0.0196822    -1.07421
0.0210391    -1.07277
0.0223927    -1.07132
0.023743    -1.06987
0.0250899    -1.06842
0.0264335    -1.06696
0.0277737    -1.0655
0.0291105    -1.06404
0.030444    -1.06257
0.0317742    -1.0611
0.033101    -1.05962
0.0344245    -1.05815
0.0357446    -1.05666
0.0370613    -1.05518
0.0383748    -1.05369
0.0396848    -1.05219
0.0409915    -1.0507
0.0422949    -1.04919
0.0435949    -1.04769
0.0448915    -1.04618
0.0461849    -1.04467
0.0474748    -1.04315
0.0487614    -1.04163
0.0500447    -1.04011
0.0513246    -1.03858
0.0526012    -1.03705
0.0538744    -1.03552
0.0551442    -1.03398
0.0564107    -1.03244
0.0576739    -1.0309
0.0589337    -1.02935
0.0601902    -1.0278
0.0614433    -1.02624
0.0626931    -1.02469
0.0639396    -1.02312
0.0651827    -1.02156
0.0664224    -1.01999
0.0676588    -1.01842
0.0688919    -1.01684
0.0701216    -1.01526
0.071348    -1.01368
0.072571    -1.01209
0.0737907    -1.0105
0.0750071    -1.00891
0.0762201    -1.00731
0.0774298    -1.00571
0.0786362    -1.0041
0.0798392    -1.0025
0.0810389    -1.00088
0.0822353    -0.99927
0.0834283    -0.997653
0.084618    -0.996032
0.0858044    -0.994407
0.0869875    -0.992779
0.0881672    -0.991148
0.0893436    -0.989513
0.0905166    -0.987875
0.0916864    -0.986233
0.0928528    -0.984589
0.094016    -0.982941
0.0951757    -0.981289
0.0963322    -0.979634
0.0974854    -0.977976
0.0986353    -0.976315
0.0997818    -0.97465
0.100925    -0.972982
0.102065    -0.97131
0.103202    -0.969636
0.104335    -0.967958
0.105465    -0.966277
0.106592    -0.964592
0.107715    -0.962904
0.108835    -0.961213
0.109952    -0.959519
0.111065    -0.957822
0.112176    -0.956121
0.113283    -0.954417
0.114386    -0.95271
0.115487    -0.951
0.116584    -0.949286
0.117678    -0.947569
0.118768    -0.945849
0.119855    -0.944126
0.120939    -0.9424
0.12202    -0.940671
0.123097    -0.938938
0.124172    -0.937202
0.125242    -0.935463
0.12631    -0.933721
0.127374    -0.931976
0.128435    -0.930228
0.129493    -0.928477
0.130548    -0.926722
0.131599    -0.924965
0.132647    -0.923204
0.133692    -0.92144
0.134734    -0.919673
0.135772    -0.917903
0.136807    -0.91613
0.137839    -0.914354
0.138868    -0.912575
0.139893    -0.910793
0.140915    -0.909008
0.141934    -0.90722
0.14295    -0.905429
0.143962    -0.903634
0.144972    -0.901837
0.145978    -0.900037
0.146981    -0.898234
0.14798    -0.896428
0.148977    -0.894618
0.14997    -0.892806
0.15096    -0.890991
0.151947    -0.889173
0.15293    -0.887352
0.153911    -0.885528
0.154888    -0.883701
0.155862    -0.881871
0.156833    -0.880038
0.157801    -0.878203
0.158765    -0.876364
0.159726    -0.874523
0.160685    -0.872678
0.16164    -0.870831
0.162591    -0.868981
0.16354    -0.867128
0.164486    -0.865272
0.165428    -0.863413
0.166367    -0.861551
0.167303    -0.859687
0.168236    -0.857819
0.169166    -0.855949
0.170093    -0.854076
0.171016    -0.8522
0.171936    -0.850322
0.172854    -0.84844
0.173768    -0.846556
0.174679    -0.844669
0.175587    -0.842779
0.176491    -0.840886
0.177393    -0.838991
0.178292    -0.837093
0.179187    -0.835192
0.180079    -0.833288
0.180969    -0.831382
0.181855    -0.829473
0.182738    -0.827561
0.183618    -0.825646
0.184495    -0.823729
0.185369    -0.821809
0.186239    -0.819886
0.187107    -0.81796
0.187972    -0.816032
0.188833    -0.814101
0.189692    -0.812168
0.190547    -0.810231
0.1914    -0.808293
0.192249    -0.806351
0.193095    -0.804407
0.193938    -0.80246
0.194779    -0.80051
0.195616    -0.798558
0.19645    -0.796603
0.197281    -0.794646
0.198109    -0.792686
0.198935    -0.790723
0.199757    -0.788758
0.200576    -0.78679
0.201392    -0.78482
0.202205    -0.782847
0.203015    -0.780871
0.203822    -0.778893
0.204627    -0.776913
0.205428    -0.774929
0.206226    -0.772943
0.207021    -0.770955
0.207814    -0.768964
0.208603    -0.766971
0.209389    -0.764975
0.210173    -0.762976
0.210953    -0.760975
0.211731    -0.758972
0.212505    -0.756966
0.213277    -0.754957
0.214046    -0.752946
0.214811    -0.750933
0.215574    -0.748917
0.216334    -0.746899
0.217091    -0.744878
0.217845    -0.742854
0.218597    -0.740829
0.219345    -0.738801
0.220091    -0.73677
0.220833    -0.734737
0.221573    -0.732701
0.22231    -0.730663
0.223044    -0.728623
0.223775    -0.72658
0.224503    -0.724535
0.225228    -0.722488
0.225951    -0.720438
0.22667    -0.718386
0.227387    -0.716331
0.228101    -0.714274
0.228812    -0.712215
0.229521    -0.710153
0.230226    -0.708089
0.230929    -0.706022
0.231629    -0.703954
0.232326    -0.701883
0.23302    -0.699809
0.233711    -0.697734
0.2344    -0.695656
0.235086    -0.693575
0.235769    -0.691493
0.236449    -0.689408
0.237127    -0.687321
0.237802    -0.685231
0.238474    -0.68314
0.239143    -0.681046
0.239809    -0.678949
0.240473    -0.676851
0.241134    -0.67475
0.241792    -0.672647
0.242448    -0.670542
0.243101    -0.668435
0.243751    -0.666325
0.244398    -0.664213
0.245043    -0.662099
0.245685    -0.659983
0.246324    -0.657864
0.246961    -0.655744
0.247595    -0.653621
0.248226    -0.651496
0.248854    -0.649369
0.24948    -0.647239
0.250104    -0.645108
0.250724    -0.642974
0.251342    -0.640839
0.251957    -0.638701
0.25257    -0.636561
0.25318    -0.634418
0.253787    -0.632274
0.254392    -0.630128
0.254994    -0.627979
0.255594    -0.625829
0.25619    -0.623676
0.256785    -0.621521
0.257376    -0.619364
0.257965    -0.617206
0.258552    -0.615045
0.259136    -0.612881
0.259717    -0.610716
0.260296    -0.608549
0.260872    -0.60638
0.261446    -0.604209
0.262017    -0.602036
0.262586    -0.59986
0.263152    -0.597683
0.263715    -0.595504
0.264276    -0.593322
0.264835    -0.591139
0.265391    -0.588954
0.265944    -0.586767
0.266495    -0.584577
0.267043    -0.582386
0.267589    -0.580193
0.268133    -0.577998
0.268674    -0.575801
0.269212    -0.573602
0.269748    -0.571401
0.270282    -0.569198
0.270813    -0.566993
0.271342    -0.564786
0.271868    -0.562577
0.272392    -0.560367
0.272913    -0.558154
0.273432    -0.55594
0.273949    -0.553724
0.274463    -0.551506
0.274975    -0.549286
0.275484    -0.547064
0.275991    -0.54484
0.276496    -0.542614
0.276998    -0.540387
0.277498    -0.538158
0.277995    -0.535926
0.27849    -0.533693
0.278983    -0.531459
0.279474    -0.529222
0.279962    -0.526984
0.280447    -0.524743
0.280931    -0.522501
0.281412    -0.520258
0.281891    -0.518012
0.282367    -0.515765
0.282841    -0.513515
0.283313    -0.511265
0.283783    -0.509012
0.28425    -0.506757
0.284715    -0.504501
0.285178    -0.502243
0.285638    -0.499984
0.286097    -0.497722
0.286553    -0.495459
0.287007    -0.493194
0.287458    -0.490928
0.287907    -0.48866
0.288355    -0.48639
0.288799    -0.484118
0.289242    -0.481845
0.289683    -0.47957
0.290121    -0.477293
0.290557    -0.475015
0.290991    -0.472735
0.291423    -0.470454
0.291852    -0.46817
0.29228    -0.465885
0.292705    -0.463599
0.293128    -0.461311
0.293549    -0.459021
0.293968    -0.45673
0.294385    -0.454437
0.294799    -0.452142
0.295212    -0.449846
0.295622    -0.447549
0.29603    -0.445249
0.296437    -0.442948
0.296841    -0.440646
0.297243    -0.438342
0.297643    -0.436037
0.298041    -0.43373
0.298437    -0.431421
0.298831    -0.429111
0.299222    -0.426799
0.299612    -0.424486
0.3    -0.422172
0.300386    -0.419855
0.300769    -0.417538
0.301151    -0.415219
0.301531    -0.412898
0.301908    -0.410576
0.302284    -0.408252
0.302658    -0.405927
0.30303    -0.403601
0.303399    -0.401273
0.303767    -0.398944
0.304133    -0.396613
0.304497    -0.394281
0.304859    -0.391947
0.30522    -0.389612
0.305578    -0.387276
0.305934    -0.384938
0.306288    -0.382599
0.306641    -0.380258
0.306992    -0.377916
0.30734    -0.375573
0.307687    -0.373228
0.308032    -0.370882
0.308375    -0.368534
0.308717    -0.366186
0.309056    -0.363835
0.309394    -0.361484
0.30973    -0.359131
0.310064    -0.356777
0.310396    -0.354422
0.310726    -0.352065
0.311055    -0.349707
0.311382    -0.347348
0.311707    -0.344987
0.31203    -0.342625
0.312351    -0.340262
0.312671    -0.337898
0.312989    -0.335532
0.313305    -0.333165
0.31362    -0.330797
0.313932    -0.328428
0.314243    -0.326058
0.314553    -0.323686
0.31486    -0.321313
0.315166    -0.318939
0.31547    -0.316563
0.315773    -0.314187
0.316074    -0.311809
0.316373    -0.30943
0.316671    -0.30705
0.316966    -0.304669
0.317261    -0.302286
0.317553    -0.299903
0.317844    -0.297518
0.318134    -0.295132
0.318421    -0.292745
0.318708    -0.290357
0.318992    -0.287968
0.319275    -0.285578
0.319557    -0.283187
0.319836    -0.280794
0.320115    -0.278401
0.320391    -0.276006
0.320667    -0.27361
0.32094    -0.271214
0.321212    -0.268816
0.321483    -0.266417
0.321752    -0.264017
0.322019    -0.261616
0.322285    -0.259214
0.32255    -0.256812
0.322813    -0.254408
0.323075    -0.252003
0.323335    -0.249597
0.323593    -0.24719
0.323851    -0.244782
0.324106    -0.242373
0.324361    -0.239963
0.324614    -0.237553
0.324865    -0.235141
0.325115    -0.232728
0.325364    -0.230315
0.325611    -0.2279
0.325857    -0.225485
0.326102    -0.223068
0.326345    -0.220651
0.326587    -0.218233
0.326827    -0.215814
0.327066    -0.213394
0.327304    -0.210973
0.327541    -0.208552
0.327776    -0.206129
0.32801    -0.203706
0.328242    -0.201282
0.328473    -0.198857
0.328703    -0.196431
0.328932    -0.194004
0.329159    -0.191577
0.329386    -0.189148
0.329611    -0.186719
0.329834    -0.184289
0.330057    -0.181859
0.330278    -0.179427
0.330498    -0.176995
0.330717    -0.174562
0.330934    -0.172129
0.331151    -0.169694
0.331366    -0.167259
0.33158    -0.164823
0.331793    -0.162386
0.332004    -0.159949
0.332215    -0.157511
0.332424    -0.155072
0.332633    -0.152633
0.33284    -0.150193
0.333046    -0.147752
0.333251    -0.145311
0.333455    -0.142868
0.333657    -0.140426
0.333859    -0.137982
0.33406    -0.135538
0.334259    -0.133094
0.334458    -0.130648
0.334655    -0.128202
0.334851    -0.125756
0.335047    -0.123309
0.335241    -0.120861
0.335435    -0.118413
0.335627    -0.115964
0.335818    -0.113515
0.336009    -0.111065
0.336198    -0.108614
0.336387    -0.106163
0.336574    -0.103712
0.336761    -0.10126
0.336946    -0.0988071
0.337131    -0.096354
0.337315    -0.0939003
0.337497    -0.0914462
0.337679    -0.0889917
0.33786    -0.0865366
0.33804    -0.0840811
0.33822    -0.0816251
0.338398    -0.0791686
0.338576    -0.0767117
0.338752    -0.0742544
0.338928    -0.0717967
0.339103    -0.0693385
0.339277    -0.0668799
0.339451    -0.0644209
0.339623    -0.0619615
0.339795    -0.0595018
0.339966    -0.0570416
0.340136    -0.0545811
0.340306    -0.0521202
0.340474    -0.0496589
0.340642    -0.0471974
0.34081    -0.0447354
0.340976    -0.0422732
0.341142    -0.0398106
0.341307    -0.0373477
0.341471    -0.0348845
0.341635    -0.0324209
0.341798    -0.0299571
0.34196    -0.0274931
0.342121    -0.0250287
0.342282    -0.0225641
0.342442    -0.0200992
0.342602    -0.0176341
0.342761    -0.0151687
0.342919    -0.0127031
0.343077    -0.0102372
0.343234    -0.00777118
0.343391    -0.00530491
0.343547    -0.00283845
0.343702    -0.00037179
0.343857    0.00209505
0.344011    0.00456207
0.344165    0.00702926
0.344318    0.00949661
0.344471    0.0119641
0.344623    0.0144318
0.344774    0.0168995
0.344926    0.0193674
0.345076    0.0218355
0.345226    0.0243036
0.345376    0.0267718
0.345525    0.0292402
0.345674    0.0317086
0.345822    0.0341771
0.34597    0.0366457
0.346117    0.0391143
0.346264    0.041583
0.346411    0.0440517
0.346557    0.0465205
0.346703    0.0489892
0.346848    0.0514581
0.346993    0.0539269
0.347138    0.0563957
0.347282    0.0588645
0.347426    0.0613333
0.347569    0.0638021
0.347713    0.0662709
0.347856    0.0687396
0.347998    0.0712083
0.348141    0.0736769
0.348283    0.0761454
0.348425    0.0786139
0.348566    0.0810823
0.348707    0.0835506
0.348848    0.0860189
0.348989    0.088487
0.34913    0.090955
0.34927    0.0934229
0.34941    0.0958906
0.34955    0.0983582
0.34969    0.100826
0.349829    0.103293
0.349969    0.10576
0.350108    0.108227
0.350247    0.110694
0.350386    0.113161
0.350524    0.115627
0.350663    0.118093
0.350801    0.120559
0.35094    0.123025
0.351078    0.12549
0.351216    0.127956
0.351354    0.130421
0.351493    0.132886
0.351631    0.13535
0.351768    0.137814
0.351906    0.140278
0.352044    0.142742
0.352182    0.145206
0.35232    0.147669
0.352458    0.150131
0.352596    0.152594
0.352733    0.155056
0.352871    0.157518
0.353009    0.159979
0.353147    0.16244
0.353285    0.164901
0.353423    0.167361
0.353561    0.169821
0.3537    0.172281
0.353838    0.17474
0.353976    0.177199
0.354115    0.179657
0.354254    0.182115
0.354393    0.184573
0.354531    0.18703
0.354671    0.189487
0.35481    0.191943
0.354949    0.194399
0.355089    0.196854
0.355229    0.199309
0.355369    0.201763
0.355509    0.204217
0.355649    0.20667
0.35579    0.209123
0.355931    0.211575
0.356072    0.214027
0.356214    0.216478
0.356355    0.218928
0.356497    0.221378
0.356639    0.223828
0.356782    0.226277
0.356925    0.228725
0.357068    0.231173
0.357211    0.23362
0.357355    0.236067
0.3575    0.238513
0.357644    0.240958
0.357789    0.243403
0.357934    0.245847
0.35808    0.24829
0.358226    0.250733
0.358372    0.253175
0.358519    0.255617
0.358667    0.258057
0.358814    0.260497
0.358962    0.262937
0.359111    0.265375
0.35926    0.267813
0.35941    0.270251
0.35956    0.272687
0.35971    0.275123
0.359861    0.277558
0.360013    0.279992
0.360165    0.282426
0.360318    0.284858
0.360471    0.28729
0.360625    0.289721
0.360779    0.292152
0.360934    0.294581
0.361089    0.29701
0.361245    0.299438
0.361402    0.301865
0.361559    0.304291
0.361717    0.306717
0.361875    0.309141
0.362034    0.311565
0.362194    0.313988
0.362354    0.31641
0.362516    0.318831
0.362677    0.321251
0.36284    0.323671
0.363003    0.326089
0.363167    0.328506
0.363331    0.330923
0.363497    0.333339
0.363663    0.335753
0.363829    0.338167
0.363997    0.34058
0.364165    0.342991
0.364334    0.345402
0.364504    0.347812
0.364675    0.350221
0.364846    0.352629
0.365019    0.355036
0.365192    0.357441
0.365366    0.359846
0.365541    0.36225
0.365716    0.364653
0.365893    0.367054
0.36607    0.369455
0.366248    0.371855
0.366428    0.374253
0.366608    0.37665
0.366789    0.379047
0.36697    0.381442
0.367153    0.383836
0.367337    0.386229
0.367522    0.388621
0.367707    0.391012
0.367894    0.393401
0.368082    0.39579
0.36827    0.398177
0.36846    0.400563
0.368651    0.402948
0.368842    0.405332
0.369035    0.407715
0.369229    0.410096
0.369424    0.412477
0.369619    0.414856
0.369816    0.417233
0.370014    0.41961
0.370213    0.421985
0.370414    0.42436
0.370615    0.426732
0.370817    0.429104
0.371021    0.431474
0.371225    0.433844
0.371431    0.436211
0.371638    0.438578
0.371846    0.440943
0.372056    0.443307
0.372266    0.44567
0.372478    0.448031
0.372691    0.450391
0.372905    0.45275
0.37312    0.455107
0.373337    0.457463
0.373555    0.459818
0.373774    0.462171
0.373994    0.464523
0.374216    0.466873
0.374438    0.469222
0.374663    0.47157
0.374888    0.473916
0.375115    0.476261
0.375343    0.478605
0.375572    0.480947
0.375803    0.483287
0.376035    0.485627
0.376269    0.487964
0.376504    0.490301
0.37674    0.492635
0.376978    0.494969
0.377217    0.497301
0.377457    0.499631
0.377699    0.50196
0.377942    0.504287
0.378187    0.506613
0.378433    0.508937
0.378681    0.51126
0.37893    0.513581
0.37918    0.515901
0.379432    0.518219
0.379686    0.520536
0.379941    0.522851
0.380197    0.525165
0.380455    0.527476
0.380715    0.529787
0.380976    0.532095
0.381239    0.534403
0.381503    0.536708
0.381769    0.539012
0.382036    0.541314
0.382305    0.543615
0.382576    0.545914
0.382848    0.548211
0.383122    0.550507
0.383397    0.552801
0.383674    0.555093
0.383953    0.557384
0.384233    0.559673
0.384515    0.56196
0.384799    0.564246
0.385084    0.56653
0.385371    0.568812
0.38566    0.571093
0.385951    0.573371
0.386243    0.575648
0.386537    0.577923
0.386832    0.580197
0.38713    0.582469
0.387429    0.584739
0.38773    0.587007
0.388033    0.589273
0.388337    0.591538
0.388643    0.593801
0.388951    0.596062
0.389261    0.598321
0.389573    0.600578
0.389887    0.602834
0.390202    0.605088
0.390519    0.607339
0.390838    0.60959
0.391159    0.611838
0.391482    0.614084
0.391807    0.616328
0.392134    0.618571
0.392462    0.620812
0.392793    0.62305
0.393125    0.625287
0.393459    0.627522
0.393796    0.629755
0.394134    0.631987
0.394474    0.634216
0.394816    0.636443
0.39516    0.638668
0.395507    0.640892
0.395855    0.643113
0.396205    0.645333
0.396557    0.64755
0.396911    0.649766
0.397267    0.651979
0.397625    0.654191
0.397986    0.6564
0.398348    0.658608
0.398713    0.660813
0.399079    0.663016
0.399448    0.665218
0.399818    0.667417
0.400191    0.669615
0.400566    0.67181
0.400943    0.674003
0.401322    0.676194
0.401704    0.678383
0.402087    0.68057
0.402473    0.682755
0.40286    0.684938
0.40325    0.687119
0.403643    0.689297
0.404037    0.691474
0.404433    0.693648
0.404832    0.69582
0.405233    0.69799
0.405636    0.700158
0.406042    0.702324
0.40645    0.704488
0.40686    0.706649
0.407272    0.708808
0.407686    0.710965
0.408103    0.71312
0.408522    0.715273
0.408944    0.717424
0.409367    0.719572
0.409793    0.721718
0.410222    0.723862
0.410652    0.726003
0.411085    0.728143
0.411521    0.73028
0.411958    0.732415
0.412399    0.734547
0.412841    0.736677
0.413286    0.738805
0.413733    0.740931
0.414183    0.743055
0.414635    0.745176
0.41509    0.747295
0.415547    0.749411
0.416006    0.751525
0.416468    0.753637
0.416932    0.755747
0.417399    0.757854
0.417868    0.759959
0.41834    0.762061
0.418814    0.764162
0.419291    0.766259
0.41977    0.768355
0.420252    0.770448
0.420736    0.772538
0.421223    0.774627
0.421712    0.776712
0.422204    0.778796
0.422699    0.780877
0.423196    0.782955
0.423695    0.785031
0.424197    0.787105
0.424702    0.789176
0.42521    0.791245
0.42572    0.793311
0.426232    0.795375
0.426747    0.797436
0.427265    0.799495
0.427786    0.801552
0.428309    0.803606
0.428835    0.805657
0.429363    0.807706
0.429895    0.809752
0.430428    0.811796
0.430965    0.813837
0.431504    0.815876
0.432046    0.817912
0.432591    0.819946
0.433138    0.821977
0.433688    0.824005
0.434241    0.826031
0.434797    0.828054
0.435355    0.830075
0.435916    0.832093
0.43648    0.834109
0.437047    0.836121
0.437616    0.838132
0.438189    0.840139
0.438764    0.842144
0.439342    0.844147
0.439922    0.846146
0.440506    0.848143
0.441092    0.850138
0.441681    0.852129
0.442274    0.854118
0.442868    0.856105
0.443466    0.858088
0.444067    0.860069
0.444671    0.862047
0.445277    0.864023
0.445886    0.865996
0.446499    0.867966
0.447114    0.869933
0.447732    0.871897
0.448353    0.873859
0.448977    0.875818
0.449604    0.877774
0.450234    0.879728
0.450866    0.881679
0.451502    0.883626
0.452141    0.885572
0.452783    0.887514
0.453427    0.889453
0.454075    0.89139
0.454726    0.893324
0.45538    0.895255
0.456037    0.897183
0.456696    0.899108
0.457359    0.901031
0.458025    0.90295
0.458694    0.904867
0.459366    0.906781
0.460041    0.908692
0.460719    0.9106
0.4614    0.912505
0.462085    0.914407
0.462772    0.916306
0.463463    0.918203
0.464156    0.920096
0.464853    0.921986
0.465553    0.923874
0.466256    0.925759
0.466962    0.92764
0.467671    0.929519
0.468384    0.931394
0.469099    0.933267
0.469818    0.935137
0.47054    0.937003
0.471265    0.938867
0.471993    0.940728
0.472725    0.942585
0.47346    0.94444
0.474198    0.946291
0.474939    0.94814
0.475683    0.949985
0.476431    0.951828
0.477181    0.953667
0.477935    0.955503
0.478693    0.957336
0.479453    0.959166
0.480217    0.960993
0.480984    0.962817
0.481755    0.964638
0.482528    0.966455
0.483305    0.96827
0.484086    0.970081
0.484869    0.971889
0.485656    0.973694
0.486446    0.975496
0.48724    0.977295
0.488037    0.97909
0.488837    0.980882
0.48964    0.982672
0.490447    0.984457
0.491258    0.98624
0.492071    0.988019
0.492888    0.989796
0.493709    0.991569
0.494532    0.993338
0.495359    0.995105
0.49619    0.996868
0.497024    0.998628
0.497861    1.00038
0.498702    1.00214
0.499546    1.00389
0.500394    1.00563
0.501245    1.00738
0.5021    1.00912
0.502958    1.01086
0.503819    1.01259
0.504684    1.01432
0.505552    1.01605
0.506424    1.01777
0.507299    1.01949
0.508178    1.02121
0.50906    1.02292
0.509946    1.02463
0.510835    1.02634
0.511728    1.02804
0.512624    1.02974
0.513524    1.03143
0.514428    1.03313
0.515335    1.03482
0.516245    1.0365
0.517159    1.03818
0.518076    1.03986
0.518997    1.04154
0.519922    1.04321
0.52085    1.04488
0.521782    1.04654
0.522717    1.04821
0.523656    1.04986
0.524599    1.05152
0.525545    1.05317
0.526495    1.05482
0.527448    1.05646
0.528405    1.0581
0.529366    1.05974
0.53033    1.06137
0.531298    1.063
0.532269    1.06463
0.533244    1.06625
0.534223    1.06787
0.535205    1.06948
0.536191    1.07109
0.537181    1.0727
0.538174    1.07431
0.539172    1.07591
0.540172    1.0775
0.541177    1.0791
0.542185    1.08069
0.543197    1.08227
0.544212    1.08385
0.545231    1.08543
0.546254    1.08701
0.547281    1.08858
0.548311    1.09014
0.549345    1.09171
0.550383    1.09327
0.551424    1.09482
0.55247    1.09637
0.553519    1.09792
0.554571    1.09947
0.555628    1.10101
0.556688    1.10255
0.557752    1.10408
0.55882    1.10561
0.559891    1.10713
0.560967    1.10865
0.562046    1.11017
0.563129    1.11169
0.564215    1.1132
0.565306    1.1147
0.5664    1.1162
0.567498    1.1177
0.5686    1.1192
0.569706    1.12069
0.570815    1.12217
0.571929    1.12366
0.573046    1.12513
0.574167    1.12661
0.575291    1.12808
0.57642    1.12955
0.577553    1.13101
0.578689    1.13247
0.579829    1.13392
0.580973    1.13537
0.582121    1.13682
0.583273    1.13826
0.584428    1.1397
0.585588    1.14113
0.586751    1.14256
0.587918    1.14399
0.589089    1.14541
0.590264    1.14683
0.591443    1.14825
0.592626    1.14965
0.593813    1.15106
0.595003    1.15246
0.596198    1.15386
0.597396    1.15525
0.598598    1.15664
0.599804    1.15803
0.601014    1.15941
0.602228    1.16078
