-1.26384    0.340547
-1.26422    0.337999
-1.26459    0.335451
-1.26496    0.332901
-1.26533    0.33035
-1.26569    0.327798
-1.26606    0.325246
-1.26642    0.322692
-1.26678    0.320137
-1.26713    0.317581
-1.26749    0.315024
-1.26784    0.312466
-1.26819    0.309907
-1.26853    0.307346
-1.26888    0.304785
-1.26922    0.302223
-1.26956    0.29966
-1.2699    0.297096
-1.27024    0.294531
-1.27057    0.291965
-1.2709    0.289398
-1.27123    0.28683
-1.27155    0.284261
-1.27188    0.28169
-1.2722    0.279119
-1.27252    0.276548
-1.27283    0.273975
-1.27315    0.271401
-1.27346    0.268826
-1.27377    0.26625
-1.27408    0.263673
-1.27438    0.261096
-1.27468    0.258517
-1.27498    0.255938
-1.27528    0.253357
-1.27557    0.250776
-1.27586    0.248194
-1.27615    0.245611
-1.27644    0.243027
-1.27672    0.240442
-1.277    0.237856
-1.27728    0.235269
-1.27756    0.232682
-1.27783    0.230093
-1.2781    0.227504
-1.27837    0.224914
-1.27863    0.222323
-1.2789    0.219731
-1.27916    0.217138
-1.27941    0.214544
-1.27967    0.21195
-1.27992    0.209355
-1.28017    0.206759
-1.28042    0.204162
-1.28066    0.201564
-1.2809    0.198966
-1.28114    0.196366
-1.28137    0.193766
-1.28161    0.191165
-1.28184    0.188564
-1.28207    0.185961
-1.28229    0.183358
-1.28251    0.180754
-1.28273    0.178149
-1.28295    0.175544
-1.28316    0.172938
-1.28337    0.170331
-1.28358    0.167723
-1.28378    0.165114
-1.28398    0.162505
-1.28418    0.159895
-1.28438    0.157285
-1.28457    0.154673
-1.28476    0.152061
-1.28495    0.149448
-1.28514    0.146835
-1.28532    0.144221
-1.2855    0.141606
-1.28567    0.138991
-1.28584    0.136374
-1.28601    0.133758
-1.28618    0.13114
-1.28634    0.128522
-1.28651    0.125903
-1.28666    0.123284
-1.28682    0.120664
-1.28697    0.118043
-1.28712    0.115422
-1.28726    0.1128
-1.28741    0.110177
-1.28755    0.107554
-1.28768    0.104931
-1.28782    0.102306
-1.28795    0.0996814
-1.28807    0.097056
-1.2882    0.0944299
-1.28832    0.0918034
-1.28844    0.0891762
-1.28855    0.0865486
-1.28866    0.0839203
-1.28877    0.0812916
-1.28888    0.0786623
-1.28898    0.0760325
-1.28908    0.0734022
-1.28917    0.0707713
-1.28926    0.06814
-1.28935    0.0655082
-1.28944    0.0628758
-1.28952    0.060243
-1.2896    0.0576097
-1.28968    0.054976
-1.28975    0.0523418
-1.28982    0.0497071
-1.28989    0.047072
-1.28995    0.0444364
-1.29001    0.0418004
-1.29006    0.039164
-1.29012    0.0365272
-1.29017    0.0338899
-1.29021    0.0312522
-1.29026    0.0286142
-1.2903    0.0259757
-1.29033    0.0233369
-1.29037    0.0206977
-1.2904    0.0180581
-1.29042    0.0154181
-1.29044    0.0127778
-1.29046    0.0101371
-1.29048    0.00749611
-1.29049    0.00485476
-1.2905    0.00221309
-1.29051    -0.000428902
-1.29051    -0.00307121
-1.29051    -0.00571382
-1.2905    -0.00835673
-1.29049    -0.0109999
-1.29048    -0.0136434
-1.29047    -0.0162872
-1.29045    -0.0189312
-1.29043    -0.0215755
-1.2904    -0.0242201
-1.29037    -0.0268649
-1.29034    -0.0295099
-1.2903    -0.0321552
-1.29026    -0.0348006
-1.29022    -0.0374463
-1.29017    -0.0400923
-1.29012    -0.0427384
-1.29007    -0.0453847
-1.29001    -0.0480312
-1.28995    -0.0506778
-1.28988    -0.0533247
-1.28981    -0.0559717
-1.28974    -0.0586188
-1.28966    -0.0612661
-1.28958    -0.0639135
-1.2895    -0.0665611
-1.28941    -0.0692088
-1.28932    -0.0718566
-1.28923    -0.0745045
-1.28913    -0.0771525
-1.28903    -0.0798006
-1.28892    -0.0824487
-1.28881    -0.085097
-1.2887    -0.0877453
-1.28858    -0.0903937
-1.28846    -0.0930421
-1.28834    -0.0956905
-1.28821    -0.098339
-1.28808    -0.100988
-1.28794    -0.103636
-1.2878    -0.106285
-1.28766    -0.108933
-1.28751    -0.111582
-1.28736    -0.11423
-1.28721    -0.116879
-1.28705    -0.119527
-1.28689    -0.122175
-1.28672    -0.124824
-1.28655    -0.127472
-1.28638    -0.13012
-1.2862    -0.132768
-1.28602    -0.135416
-1.28583    -0.138064
-1.28564    -0.140712
-1.28545    -0.14336
-1.28525    -0.146008
-1.28505    -0.148655
-1.28485    -0.151302
-1.28464    -0.15395
-1.28442    -0.156597
-1.28421    -0.159244
-1.28399    -0.16189
-1.28376    -0.164537
-1.28353    -0.167183
-1.2833    -0.169829
-1.28306    -0.172475
-1.28282    -0.175121
-1.28258    -0.177766
-1.28233    -0.180411
-1.28207    -0.183056
-1.28182    -0.185701
-1.28156    -0.188346
-1.28129    -0.19099
-1.28102    -0.193634
-1.28075    -0.196277
-1.28047    -0.198921
-1.28019    -0.201564
-1.2799    -0.204206
-1.27961    -0.206848
-1.27932    -0.20949
-1.27902    -0.212132
-1.27872    -0.214773
-1.27841    -0.217414
-1.2781    -0.220055
-1.27779    -0.222695
-1.27747    -0.225335
-1.27715    -0.227974
-1.27682    -0.230613
-1.27649    -0.233251
-1.27616    -0.235889
-1.27582    -0.238527
-1.27547    -0.241164
-1.27513    -0.243801
-1.27477    -0.246437
-1.27442    -0.249073
-1.27406    -0.251708
-1.27369    -0.254343
-1.27333    -0.256977
-1.27295    -0.259611
-1.27258    -0.262244
-1.27219    -0.264876
-1.27181    -0.267508
-1.27142    -0.27014
-1.27102    -0.272771
-1.27063    -0.275401
-1.27022    -0.278031
-1.26982    -0.28066
-1.2694    -0.283288
-1.26899    -0.285916
-1.26857    -0.288543
-1.26814    -0.29117
-1.26772    -0.293796
-1.26728    -0.296421
-1.26684    -0.299046
-1.2664    -0.301669
-1.26596    -0.304293
-1.26551    -0.306915
-1.26505    -0.309537
-1.26459    -0.312158
-1.26413    -0.314778
-1.26366    -0.317398
-1.26319    -0.320016
-1.26271    -0.322634
-1.26223    -0.325252
-1.26175    -0.327868
-1.26126    -0.330484
-1.26076    -0.333098
-1.26026    -0.335712
-1.25976    -0.338325
-1.25925    -0.340938
-1.25874    -0.343549
-1.25822    -0.34616
-1.2577    -0.348769
-1.25718    -0.351378
-1.25665    -0.353986
-1.25611    -0.356593
-1.25557    -0.359199
-1.25503    -0.361804
-1.25448    -0.364408
-1.25393    -0.367011
-1.25337    -0.369613
-1.25281    -0.372214
-1.25225    -0.374815
-1.25168    -0.377414
-1.2511    -0.380012
-1.25052    -0.382609
-1.24994    -0.385205
-1.24935    -0.3878
-1.24876    -0.390394
-1.24816    -0.392987
-1.24756    -0.395579
-1.24695    -0.39817
> 
-0.248267    -1.28476
-0.245828    -1.28472
-0.243391    -1.28468
-0.240954    -1.28463
-0.238518    -1.28457
-0.236082    -1.28451
-0.233647    -1.28444
-0.231214    -1.28436
-0.228781    -1.28427
-0.226348    -1.28418
-0.223917    -1.28408
-0.221487    -1.28398
-0.219057    -1.28386
-0.216628    -1.28374
-0.214201    -1.28362
-0.211774    -1.28348
-0.209348    -1.28334
-0.206923    -1.2832
-0.204499    -1.28304
-0.202076    -1.28288
-0.199655    -1.28271
-0.197234    -1.28254
-0.194814    -1.28236
-0.192396    -1.28217
-0.189978    -1.28197
-0.187562    -1.28177
-0.185147    -1.28156
-0.182733    -1.28135
-0.18032    -1.28113
-0.177908    -1.2809
-0.175498    -1.28066
-0.173088    -1.28042
-0.17068    -1.28017
-0.168274    -1.27991
-0.165868    -1.27965
-0.163464    -1.27938
-0.161061    -1.2791
-0.15866    -1.27882
-0.15626    -1.27853
-0.153861    -1.27823
-0.151464    -1.27793
-0.149068    -1.27762
-0.146673    -1.2773
-0.14428    -1.27698
-0.141889    -1.27665
-0.139498    -1.27631
-0.13711    -1.27596
-0.134723    -1.27561
-0.132337    -1.27525
-0.129953    -1.27489
-0.12757    -1.27452
-0.125189    -1.27414
-0.12281    -1.27376
-0.120432    -1.27337
-0.118056    -1.27297
-0.115682    -1.27256
-0.113309    -1.27215
-0.110938    -1.27173
-0.108568    -1.27131
-0.106201    -1.27088
-0.103835    -1.27044
-0.10147    -1.27
-0.099108    -1.26955
-0.0967472    -1.26909
-0.0943883    -1.26862
-0.0920312    -1.26815
-0.0896759    -1.26768
-0.0873225    -1.26719
-0.0849709    -1.2667
-0.0826211    -1.2662
-0.0802733    -1.2657
-0.0779274    -1.26519
-0.0755834    -1.26467
-0.0732413    -1.26415
-0.0709012    -1.26362
-0.068563    -1.26308
-0.0662269    -1.26254
-0.0638927    -1.26199
-0.0615606    -1.26143
-0.0592304    -1.26087
-0.0569024    -1.2603
-0.0545764    -1.25972
-0.0522524    -1.25914
-0.0499306    -1.25855
-0.0476109    -1.25796
-0.0452933    -1.25736
-0.0429778    -1.25675
-0.0406645    -1.25613
-0.0383534    -1.25551
-0.0360444    -1.25488
-0.0337377    -1.25425
-0.0314332    -1.25361
-0.0291308    -1.25296
-0.0268308    -1.25231
-0.024533    -1.25165
-0.0222375    -1.25098
-0.0199442    -1.25031
-0.0176533    -1.24963
-0.0153647    -1.24895
-0.0130784    -1.24825
-0.0107945    -1.24756
-0.00851293    -1.24685
-0.00623374    -1.24614
-0.00395694    -1.24542
-0.00168255    -1.2447
0.000589415    -1.24397
0.00285895    -1.24324
0.00512603    -1.24249
0.00739066    -1.24174
0.0096528    -1.24099
0.0119125    -1.24023
0.0141696    -1.23946
0.0164242    -1.23869
0.0186763    -1.23791
0.0209259    -1.23712
0.0231729    -1.23633
0.0254173    -1.23553
0.0276591    -1.23473
0.0298983    -1.23392
0.0321349    -1.2331
0.0343689    -1.23227
0.0366002    -1.23145
0.0388289    -1.23061
0.0410549    -1.22977
0.0432783    -1.22892
0.0454989    -1.22807
0.0477168    -1.22721
0.049932    -1.22634
0.0521445    -1.22547
0.0543542    -1.22459
0.0565612    -1.2237
0.0587654    -1.22281
0.0609668    -1.22192
0.0631654    -1.22101
0.0653611    -1.2201
0.0675541    -1.21919
0.0697442    -1.21827
0.0719315    -1.21734
0.0741159    -1.21641
0.0762975    -1.21547
0.0784761    -1.21452
0.0806519    -1.21357
0.0828247    -1.21262
0.0849946    -1.21165
0.0871616    -1.21068
0.0893256    -1.20971
0.0914867    -1.20873
0.0936448    -1.20774
0.0957999    -1.20675
0.097952    -1.20575
0.100101    -1.20475
0.102247    -1.20374
0.10439    -1.20272
0.10653    -1.2017
0.108667    -1.20067
0.110801    -1.19964
0.112932    -1.1986
0.11506    -1.19755
0.117184    -1.1965
0.119306    -1.19544
0.121424    -1.19438
0.12354    -1.19331
0.125652    -1.19224
0.127761    -1.19116
0.129866    -1.19007
0.131969    -1.18898
0.134069    -1.18788
0.136165    -1.18678
0.138258    -1.18567
0.140348    -1.18456
0.142434    -1.18344
0.144518    -1.18231
0.146598    -1.18118
0.148674    -1.18004
0.150748    -1.1789
0.152818    -1.17775
0.154885    -1.1766
0.156949    -1.17544
0.159009    -1.17427
0.161066    -1.1731
0.16312    -1.17192
0.16517    -1.17074
0.167217    -1.16955
0.169261    -1.16836
0.171301    -1.16716
0.173338    -1.16596
0.175372    -1.16475
0.177402    -1.16353
0.179428    -1.16231
0.181452    -1.16109
0.183471    -1.15986
0.185488    -1.15862
0.187501    -1.15738
0.18951    -1.15613
0.191516    -1.15488
0.193519    -1.15362
0.195518    -1.15235
0.197513    -1.15108
0.199505    -1.14981
0.201494    -1.14853
0.203479    -1.14724
0.20546    -1.14595
0.207438    -1.14466
0.209413    -1.14335
0.211384    -1.14205
0.213351    -1.14073
0.215315    -1.13942
0.217275    -1.13809
0.219231    -1.13677
0.221184    -1.13543
0.223134    -1.13409
0.225079    -1.13275
0.227021    -1.1314
0.22896    -1.13005
0.230895    -1.12869
0.232826    -1.12732
0.234753    -1.12596
0.236677    -1.12458
0.238598    -1.1232
0.240514    -1.12182
0.242427    -1.12043
0.244336    -1.11903
0.246242    -1.11763
0.248143    -1.11622
0.250041    -1.11481
0.251936    -1.1134
0.253826    -1.11198
0.255713    -1.11055
0.257596    -1.10912
0.259476    -1.10769
0.261351    -1.10624
0.263223    -1.1048
0.265091    -1.10335
0.266955    -1.10189
0.268816    -1.10043
0.270673    -1.09897
0.272526    -1.0975
0.274375    -1.09602
0.27622    -1.09454
0.278061    -1.09306
0.279899    -1.09157
0.281733    -1.09007
0.283563    -1.08857
0.285389    -1.08707
0.287211    -1.08556
0.28903    -1.08404
0.290845    -1.08252
0.292655    -1.081
0.294462    -1.07947
0.296265    -1.07794
0.298064    -1.0764
0.299859    -1.07486
0.301651    -1.07331
0.303438    -1.07176
0.305222    -1.0702
0.307001    -1.06864
0.308777    -1.06707
0.310549    -1.0655
0.312317    -1.06392
0.31408    -1.06234
0.31584    -1.06076
0.317596    -1.05917
0.319349    -1.05757
0.321097    -1.05597
0.322841    -1.05437
0.324581    -1.05276
0.326317    -1.05115
0.328049    -1.04953
0.329778    -1.04791
0.331502    -1.04628
0.333222    -1.04465
0.334939    -1.04302
0.336651    -1.04138
0.338359    -1.03973
0.340064    -1.03808
0.341764    -1.03643
0.34346    -1.03477
0.345152    -1.03311
0.346841    -1.03144
0.348525    -1.02977
0.350205    -1.0281
0.351881    -1.02642
0.353553    -1.02473
0.355221    -1.02305
0.356885    -1.02135
0.358545    -1.01966
0.360201    -1.01795
0.361853    -1.01625
0.363501    -1.01454
0.365145    -1.01282
0.366784    -1.0111
0.36842    -1.00938
0.370052    -1.00765
0.371679    -1.00592
0.373302    -1.00419
0.374922    -1.00245
0.376537    -1.0007
0.378148    -0.998955
0.379755    -0.997203
0.381358    -0.995446
0.382957    -0.993685
0.384551    -0.99192
0.386142    -0.990151
0.387728    -0.988378
0.389311    -0.986601
0.390889    -0.98482
0.392463    -0.983034
0.394033    -0.981245
0.395599    -0.979451
0.397161    -0.977653
0.398718    -0.975852
0.400272    -0.974046
0.401821    -0.972236
0.403367    -0.970423
0.404908    -0.968605
0.406445    -0.966784
0.407978    -0.964958
0.409506    -0.963129
0.411031    -0.961295
0.412551    -0.959458
0.414067    -0.957616
0.415579    -0.955771
0.417087    -0.953922
0.418591    -0.952069
0.420091    -0.950213
0.421586    -0.948352
0.423078    -0.946488
0.424565    -0.944619
0.426048    -0.942747
0.427526    -0.940871
0.429001    -0.938992
0.430472    -0.937108
0.431938    -0.935221
0.4334    -0.93333
0.434858    -0.931435
0.436312    -0.929537
0.437761    -0.927635
0.439207    -0.925729
0.440648    -0.923819
0.442085    -0.921906
0.443518    -0.919989
0.444947    -0.918069
0.446372    -0.916145
0.447792    -0.914217
0.449208    -0.912286
0.45062    -0.910351
0.452028    -0.908412
0.453432    -0.90647
0.454831    -0.904524
0.456226    -0.902575
0.457617    -0.900622
0.459004    -0.898666
0.460387    -0.896706
0.461766    -0.894742
0.46314    -0.892775
0.46451    -0.890805
0.465876    -0.888831
0.467238    -0.886854
0.468596    -0.884873
0.469949    -0.882889
0.471298    -0.880901
0.472643    -0.87891
0.473984    -0.876916
0.475321    -0.874918
0.476653    -0.872917
0.477982    -0.870912
0.479306    -0.868904
0.480626    -0.866893
0.481942    -0.864878
0.483253    -0.86286
0.484561    -0.860839
0.485864    -0.858815
0.487163    -0.856787
0.488458    -0.854756
0.489748    -0.852722
0.491035    -0.850684
0.492317    -0.848643
0.493595    -0.846599
0.494869    -0.844552
0.496139    -0.842502
0.497404    -0.840448
0.498666    -0.838391
0.499923    -0.836331
0.501176    -0.834268
0.502425    -0.832202
0.50367    -0.830133
0.50491    -0.82806
0.506147    -0.825985
0.507379    -0.823906
0.508607    -0.821824
0.509831    -0.81974
0.511051    -0.817652
0.512266    -0.815561
0.513478    -0.813467
0.514685    -0.81137
0.515888    -0.80927
0.517087    -0.807167
0.518282    -0.805061
0.519472    -0.802952
0.520659    -0.80084
0.521841    -0.798725
0.523019    -0.796608
0.524193    -0.794487
0.525363    -0.792363
0.526529    -0.790237
0.527691    -0.788107
0.528848    -0.785975
0.530001    -0.78384
0.531151    -0.781702
0.532296    -0.779561
0.533437    -0.777417
0.534573    -0.775271
0.535706    -0.773121
0.536835    -0.770969
0.537959    -0.768814
0.539079    -0.766657
0.540196    -0.764496
0.541308    -0.762333
0.542416    -0.760167
0.54352    -0.757998
0.544619    -0.755827
0.545715    -0.753653
0.546807    -0.751476
0.547894    -0.749296
0.548977    -0.747114
0.550057    -0.744929
0.551132    -0.742742
0.552203    -0.740552
0.55327    -0.738359
0.554333    -0.736163
0.555392    -0.733965
0.556447    -0.731765
0.557497    -0.729562
0.558544    -0.727356
0.559587    -0.725148
0.560625    -0.722937
0.56166    -0.720723
0.56269    -0.718507
0.563716    -0.716289
0.564739    -0.714068
0.565757    -0.711845
0.566771    -0.709619
0.567781    -0.70739
0.568787    -0.705159
0.56979    -0.702926
0.570788    -0.70069
0.571782    -0.698452
0.572772    -0.696212
0.573758    -0.693969
0.57474    -0.691723
0.575718    -0.689476
0.576692    -0.687226
0.577662    -0.684973
0.578628    -0.682718
0.57959    -0.680461
0.580548    -0.678202
0.581502    -0.67594
0.582452    -0.673676
0.583398    -0.671409
0.58434    -0.669141
0.585278    -0.66687
0.586212    -0.664597
0.587142    -0.662321
0.588068    -0.660043
0.588991    -0.657764
0.589909    -0.655481
0.590823    -0.653197
0.591734    -0.650911
0.59264    -0.648622
0.593543    -0.646331
0.594441    -0.644038
0.595336    -0.641743
0.596226    -0.639446
0.597113    -0.637146
0.597996    -0.634845
0.598875    -0.632541
0.59975    -0.630235
0.600622    -0.627927
0.601489    -0.625617
0.602352    -0.623305
0.603212    -0.620991
0.604067    -0.618675
0.604919    -0.616357
0.605767    -0.614037
0.606611    -0.611715
0.607451    -0.609391
0.608288    -0.607065
0.60912    -0.604737
0.609949    -0.602407
0.610774    -0.600075
0.611594    -0.597741
0.612412    -0.595405
0.613225    -0.593067
0.614034    -0.590727
0.61484    -0.588386
0.615642    -0.586042
0.61644    -0.583697
0.617234    -0.58135
0.618024    -0.579001
0.618811    -0.57665
0.619594    -0.574297
0.620373    -0.571942
0.621148    -0.569586
0.62192    -0.567228
0.622688    -0.564868
0.623452    -0.562506
0.624212    -0.560142
0.624968    -0.557777
0.625721    -0.55541
0.62647    -0.553041
0.627216    -0.55067
0.627957    -0.548298
0.628695    -0.545924
0.629429    -0.543548
0.63016    -0.541171
0.630886    -0.538792
0.631609    -0.536411
0.632329    -0.534029
0.633044    -0.531645
0.633756    -0.529259
0.634465    -0.526872
0.635169    -0.524483
0.63587    -0.522093
0.636567    -0.5197
0.637261    -0.517307
0.637951    -0.514911
0.638638    -0.512515
0.63932    -0.510116
0.639999    -0.507716
0.640675    -0.505315
0.641347    -0.502912
0.642015    -0.500507
0.64268    -0.498101
0.643341    -0.495694
0.643998    -0.493285
0.644652    -0.490875
0.645303    -0.488463
0.645949    -0.486049
0.646593    -0.483635
0.647232    -0.481218
0.647868    -0.478801
0.648501    -0.476382
0.64913    -0.473961
0.649756    -0.471539
0.650378    -0.469116
0.650996    -0.466692
0.651611    -0.464266
0.652222    -0.461838
0.65283    -0.45941
0.653435    -0.45698
0.654036    -0.454549
0.654633    -0.452116
0.655227    -0.449682
0.655818    -0.447247
0.656405    -0.444811
0.656988    -0.442373
0.657569    -0.439934
0.658145    -0.437494
0.658719    -0.435052
0.659289    -0.43261
0.659855    -0.430166
0.660418    -0.427721
0.660978    -0.425274
0.661534    -0.422827
0.662087    -0.420378
0.662637    -0.417928
0.663183    -0.415477
0.663725    -0.413025
0.664265    -0.410572
0.664801    -0.408118
0.665334    -0.405662
0.665863    -0.403205
0.666389    -0.400748
0.666912    -0.398289
0.667431    -0.395829
0.667947    -0.393368
0.66846    -0.390906
0.668969    -0.388443
0.669475    -0.385979
0.669978    -0.383514
0.670478    -0.381047
0.670974    -0.37858
0.671467    -0.376112
0.671957    -0.373643
0.672444    -0.371173
0.672927    -0.368702
0.673407    -0.36623
0.673884    -0.363757
0.674358    -0.361283
0.674829    -0.358808
0.675296    -0.356332
0.67576    -0.353855
0.676221    -0.351377
0.676679    -0.348899
0.677133    -0.34642
0.677585    -0.343939
0.678033    -0.341458
0.678478    -0.338976
0.67892    -0.336493
0.679359    -0.334009
0.679795    -0.331525
0.680227    -0.32904
0.680657    -0.326553
0.681083    -0.324066
0.681507    -0.321579
0.681927    -0.31909
0.682344    -0.316601
0.682758    -0.314111
0.683169    -0.31162
0.683577    -0.309129
0.683982    -0.306636
0.684384    -0.304143
0.684783    -0.30165
0.685179    -0.299155
0.685572    -0.29666
0.685961    -0.294164
0.686348    -0.291668
0.686732    -0.289171
0.687113    -0.286673
0.687491    -0.284174
0.687866    -0.281675
0.688238    -0.279176
0.688607    -0.276675
0.688973    -0.274174
0.689336    -0.271673
0.689697    -0.269171
0.690054    -0.266668
0.690409    -0.264165
0.69076    -0.261661
0.691109    -0.259157
0.691455    -0.256652
0.691798    -0.254146
0.692138    -0.25164
0.692475    -0.249134
0.692809    -0.246627
0.693141    -0.244119
0.69347    -0.241611
0.693795    -0.239103
0.694119    -0.236594
0.694439    -0.234084
0.694756    -0.231574
0.695071    -0.229064
0.695383    -0.226553
0.695692    -0.224042
0.695999    -0.221531
0.696302    -0.219019
0.696603    -0.216506
0.696901    -0.213993
0.697197    -0.21148
0.69749    -0.208967
0.69778    -0.206453
0.698067    -0.203938
0.698352    -0.201424
0.698634    -0.198909
0.698913    -0.196394
0.69919    -0.193878
0.699464    -0.191362
0.699735    -0.188846
0.700004    -0.186329
0.70027    -0.183813
0.700533    -0.181296
0.700794    -0.178778
0.701053    -0.176261
0.701308    -0.173743
0.701561    -0.171225
0.701812    -0.168707
0.70206    -0.166188
0.702305    -0.163669
0.702548    -0.16115
0.702788    -0.158631
0.703026    -0.156112
0.703262    -0.153593
0.703494    -0.151073
0.703725    -0.148553
0.703952    -0.146033
0.704178    -0.143513
0.704401    -0.140993
0.704621    -0.138472
0.704839    -0.135952
0.705054    -0.133431
0.705267    -0.130911
0.705478    -0.12839
0.705686    -0.125869
0.705892    -0.123348
0.706095    -0.120827
0.706296    -0.118306
0.706495    -0.115785
0.706691    -0.113264
0.706885    -0.110743
0.707077    -0.108222
0.707266    -0.1057
0.707453    -0.103179
0.707637    -0.100658
0.70782    -0.0981368
0.708    -0.0956157
0.708177    -0.0930945
0.708353    -0.0905734
0.708526    -0.0880524
0.708697    -0.0855314
0.708865    -0.0830105
0.709031    -0.0804896
0.709195    -0.0779688
0.709357    -0.0754481
0.709517    -0.0729275
0.709674    -0.0704071
0.70983    -0.0678867
0.709983    -0.0653664
0.710133    -0.0628463
0.710282    -0.0603263
0.710429    -0.0578064
0.710573    -0.0552868
0.710715    -0.0527672
0.710855    -0.0502479
0.710993    -0.0477287
0.711129    -0.0452097
0.711263    -0.0426909
0.711395    -0.0401723
0.711524    -0.0376539
0.711652    -0.0351357
0.711777    -0.0326178
0.711901    -0.0301001
0.712022    -0.0275826
0.712141    -0.0250654
0.712259    -0.0225484
0.712374    -0.0200318
0.712487    -0.0175154
0.712599    -0.0149992
0.712708    -0.0124834
0.712815    -0.00996786
0.712921    -0.00745263
0.713024    -0.00493771
0.713125    -0.00242312
0.713225    9.11347e-05
0.713323    0.00260505
0.713418    0.00511863
0.713512    0.00763185
0.713604    0.0101447
0.713694    0.0126572
0.713782    0.0151693
0.713868    0.017681
0.713953    0.0201923
0.714035    0.0227033
0.714116    0.0252138
0.714195    0.0277239
0.714272    0.0302336
0.714347    0.0327428
0.714421    0.0352516
0.714493    0.03776
0.714562    0.0402679
0.714631    0.0427753
0.714697    0.0452823
0.714762    0.0477887
0.714825    0.0502947
0.714886    0.0528002
0.714945    0.0553053
0.715003    0.0578098
0.715059    0.0603137
0.715114    0.0628172
0.715166    0.0653201
0.715218    0.0678225
0.715267    0.0703243
0.715315    0.0728256
0.715361    0.0753263
0.715405    0.0778265
0.715448    0.0803261
0.71549    0.0828251
0.715529    0.0853235
0.715568    0.0878213
0.715604    0.0903185
0.715639    0.0928151
0.715673    0.095311
0.715705    0.0978064
0.715735    0.100301
0.715764    0.102795
0.715791    0.105289
0.715817    0.107781
0.715842    0.110273
0.715864    0.112765
0.715886    0.115256
0.715906    0.117746
0.715924    0.120235
0.715942    0.122724
0.715957    0.125212
0.715971    0.127699
0.715984    0.130185
0.715996    0.132671
0.716006    0.135156
0.716015    0.137641
