0.716022    0.140124
0.716028    0.142607
0.716032    0.145089
0.716036    0.14757
0.716038    0.150051
0.716038    0.15253
0.716038    0.155009
0.716036    0.157488
0.716033    0.159965
0.716028    0.162441
0.716023    0.164917
0.716016    0.167392
0.716007    0.169866
0.715998    0.172339
0.715987    0.174811
0.715975    0.177283
0.715962    0.179754
0.715948    0.182223
0.715933    0.184692
0.715916    0.18716
0.715898    0.189627
0.715879    0.192094
0.715859    0.194559
0.715838    0.197023
0.715816    0.199487
0.715793    0.201949
0.715768    0.204411
0.715743    0.206872
0.715716    0.209332
0.715688    0.21179
0.71566    0.214248
0.71563    0.216705
0.715599    0.219161
0.715567    0.221616
0.715535    0.22407
0.715501    0.226523
0.715466    0.228975
0.71543    0.231426
0.715394    0.233876
0.715356    0.236325
0.715317    0.238773
0.715278    0.24122
0.715237    0.243666
0.715196    0.246111
0.715154    0.248555
0.71511    0.250998
0.715066    0.25344
0.715021    0.25588
0.714976    0.25832
0.714929    0.260759
0.714882    0.263196
0.714833    0.265632
0.714784    0.268068
0.714734    0.270502
0.714684    0.272935
0.714632    0.275367
0.71458    0.277798
0.714527    0.280228
0.714473    0.282656
0.714419    0.285084
0.714363    0.28751
0.714307    0.289935
0.714251    0.292359
0.714193    0.294782
0.714135    0.297204
0.714077    0.299625
0.714017    0.302044
0.713957    0.304462
0.713896    0.306879
0.713835    0.309295
0.713773    0.311709
0.71371    0.314123
0.713647    0.316535
0.713584    0.318946
0.713519    0.321356
0.713454    0.323764
0.713389    0.326172
0.713323    0.328578
0.713256    0.330982
0.713189    0.333386
0.713121    0.335788
0.713053    0.338189
0.712985    0.340589
0.712916    0.342987
0.712846    0.345385
0.712776    0.34778
0.712706    0.350175
0.712635    0.352568
0.712563    0.35496
0.712491    0.357351
0.712419    0.35974
0.712347    0.362128
0.712274    0.364515
0.7122    0.366901
0.712127    0.369285
0.712052    0.371667
0.711978    0.374049
0.711903    0.376429
0.711828    0.378807
0.711753    0.381185
0.711677    0.383561
0.711601    0.385935
0.711525    0.388308
0.711448    0.39068
0.711371    0.393051
0.711294    0.39542
0.711217    0.397787
0.711139    0.400153
0.711062    0.402518
0.710984    0.404882
0.710905    0.407244
0.710827    0.409604
0.710749    0.411963
0.71067    0.414321
0.710591    0.416677
0.710512    0.419032
0.710433    0.421385
0.710354    0.423737
0.710274    0.426087
0.710195    0.428436
0.710115    0.430784
0.710036    0.43313
0.709956    0.435474
0.709876    0.437817
0.709796    0.440159
0.709716    0.442499
0.709637    0.444837
0.709557    0.447174
0.709477    0.44951
0.709397    0.451844
0.709317    0.454176
0.709237    0.456507
0.709157    0.458836
0.709077    0.461164
0.708998    0.46349
0.708918    0.465815
0.708839    0.468138
0.708759    0.47046
0.70868    0.47278
0.7086    0.475099
0.708521    0.477416
0.708442    0.479731
0.708363    0.482045
0.708285    0.484357
0.708206    0.486668
0.708128    0.488977
0.708049    0.491284
0.707971    0.49359
0.707893    0.495894
0.707816    0.498197
0.707738    0.500498
0.707661    0.502797
0.707584    0.505095
0.707508    0.507391
0.707431    0.509685
0.707355    0.511978
0.70728    0.514269
0.707204    0.516559
0.707129    0.518847
0.707054    0.521133
0.706979    0.523418
0.706905    0.5257
0.706831    0.527982
0.706758    0.530261
0.706685    0.532539
0.706612    0.534815
0.70654    0.53709
0.706468    0.539363
0.706396    0.541634
0.706325    0.543903
0.706254    0.546171
0.706184    0.548437
0.706114    0.550701
0.706045    0.552963
0.705976    0.555224
0.705908    0.557483
0.70584    0.559741
0.705773    0.561996
0.705706    0.56425
0.70564    0.566502
0.705574    0.568753
0.705509    0.571001
0.705444    0.573248
0.70538    0.575493
0.705317    0.577737
0.705254    0.579978
0.705191    0.582218
0.70513    0.584456
0.705069    0.586692
0.705008    0.588927
0.704949    0.591159
0.704889    0.59339
0.704831    0.595619
0.704773    0.597847
0.704716    0.600072
0.70466    0.602296
0.704604    0.604518
0.704549    0.606738
0.704495    0.608956
0.704441    0.611172
0.704388    0.613387
0.704336    0.615599
0.704285    0.61781
0.704234    0.620019
0.704185    0.622226
0.704136    0.624432
0.704088    0.626635
0.70404    0.628837
0.703994    0.631037
0.703948    0.633234
0.703903    0.63543
0.70386    0.637625
0.703816    0.639817
0.703774    0.642007
0.703733    0.644196
0.703693    0.646382
0.703653    0.648567
0.703614    0.65075
0.703577    0.652931
0.70354    0.65511
0.703504    0.657287
0.70347    0.659462
0.703436    0.661635
0.703403    0.663807
0.703371    0.665976
0.70334    0.668143
0.70331    0.670309
0.703281    0.672473
0.703254    0.674634
0.703227    0.676794
0.703201    0.678952
0.703176    0.681108
0.703153    0.683262
0.70313    0.685414
0.703109    0.687563
0.703088    0.689712
0.703069    0.691858
0.703051    0.694002
0.703034    0.696144
0.703018    0.698284
0.703004    0.700422
0.70299    0.702558
0.702978    0.704692
0.702966    0.706824
0.702956    0.708955
0.702948    0.711083
0.70294    0.713209
0.702934    0.715333
0.702929    0.717455
0.702925    0.719575
0.702922    0.721693
0.702921    0.72381
0.70292    0.725924
0.702921    0.728036
0.702924    0.730146
0.702928    0.732254
0.702933    0.73436
0.702939    0.736463
0.702947    0.738565
0.702956    0.740665
0.702966    0.742763
0.702978    0.744858
0.702991    0.746952
0.703005    0.749044
0.703021    0.751133
0.703038    0.753221
0.703057    0.755306
0.703077    0.757389
0.703098    0.75947
0.703121    0.761549
0.703146    0.763626
0.703171    0.765701
0.703199    0.767774
0.703227    0.769845
0.703257    0.771913
0.703289    0.77398
0.703322    0.776044
0.703357    0.778107
0.703393    0.780167
0.703431    0.782225
0.70347    0.784281
0.703511    0.786335
0.703553    0.788386
0.703597    0.790436
0.703643    0.792483
0.70369    0.794528
0.703739    0.796571
0.703789    0.798612
0.703841    0.800651
0.703895    0.802688
0.70395    0.804722
0.704007    0.806755
0.704065    0.808785
0.704125    0.810813
0.704187    0.812839
0.704251    0.814862
0.704316    0.816884
0.704383    0.818903
0.704451    0.82092
0.704522    0.822935
0.704594    0.824948
0.704668    0.826959
0.704743    0.828967
0.704821    0.830973
0.7049    0.832977
0.70498    0.834979
0.705063    0.836978
0.705148    0.838975
0.705234    0.840971
0.705322    0.842963
0.705412    0.844954
0.705503    0.846942
0.705597    0.848929
0.705692    0.850913
0.70579    0.852894
0.705889    0.854874
0.70599    0.856851
0.706093    0.858826
0.706197    0.860799
0.706304    0.862769
0.706413    0.864737
0.706523    0.866703
0.706636    0.868667
0.70675    0.870628
0.706867    0.872587
0.706985    0.874544
0.707105    0.876499
0.707227    0.878451
0.707352    0.880401
0.707478    0.882349
0.707606    0.884294
0.707737    0.886237
0.707869    0.888178
0.708003    0.890116
0.70814    0.892052
0.708278    0.893986
0.708419    0.895918
0.708561    0.897847
0.708706    0.899774
0.708853    0.901699
0.709001    0.903621
0.709152    0.905541
0.709305    0.907458
0.709461    0.909374
0.709618    0.911287
0.709777    0.913197
0.709939    0.915105
0.710103    0.917011
0.710269    0.918915
0.710437    0.920816
0.710607    0.922714
0.71078    0.924611
0.710954    0.926505
0.711131    0.928397
0.711311    0.930286
0.711492    0.932173
0.711676    0.934057
0.711861    0.935939
0.71205    0.937819
0.71224    0.939696
0.712433    0.941571
0.712628    0.943444
0.712825    0.945314
0.713024    0.947182
0.713226    0.949047
0.713431    0.95091
0.713637    0.95277
0.713846    0.954628
0.714057    0.956484
0.714271    0.958337
0.714487    0.960188
0.714705    0.962036
0.714926    0.963882
0.715149    0.965725
0.715374    0.967566
0.715602    0.969405
0.715832    0.971241
0.716065    0.973074
0.7163    0.974905
0.716538    0.976734
0.716778    0.97856
0.71702    0.980384
0.717265    0.982205
0.717513    0.984023
0.717763    0.98584
0.718015    0.987653
0.71827    0.989464
0.718528    0.991273
0.718787    0.993079
0.71905    0.994883
0.719315    0.996684
0.719583    0.998483
0.719853    1.00028
0.720125    1.00207
0.720401    1.00386
0.720678    1.00565
0.720959    1.00744
0.721242    1.00922
0.721528    1.011
0.721816    1.01278
0.722107    1.01456
0.7224    1.01633
0.722696    1.0181
0.722995    1.01987
0.723296    1.02163
0.7236    1.0234
0.723907    1.02516
0.724217    1.02692
0.724529    1.02867
0.724844    1.03042
0.725161    1.03217
0.725481    1.03392
0.725804    1.03567
0.72613    1.03741
0.726458    1.03915
0.72679    1.04088
0.727123    1.04262
0.72746    1.04435
0.7278    1.04608
0.728142    1.04781
0.728487    1.04953
0.728835    1.05125
0.729185    1.05297
0.729539    1.05469
0.729895    1.0564
0.730254    1.05811
0.730616    1.05982
0.730981    1.06152
0.731348    1.06323
0.731719    1.06493
0.732092    1.06662
0.732468    1.06832
0.732847    1.07001
0.733229    1.0717
0.733614    1.07339
0.734002    1.07507
0.734393    1.07675
0.734786    1.07843
0.735183    1.08011
0.735582    1.08178
