-0.569244    1.17854
-0.567166    1.1786
-0.56509    1.17865
-0.563014    1.1787
-0.56094    1.17874
-0.558866    1.17877
-0.556794    1.1788
-0.554723    1.17883
-0.552654    1.17884
-0.550585    1.17885
-0.548518    1.17886
-0.546452    1.17886
-0.544387    1.17885
-0.542324    1.17884
-0.540262    1.17882
-0.538201    1.1788
-0.536141    1.17877
-0.534083    1.17874
-0.532026    1.1787
-0.52997    1.17865
-0.527916    1.1786
-0.525863    1.17854
-0.523812    1.17847
-0.521762    1.1784
-0.519713    1.17833
-0.517665    1.17825
-0.51562    1.17816
-0.513575    1.17807
-0.511532    1.17797
-0.509491    1.17786
-0.50745    1.17775
-0.505412    1.17764
-0.503375    1.17751
-0.501339    1.17739
-0.499305    1.17725
-0.497272    1.17711
-0.495241    1.17697
-0.493212    1.17682
-0.491184    1.17666
-0.489158    1.1765
-0.487133    1.17633
-0.48511    1.17616
-0.483088    1.17598
-0.481068    1.17579
-0.47905    1.1756
-0.477033    1.1754
-0.475018    1.1752
-0.473005    1.175
-0.470993    1.17478
-0.468983    1.17456
-0.466974    1.17434
-0.464968    1.17411
-0.462963    1.17387
-0.46096    1.17363
-0.458958    1.17338
-0.456959    1.17313
-0.454961    1.17287
-0.452964    1.17261
-0.45097    1.17234
-0.448977    1.17206
-0.446987    1.17178
-0.444998    1.17149
-0.44301    1.1712
-0.441025    1.1709
-0.439042    1.1706
-0.43706    1.17029
-0.43508    1.16998
-0.433102    1.16966
-0.431126    1.16933
-0.429152    1.169
-0.42718    1.16866
-0.425209    1.16832
-0.423241    1.16797
-0.421275    1.16762
-0.41931    1.16726
-0.417347    1.1669
-0.415387    1.16653
-0.413428    1.16615
-0.411472    1.16577
-0.409517    1.16538
-0.407564    1.16499
-0.405614    1.16459
-0.403665    1.16419
-0.401718    1.16378
-0.399774    1.16337
-0.397831    1.16295
-0.395891    1.16253
-0.393952    1.16209
-0.392016    1.16166
-0.390082    1.16122
-0.38815    1.16077
-0.38622    1.16032
-0.384292    1.15986
-0.382366    1.1594
-0.380442    1.15893
-0.378521    1.15846
-0.376602    1.15798
-0.374684    1.1575
-0.372769    1.15701
-0.370857    1.15651
-0.368946    1.15601
-0.367037    1.15551
-0.365131    1.155
-0.363227    1.15448
-0.361325    1.15396
-0.359426    1.15343
-0.357528    1.1529
-0.355633    1.15236
-0.35374    1.15182
-0.35185    1.15127
-0.349961    1.15072
-0.348075    1.15016
-0.346192    1.1496
-0.34431    1.14903
-0.342431    1.14845
-0.340554    1.14787
-0.33868    1.14729
-0.336808    1.1467
-0.334938    1.1461
-0.33307    1.1455
-0.331205    1.1449
-0.329342    1.14429
-0.327482    1.14367
-0.325624    1.14305
-0.323768    1.14242
-0.321915    1.14179
-0.320064    1.14116
-0.318216    1.14051
-0.31637    1.13987
-0.314526    1.13922
-0.312685    1.13856
-0.310847    1.1379
-0.30901    1.13723
-0.307177    1.13656
-0.305345    1.13588
-0.303516    1.13519
-0.30169    1.13451
-0.299866    1.13381
-0.298045    1.13312
-0.296226    1.13241
-0.29441    1.1317
-0.292596    1.13099
-0.290784    1.13027
-0.288975    1.12955
-0.287169    1.12882
-0.285365    1.12809
-0.283564    1.12735
-0.281766    1.12661
-0.27997    1.12586
-0.278176    1.1251
-0.276385    1.12435
-0.274597    1.12358
-0.272811    1.12281
-0.271028    1.12204
-0.269247    1.12126
-0.267469    1.12048
-0.265694    1.11969
-0.263921    1.1189
-0.262151    1.1181
-0.260384    1.1173
-0.258619    1.11649
-0.256857    1.11567
-0.255097    1.11486
-0.253341    1.11403
-0.251586    1.11321
-0.249835    1.11237
-0.248086    1.11154
-0.24634    1.1107
-0.244597    1.10985
-0.242856    1.109
-0.241118    1.10814
-0.239382    1.10728
-0.23765    1.10641
-0.23592    1.10554
-0.234193    1.10467
-0.232468    1.10378
-0.230747    1.1029
-0.229028    1.10201
-0.227312    1.10111
-0.225598    1.10021
-0.223888    1.09931
-0.22218    1.0984
-0.220474    1.09749
-0.218772    1.09657
-0.217073    1.09564
-0.215376    1.09472
-0.213682    1.09378
-0.211991    1.09284
-0.210302    1.0919
-0.208617    1.09096
-0.206934    1.09
-0.205254    1.08905
-0.203577    1.08809
-0.201902    1.08712
-0.200231    1.08615
-0.198562    1.08518
-0.196896    1.0842
-0.195234    1.08321
-0.193573    1.08222
-0.191916    1.08123
-0.190262    1.08023
-0.18861    1.07923
-0.186962    1.07822
-0.185316    1.07721
-0.183673    1.07619
-0.182033    1.07517
-0.180396    1.07415
-0.178762    1.07312
-0.177131    1.07208
-0.175502    1.07104
-0.173877    1.07
-0.172254    1.06895
-0.170634    1.0679
-0.169018    1.06684
-0.167404    1.06578
-0.165793    1.06471
-0.164185    1.06364
-0.16258    1.06257
-0.160978    1.06149
-0.159379    1.0604
-0.157783    1.05931
-0.156189    1.05822
-0.154599    1.05712
-0.153012    1.05602
-0.151427    1.05492
-0.149846    1.0538
-0.148267    1.05269
-0.146692    1.05157
-0.14512    1.05045
-0.14355    1.04932
-0.141984    1.04819
-0.14042    1.04705
-0.13886    1.04591
-0.137302    1.04476
-0.135747    1.04361
-0.134196    1.04246
-0.132647    1.0413
-0.131102    1.04014
-0.129559    1.03897
-0.12802    1.0378
-0.126483    1.03662
-0.12495    1.03544
-0.12342    1.03426
-0.121892    1.03307
-0.120368    1.03188
-0.118846    1.03068
-0.117328    1.02948
-0.115813    1.02827
-0.114301    1.02706
-0.112791    1.02585
-0.111285    1.02463
-0.109782    1.02341
-0.108282    1.02218
-0.106785    1.02095
-0.105291    1.01972
-0.1038    1.01848
-0.102313    1.01723
-0.100828    1.01599
-0.0993462    1.01473
-0.0978676    1.01348
-0.0963921    1.01222
-0.0949197    1.01095
-0.0934503    1.00969
-0.091984    1.00841
-0.0905208    1.00714
-0.0890607    1.00586
-0.0876036    1.00457
-0.0861497    1.00328
-0.0846988    1.00199
-0.0832511    1.00069
-0.0818064    0.999394
-0.0803648    0.998089
-0.0789263    0.99678
-0.077491    0.995468
-0.0760587    0.994151
-0.0746295    0.99283
-0.0732034    0.991505
-0.0717805    0.990176
-0.0703606    0.988843
-0.0689439    0.987506
-0.0675303    0.986166
-0.0661197    0.984821
-0.0647123    0.983472
-0.0633081    0.982119
-0.0619069    0.980763
-0.0605088    0.979402
-0.0591139    0.978038
-0.0577221    0.976669
-0.0563335    0.975297
-0.0549479    0.973921
-0.0535655    0.97254
-0.0521862    0.971156
-0.05081    0.969768
-0.049437    0.968377
-0.0480671    0.966981
-0.0467003    0.965581
-0.0453367    0.964178
-0.0439762    0.962771
-0.0426188    0.96136
-0.0412646    0.959945
-0.0399135    0.958526
-0.0385656    0.957104
-0.0372208    0.955678
-0.0358791    0.954248
-0.0345406    0.952814
-0.0332052    0.951376
-0.0318729    0.949935
-0.0305438    0.948489
-0.0292179    0.94704
-0.0278951    0.945588
-0.0265754    0.944131
-0.0252589    0.942671
-0.0239456    0.941207
-0.0226353    0.93974
-0.0213283    0.938268
-0.0200244    0.936793
-0.0187236    0.935314
-0.017426    0.933832
-0.0161315    0.932346
-0.0148402    0.930856
-0.013552    0.929363
-0.012267    0.927866
-0.0109851    0.926365
-0.00970639    0.924861
-0.00843083    0.923352
-0.00715841    0.921841
-0.00588915    0.920326
-0.00462304    0.918807
-0.00336008    0.917284
-0.00210028    0.915758
-0.000843622    0.914228
0.000409879    0.912695
0.00166023    0.911158
0.00290743    0.909618
0.00415147    0.908074
0.00539237    0.906526
0.00663011    0.904975
0.00786471    0.903421
0.00909615    0.901863
0.0103244    0.900301
0.0115496    0.898736
0.0127716    0.897167
0.0139904    0.895595
0.0152061    0.894019
0.0164186    0.89244
0.017628    0.890858
0.0188343    0.889271
0.0200374    0.887682
0.0212373    0.886089
0.0224342    0.884492
0.0236278    0.882893
0.0248183    0.881289
0.0260057    0.879683
0.0271899    0.878072
0.028371    0.876459
0.029549    0.874842
0.0307238    0.873221
0.0318954    0.871598
0.033064    0.86997
0.0342293    0.86834
0.0353916    0.866706
0.0365507    0.865069
0.0377067    0.863428
0.0388595    0.861784
0.0400092    0.860137
0.0411558    0.858486
0.0422992    0.856833
0.0434396    0.855175
0.0445767    0.853515
0.0457108    0.851851
0.0468417    0.850184
0.0479695    0.848513
0.0490942    0.84684
0.0502158    0.845163
0.0513342    0.843482
0.0524495    0.841799
0.0535617    0.840112
0.0546708    0.838422
0.0557767    0.836729
0.0568796    0.835033
0.0579793    0.833333
0.0590759    0.83163
0.0601694    0.829924
0.0612598    0.828215
0.0623471    0.826502
0.0634313    0.824787
0.0645124    0.823068
0.0655903    0.821346
0.0666652    0.819621
0.067737    0.817892
0.0688057    0.816161
0.0698713    0.814426
0.0709338    0.812689
0.0719932    0.810948
0.0730495    0.809204
0.0741027    0.807457
0.0751528    0.805707
0.0761999    0.803953
0.0772438    0.802197
0.0782847    0.800437
0.0793225    0.798675
0.0803573    0.796909
0.0813889    0.795141
0.0824175    0.793369
0.083443    0.791594
0.0844655    0.789817
0.0854849    0.788036
0.0865012    0.786252
0.0875144    0.784465
0.0885246    0.782675
0.0895318    0.780882
0.0905359    0.779086
0.0915369    0.777288
0.0925349    0.775486
0.0935298    0.773681
0.0945217    0.771873
0.0955106    0.770062
0.0964964    0.768249
0.0974791    0.766432
0.0984589    0.764612
0.0994356    0.76279
0.100409    0.760965
0.10138    0.759136
0.102348    0.757305
0.103312    0.755471
0.104274    0.753634
0.105232    0.751794
0.106188    0.749951
0.10714    0.748105
0.10809    0.746257
0.109036    0.744405
0.10998    0.742551
0.11092    0.740694
0.111858    0.738834
0.112792    0.736971
0.113724    0.735105
0.114652    0.733237
0.115578    0.731365
0.116501    0.729491
0.11742    0.727614
0.118337    0.725735
0.11925    0.723852
0.120161    0.721967
0.121069    0.720079
0.121973    0.718188
0.122875    0.716295
0.123774    0.714399
0.12467    0.7125
0.125563    0.710598
0.126453    0.708693
0.12734    0.706786
0.128224    0.704876
0.129105    0.702964
0.129983    0.701048
0.130858    0.69913
0.131731    0.697209
0.1326    0.695286
0.133467    0.69336
0.13433    0.691431
0.135191    0.6895
0.136048    0.687566
0.136903    0.685629
0.137755    0.68369
0.138604    0.681748
0.13945    0.679803
0.140293    0.677856
0.141134    0.675906
0.141971    0.673954
0.142806    0.671999
0.143637    0.670041
0.144466    0.668081
0.145292    0.666118
0.146115    0.664153
0.146935    0.662185
0.147753    0.660215
0.148567    0.658242
0.149379    0.656266
0.150187    0.654288
0.150993    0.652308
0.151796    0.650325
0.152597    0.648339
0.153394    0.646351
0.154189    0.64436
0.15498    0.642367
0.155769    0.640371
0.156555    0.638373
0.157339    0.636373
0.158119    0.63437
0.158897    0.632364
0.159672    0.630356
0.160444    0.628346
0.161213    0.626333
0.161979    0.624318
0.162743    0.6223
0.163504    0.62028
0.164262    0.618258
0.165017    0.616233
0.16577    0.614206
