0.16652    0.612176
0.167267    0.610144
0.168011    0.608109
0.168753    0.606073
0.169491    0.604033
0.170227    0.601992
0.170961    0.599948
0.171691    0.597902
0.172419    0.595853
0.173144    0.593802
0.173867    0.591749
0.174586    0.589694
0.175303    0.587636
0.176018    0.585576
0.176729    0.583513
0.177438    0.581449
0.178144    0.579382
0.178848    0.577312
0.179548    0.575241
0.180246    0.573167
0.180942    0.571091
0.181635    0.569013
0.182325    0.566932
0.183012    0.56485
0.183697    0.562765
0.184379    0.560677
0.185058    0.558588
0.185735    0.556497
0.186409    0.554403
0.187081    0.552307
0.18775    0.550209
0.188416    0.548108
0.18908    0.546006
0.189741    0.543901
0.190399    0.541794
0.191055    0.539685
0.191709    0.537574
0.192359    0.535461
0.193007    0.533346
0.193653    0.531228
0.194296    0.529109
0.194936    0.526987
0.195574    0.524863
0.196209    0.522737
0.196842    0.520609
0.197472    0.518479
0.198099    0.516347
0.198724    0.514213
0.199347    0.512077
0.199967    0.509938
0.200584    0.507798
0.201199    0.505656
0.201811    0.503511
0.202421    0.501365
0.203029    0.499216
0.203633    0.497066
0.204236    0.494913
0.204836    0.492759
0.205433    0.490602
0.206028    0.488444
0.20662    0.486284
0.20721    0.484121
0.207798    0.481957
0.208383    0.479791
0.208965    0.477622
0.209546    0.475452
0.210123    0.47328
0.210699    0.471106
0.211271    0.46893
0.211842    0.466752
0.21241    0.464573
0.212975    0.462391
0.213539    0.460207
0.214099    0.458022
0.214658    0.455835
0.215214    0.453645
0.215767    0.451454
0.216318    0.449262
0.216867    0.447067
0.217414    0.44487
0.217958    0.442672
0.2185    0.440472
0.219039    0.43827
0.219576    0.436066
0.220111    0.43386
0.220643    0.431653
0.221173    0.429443
0.221701    0.427232
0.222226    0.425019
0.22275    0.422805
0.22327    0.420588
0.223789    0.41837
0.224305    0.41615
0.224819    0.413929
0.225331    0.411706
0.22584    0.40948
0.226347    0.407254
0.226852    0.405025
0.227355    0.402795
0.227855    0.400563
0.228353    0.398329
0.228849    0.396094
0.229343    0.393857
0.229834    0.391619
0.230324    0.389378
0.230811    0.387136
0.231295    0.384893
0.231778    0.382647
0.232258    0.380401
0.232737    0.378152
0.233213    0.375902
0.233686    0.37365
0.234158    0.371397
0.234628    0.369142
0.235095    0.366885
0.23556    0.364627
0.236023    0.362368
0.236484    0.360106
0.236943    0.357844
0.2374    0.355579
0.237854    0.353313
0.238307    0.351046
0.238757    0.348777
0.239206    0.346506
0.239652    0.344234
0.240096    0.341961
0.240538    0.339686
0.240978    0.337409
0.241416    0.335131
0.241852    0.332851
0.242285    0.33057
0.242717    0.328288
0.243147    0.326004
0.243574    0.323719
0.244    0.321432
0.244424    0.319144
0.244845    0.316854
0.245265    0.314563
0.245683    0.31227
0.246098    0.309976
0.246512    0.307681
0.246924    0.305384
0.247333    0.303086
0.247741    0.300786
0.248147    0.298486
0.248551    0.296183
0.248952    0.29388
0.249352    0.291575
0.24975    0.289268
0.250146    0.286961
0.250541    0.284652
0.250933    0.282341
0.251323    0.28003
0.251712    0.277717
0.252098    0.275403
0.252483    0.273087
0.252866    0.27077
0.253247    0.268452
0.253626    0.266133
0.254003    0.263812
0.254379    0.261491
0.254752    0.259168
0.255124    0.256843
0.255494    0.254518
0.255862    0.252191
0.256228    0.249863
0.256593    0.247534
0.256955    0.245203
0.257316    0.242872
0.257675    0.240539
0.258033    0.238205
0.258388    0.23587
0.258742    0.233533
0.259094    0.231196
0.259445    0.228857
0.259793    0.226518
0.26014    0.224177
0.260485    0.221835
0.260829    0.219492
0.26117    0.217147
0.261511    0.214802
0.261849    0.212456
0.262185    0.210108
0.26252    0.207759
0.262854    0.20541
0.263185    0.203059
0.263515    0.200707
0.263844    0.198354
0.26417    0.196001
0.264496    0.193646
0.264819    0.19129
0.265141    0.188933
0.265461    0.186575
0.26578    0.184216
0.266097    0.181856
0.266412    0.179495
0.266726    0.177133
0.267038    0.17477
0.267349    0.172406
0.267658    0.170041
0.267966    0.167675
0.268272    0.165309
0.268576    0.162941
0.268879    0.160572
0.269181    0.158203
0.269481    0.155832
0.269779    0.153461
0.270076    0.151089
0.270372    0.148716
0.270666    0.146342
0.270958    0.143967
0.271249    0.141591
0.271539    0.139215
0.271827    0.136837
0.272114    0.134459
0.272399    0.13208
0.272683    0.1297
0.272966    0.127319
0.273247    0.124938
0.273526    0.122555
0.273805    0.120172
0.274081    0.117788
0.274357    0.115403
0.274631    0.113018
0.274904    0.110632
0.275175    0.108245
0.275445    0.105857
0.275714    0.103468
0.275982    0.101079
0.276248    0.0986891
0.276512    0.0962984
0.276776    0.093907
0.277038    0.0915149
0.277299    0.0891221
0.277559    0.0867287
0.277817    0.0843345
0.278074    0.0819397
0.27833    0.0795443
0.278585    0.0771481
0.278838    0.0747514
0.27909    0.072354
0.279341    0.0699559
0.279591    0.0675573
0.279839    0.065158
0.280086    0.0627581
0.280332    0.0603577
0.280577    0.0579566
0.280821    0.055555
0.281064    0.0531527
0.281305    0.05075
0.281545    0.0483466
0.281785    0.0459427
0.282023    0.0435383
0.282259    0.0411333
0.282495    0.0387278
0.28273    0.0363218
0.282963    0.0339153
0.283196    0.0315083
0.283427    0.0291007
0.283658    0.0266927
0.283887    0.0242842
0.284115    0.0218753
0.284342    0.0194659
0.284568    0.017056
0.284794    0.0146457
0.285018    0.0122349
0.285241    0.00982374
0.285463    0.00741213
0.285684    0.00500011
0.285904    0.00258768
0.286123    0.00017485
0.286341    -0.00223837
0.286558    -0.00465197
0.286775    -0.00706595
0.28699    -0.00948029
0.287204    -0.011895
0.287418    -0.01431
0.28763    -0.0167254
0.287842    -0.0191412
0.288052    -0.0215572
0.288262    -0.0239736
0.288471    -0.0263903
0.288679    -0.0288073
0.288886    -0.0312245
0.289093    -0.0336421
0.289298    -0.03606
0.289503    -0.0384781
0.289707    -0.0408964
0.28991    -0.0433151
0.290112    -0.045734
0.290313    -0.0481531
0.290514    -0.0505724
0.290714    -0.052992
0.290913    -0.0554118
0.291111    -0.0578317
0.291308    -0.0602519
0.291505    -0.0626723
0.291701    -0.0650929
0.291896    -0.0675136
0.292091    -0.0699345
0.292285    -0.0723555
0.292478    -0.0747767
0.29267    -0.0771981
0.292862    -0.0796195
0.293053    -0.0820411
0.293244    -0.0844629
0.293433    -0.0868847
0.293622    -0.0893066
0.293811    -0.0917286
0.293999    -0.0941508
0.294186    -0.0965729
0.294372    -0.0989952
0.294558    -0.101418
0.294744    -0.10384
0.294929    -0.106262
0.295113    -0.108685
0.295296    -0.111107
0.295479    -0.11353
0.295662    -0.115952
0.295844    -0.118375
0.296025    -0.120797
0.296206    -0.12322
0.296387    -0.125642
0.296567    -0.128065
0.296746    -0.130487
0.296925    -0.132909
0.297103    -0.135332
0.297281    -0.137754
0.297459    -0.140176
0.297636    -0.142598
0.297812    -0.14502
0.297989    -0.147442
0.298164    -0.149864
0.29834    -0.152286
0.298514    -0.154708
0.298689    -0.157129
0.298863    -0.15955
0.299037    -0.161972
0.29921    -0.164393
0.299383    -0.166814
0.299556    -0.169234
0.299728    -0.171655
0.2999    -0.174075
0.300072    -0.176496
0.300243    -0.178916
0.300414    -0.181335
0.300585    -0.183755
0.300756    -0.186174
0.300926    -0.188594
0.301096    -0.191012
0.301266    -0.193431
0.301435    -0.19585
0.301604    -0.198268
0.301773    -0.200686
0.301942    -0.203103
0.30211    -0.205521
0.302279    -0.207938
0.302447    -0.210354
0.302615    -0.212771
0.302783    -0.215187
0.30295    -0.217603
0.303118    -0.220018
0.303285    -0.222433
0.303452    -0.224848
0.303619    -0.227262
0.303786    -0.229676
0.303953    -0.23209
0.30412    -0.234503
0.304287    -0.236916
0.304453    -0.239329
0.30462    -0.241741
0.304786    -0.244153
0.304953    -0.246564
0.305119    -0.248975
0.305285    -0.251385
0.305452    -0.253795
0.305618    -0.256205
0.305784    -0.258614
0.305951    -0.261022
0.306117    -0.263431
0.306283    -0.265838
0.30645    -0.268245
0.306616    -0.270652
0.306783    -0.273058
0.306949    -0.275464
0.307116    -0.277869
0.307282    -0.280274
0.307449    -0.282678
0.307616    -0.285081
0.307783    -0.287484
0.30795    -0.289887
0.308118    -0.292288
0.308285    -0.29469
0.308453    -0.29709
0.30862    -0.29949
0.308788    -0.30189
0.308956    -0.304289
0.309125    -0.306687
0.309293    -0.309085
0.309462    -0.311482
0.309631    -0.313878
0.3098    -0.316274
0.309969    -0.318669
0.310139    -0.321063
0.310309    -0.323457
0.310479    -0.32585
0.310649    -0.328242
0.31082    -0.330634
0.310991    -0.333025
0.311162    -0.335415
0.311334    -0.337805
0.311506    -0.340194
0.311678    -0.342582
0.31185    -0.344969
0.312023    -0.347356
0.312197    -0.349742
0.31237    -0.352127
0.312545    -0.354511
0.312719    -0.356895
0.312894    -0.359277
0.313069    -0.361659
0.313245    -0.36404
0.313421    -0.366421
0.313598    -0.3688
0.313775    -0.371179
0.313952    -0.373557
0.31413    -0.375934
0.314309    -0.37831
0.314488    -0.380686
0.314667    -0.38306
0.314847    -0.385434
0.315027    -0.387807
0.315208    -0.390178
0.31539    -0.392549
0.315572    -0.39492
0.315755    -0.397289
0.315938    -0.399657
0.316122    -0.402024
0.316306    -0.404391
0.316491    -0.406756
0.316676    -0.409121
0.316863    -0.411484
0.317049    -0.413847
0.317237    -0.416209
0.317425    -0.418569
0.317614    -0.420929
0.317803    -0.423288
0.317993    -0.425645
0.318184    -0.428002
0.318376    -0.430358
0.318568    -0.432713
0.318761    -0.435066
0.318954    -0.437419
0.319149    -0.43977
0.319344    -0.442121
0.319539    -0.44447
0.319736    -0.446819
0.319933    -0.449166
0.320132    -0.451513
0.320331    -0.453858
0.32053    -0.456202
0.320731    -0.458545
0.320932    -0.460887
0.321134    -0.463227
0.321338    -0.465567
0.321541    -0.467906
0.321746    -0.470243
0.321952    -0.472579
0.322158    -0.474914
0.322366    -0.477248
0.322574    -0.479581
0.322783    -0.481913
0.322993    -0.484243
0.323205    -0.486572
0.323417    -0.4889
0.323629    -0.491227
0.323843    -0.493553
0.324058    -0.495877
0.324274    -0.498201
0.324491    -0.500522
0.324709    -0.502843
0.324928    -0.505163
0.325148    -0.507481
0.325368    -0.509798
0.32559    -0.512114
0.325813    -0.514428
0.326037    -0.516741
0.326262    -0.519053
0.326489    -0.521364
0.326716    -0.523673
0.326944    -0.525981
0.327174    -0.528287
0.327404    -0.530593
0.327636    -0.532897
0.327869    -0.535199
0.328103    -0.537501
0.328338    -0.539801
0.328574    -0.542099
0.328812    -0.544397
0.32905    -0.546692
0.32929    -0.548987
0.329531    -0.55128
0.329773    -0.553572
0.330017    -0.555862
0.330262    -0.558151
0.330508    -0.560438
0.330755    -0.562724
0.331003    -0.565009
0.331253    -0.567292
0.331504    -0.569574
0.331756    -0.571854
0.33201    -0.574133
0.332265    -0.57641
0.332521    -0.578686
0.332778    -0.580961
0.333037    -0.583234
0.333298    -0.585505
0.333559    -0.587775
0.333822    -0.590043
0.334086    -0.59231
0.334352    -0.594576
0.334619    -0.59684
0.334888    -0.599102
0.335158    -0.601363
0.335429    -0.603622
0.335702    -0.60588
0.335976    -0.608136
0.336252    -0.61039
0.336529    -0.612643
0.336808    -0.614895
0.337088    -0.617145
0.337369    -0.619393
0.337653    -0.62164
0.337937    -0.623885
0.338223    -0.626128
0.338511    -0.62837
0.3388    -0.63061
0.339091    -0.632848
0.339383    -0.635085
0.339677    -0.637321
0.339973    -0.639554
0.34027    -0.641786
0.340569    -0.644016
0.340869    -0.646245
0.341171    -0.648472
0.341474    -0.650697
0.341779    -0.65292
0.342086    -0.655142
0.342395    -0.657362
0.342705    -0.65958
0.343017    -0.661797
0.34333    -0.664012
0.343645    -0.666225
0.343962    -0.668437
0.344281    -0.670646
0.344601    -0.672854
0.344923    -0.67506
0.345247    -0.677265
0.345573    -0.679467
0.3459    -0.681668
0.346229    -0.683867
0.34656    -0.686064
0.346892    -0.68826
0.347227    -0.690453
0.347563    -0.692645
0.347901    -0.694835
0.348241    -0.697023
0.348583    -0.699209
0.348926    -0.701394
0.349272    -0.703576
0.349619    -0.705757
0.349968    -0.707936
0.350319    -0.710113
0.350672    -0.712288
0.351027    -0.714461
0.351384    -0.716632
0.351743    -0.718802
0.352103    -0.720969
0.352466    -0.723135
0.35283    -0.725299
0.353197    -0.72746
0.353565    -0.72962
0.353936    -0.731778
0.354308    -0.733934
0.354683    -0.736088
0.355059    -0.73824
0.355438    -0.74039
0.355818    -0.742538
0.3562    -0.744684
0.356585    -0.746828
0.356972    -0.74897
0.35736    -0.75111
0.357751    -0.753249
0.358144    -0.755385
0.358539    -0.757519
0.358936    -0.759651
0.359335    -0.761781
0.359736    -0.763909
0.360139    -0.766035
0.360545    -0.768159
0.360952    -0.77028
0.361362    -0.7724
0.361774    -0.774518
0.362188    -0.776633
0.362605    -0.778747
0.363023    -0.780858
0.363444    -0.782968
0.363867    -0.785075
0.364292    -0.78718
0.364719    -0.789283
0.365149    -0.791384
0.36558    -0.793483
0.366015    -0.795579
0.366451    -0.797674
0.36689    -0.799766
0.36733    -0.801856
0.367774    -0.803944
0.368219    -0.80603
0.368667    -0.808113
0.369117    -0.810195
0.36957    -0.812274
0.370024    -0.814351
0.370481    -0.816426
0.370941    -0.818499
0.371403    -0.820569
0.371867    -0.822637
0.372334    -0.824703
0.372803    -0.826767
0.373274    -0.828828
0.373748    -0.830888
0.374224    -0.832944
0.374703    -0.834999
0.375184    -0.837052
0.375667    -0.839102
0.376153    -0.84115
0.376642    -0.843195
0.377133    -0.845238
0.377626    -0.847279
0.378122    -0.849318
0.37862    -0.851354
0.379121    -0.853388
0.379625    -0.85542
0.380131    -0.857449
0.380639    -0.859476
0.38115    -0.861501
0.381664    -0.863523
0.38218    -0.865543
0.382699    -0.86756
0.38322    -0.869575
0.383744    -0.871588
0.38427    -0.873598
0.384799    -0.875606
0.385331    -0.877612
0.385865    -0.879615
0.386402    -0.881616
0.386942    -0.883614
0.387484    -0.88561
0.388029    -0.887603
0.388576    -0.889594
0.389126    -0.891583
0.389679    -0.893569
0.390235    -0.895552
0.390793    -0.897533
0.391354    -0.899512
0.391918    -0.901488
0.392484    -0.903462
0.393053    -0.905433
0.393625    -0.907401
0.3942    -0.909367
0.394777    -0.911331
0.395357    -0.913292
0.39594    -0.91525
0.396526    -0.917206
0.397115    -0.91916
0.397706    -0.92111
0.3983    -0.923059
0.398897    -0.925004
0.399497    -0.926947
0.400099    -0.928888
0.400705    -0.930826
0.401313    -0.932761
0.401924    -0.934694
0.402538    -0.936624
0.403155    -0.938551
0.403775    -0.940476
0.404398    -0.942398
0.405023    -0.944318
0.405652    -0.946235
0.406283    -0.948149
0.406918    -0.950061
0.407555    -0.95197
0.408195    -0.953876
0.408838    -0.955779
0.409484    -0.95768
0.410134    -0.959578
0.410786    -0.961474
0.411441    -0.963366
0.412099    -0.965256
0.41276    -0.967144
0.413424    -0.969028
0.414091    -0.97091
0.414761    -0.972789
0.415434    -0.974665
0.41611    -0.976539
0.416789    -0.978409
0.417472    -0.980277
0.418157    -0.982143
0.418845    -0.984005
0.419537    -0.985864
0.420232    -0.987721
0.420929    -0.989575
0.42163    -0.991426
0.422334    -0.993275
0.423041    -0.99512
0.423751    -0.996963
0.424464    -0.998802
0.425181    -1.00064
0.4259    -1.00247
0.426623    -1.0043
0.427349    -1.00613
0.428078    -1.00796
0.42881    -1.00978
0.429545    -1.0116
0.430284    -1.01342
0.431026    -1.01523
0.431771    -1.01704
0.432519    -1.01885
0.433271    -1.02065
0.434025    -1.02246
0.434783    -1.02425
0.435545    -1.02605
0.436309    -1.02784
0.437077    -1.02963
0.437848    -1.03142
0.438622    -1.0332
0.4394    -1.03499
0.440181    -1.03676
0.440965    -1.03854
0.441752    -1.04031
0.442543    -1.04208
0.443337    -1.04385
0.444135    -1.04561
0.444935    -1.04737
0.44574    -1.04912
0.446547    -1.05088
0.447358    -1.05263
0.448172    -1.05438
0.44899    -1.05612
0.449811    -1.05786
0.450635    -1.0596
0.451463    -1.06133
0.452294    -1.06307
0.453129    -1.0648
0.453967    -1.06652
0.454808    -1.06824
0.455653    -1.06996
0.456501    -1.07168
0.457353    -1.07339
0.458208    -1.0751
0.459067    -1.07681
0.459929    -1.07851
0.460795    -1.08021
0.461664    -1.08191
0.462536    -1.0836
0.463413    -1.08529
0.464292    -1.08698
0.465175    -1.08866
0.466062    -1.09034
0.466952    -1.09202
0.467846    -1.09369
0.468743    -1.09537
0.469644    -1.09703
0.470548    -1.0987
0.471456    -1.10036
0.472367    -1.10202
0.473282    -1.10367
0.474201    -1.10532
0.475123    -1.10697
0.476049    -1.10861
0.476978    -1.11025
0.477911    -1.11189
0.478847    -1.11352
0.479788    -1.11515
0.480731    -1.11678
0.481679    -1.11841
0.48263    -1.12003
0.483585    -1.12164
0.484543    -1.12326
0.485505    -1.12487
0.48647    -1.12647
0.48744    -1.12808
0.488413    -1.12968
0.489389    -1.13127
0.49037    -1.13286
0.491354    -1.13445
0.492342    -1.13604
0.493333    -1.13762
0.494328    -1.1392
0.495327    -1.14077
0.49633    -1.14235
0.497336    -1.14391
0.498346    -1.14548
0.49936    -1.14704
0.500377    -1.1486
0.501399    -1.15015
0.502424    -1.1517
0.503452    -1.15325
0.504485    -1.15479
0.505521    -1.15633
0.506561    -1.15786
0.507605    -1.1594
0.508653    -1.16092
0.509705    -1.16245
0.51076    -1.16397
0.511819    -1.16549
0.512882    -1.167
0.513949    -1.16851
0.515019    -1.17002
0.516094    -1.17152
0.517172    -1.17302
0.518254    -1.17451
0.51934    -1.176
0.520429    -1.17749
0.521523    -1.17897
0.522621    -1.18045
0.523722    -1.18193
0.524827    -1.1834
0.525936    -1.18487
0.527049    -1.18634
0.528166    -1.1878
0.529287    -1.18925
0.530411    -1.19071
0.53154    -1.19216
0.532672    -1.1936
0.533809    -1.19504
