-0.538967    -0.237365
-0.53866    -0.239737
-0.538351    -0.242108
-0.538039    -0.244479
-0.537726    -0.24685
-0.53741    -0.249219
-0.537092    -0.251588
-0.536773    -0.253956
-0.536451    -0.256324
-0.536126    -0.258691
-0.5358    -0.261057
-0.535472    -0.263422
-0.535141    -0.265787
-0.534808    -0.268151
-0.534473    -0.270514
-0.534136    -0.272877
-0.533796    -0.275239
-0.533455    -0.2776
-0.533111    -0.27996
-0.532765    -0.282319
-0.532417    -0.284678
-0.532066    -0.287036
-0.531713    -0.289393
-0.531358    -0.291749
-0.531001    -0.294105
-0.530641    -0.296459
-0.53028    -0.298813
-0.529915    -0.301166
-0.529549    -0.303518
-0.52918    -0.305869
-0.528809    -0.30822
-0.528436    -0.310569
-0.52806    -0.312918
-0.527682    -0.315266
-0.527302    -0.317613
-0.526919    -0.319959
-0.526534    -0.322304
-0.526147    -0.324648
-0.525757    -0.326991
-0.525365    -0.329334
-0.524971    -0.331675
-0.524574    -0.334015
-0.524174    -0.336355
-0.523773    -0.338693
-0.523369    -0.341031
-0.522962    -0.343368
-0.522553    -0.345703
-0.522142    -0.348038
-0.521728    -0.350372
-0.521312    -0.352704
-0.520893    -0.355036
-0.520472    -0.357366
-0.520048    -0.359696
-0.519622    -0.362025
-0.519194    -0.364352
-0.518763    -0.366679
-0.518329    -0.369004
-0.517893    -0.371328
-0.517455    -0.373652
-0.517013    -0.375974
-0.51657    -0.378295
-0.516124    -0.380615
-0.515675    -0.382934
-0.515224    -0.385251
-0.51477    -0.387568
-0.514314    -0.389884
-0.513855    -0.392198
-0.513393    -0.394511
-0.512929    -0.396823
-0.512463    -0.399134
-0.511994    -0.401444
-0.511522    -0.403753
-0.511047    -0.40606
-0.51057    -0.408366
-0.510091    -0.410671
-0.509609    -0.412975
-0.509124    -0.415278
-0.508636    -0.417579
-0.508146    -0.419879
-0.507653    -0.422178
-0.507158    -0.424476
-0.50666    -0.426772
-0.506159    -0.429068
-0.505655    -0.431362
-0.505149    -0.433654
-0.50464    -0.435946
-0.504129    -0.438236
-0.503614    -0.440524
-0.503097    -0.442812
-0.502578    -0.445098
-0.502055    -0.447383
-0.50153    -0.449666
-0.501002    -0.451948
-0.500471    -0.454229
-0.499938    -0.456509
-0.499402    -0.458787
-0.498863    -0.461064
-0.498321    -0.463339
-0.497777    -0.465613
-0.49723    -0.467885
-0.49668    -0.470157
-0.496127    -0.472426
-0.495571    -0.474695
-0.495013    -0.476962
-0.494451    -0.479227
-0.493887    -0.481491
-0.493321    -0.483754
-0.492751    -0.486015
-0.492178    -0.488275
-0.491603    -0.490533
-0.491025    -0.49279
-0.490444    -0.495045
-0.48986    -0.497299
-0.489273    -0.499551
-0.488683    -0.501802
-0.48809    -0.504051
-0.487495    -0.506299
-0.486897    -0.508545
-0.486295    -0.510789
-0.485691    -0.513033
-0.485084    -0.515274
-0.484474    -0.517514
-0.483861    -0.519752
-0.483245    -0.521989
-0.482627    -0.524224
-0.482005    -0.526458
-0.48138    -0.52869
-0.480753    -0.53092
-0.480122    -0.533149
-0.479488    -0.535376
-0.478852    -0.537602
-0.478212    -0.539826
-0.47757    -0.542048
-0.476925    -0.544268
-0.476276    -0.546487
-0.475625    -0.548704
-0.47497    -0.55092
-0.474313    -0.553134
-0.473652    -0.555346
-0.472989    -0.557556
-0.472322    -0.559765
-0.471653    -0.561972
-0.47098    -0.564177
-0.470305    -0.566381
-0.469626    -0.568582
-0.468944    -0.570782
-0.46826    -0.57298
-0.467572    -0.575177
-0.466881    -0.577372
-0.466187    -0.579564
-0.46549    -0.581755
-0.46479    -0.583945
-0.464086    -0.586132
-0.46338    -0.588318
-0.462671    -0.590501
-0.461958    -0.592683
-0.461243    -0.594863
-0.460524    -0.597042
-0.459802    -0.599218
-0.459077    -0.601393
-0.458349    -0.603565
-0.457617    -0.605736
-0.456883    -0.607905
-0.456146    -0.610072
-0.455405    -0.612237
-0.454661    -0.6144
-0.453914    -0.616561
-0.453164    -0.61872
-0.45241    -0.620877
-0.451654    -0.623033
-0.450894    -0.625186
-0.450131    -0.627337
-0.449365    -0.629487
-0.448596    -0.631634
-0.447823    -0.63378
-0.447048    -0.635923
-0.446269    -0.638064
-0.445487    -0.640204
-0.444701    -0.642341
-0.443913    -0.644476
-0.443121    -0.64661
-0.442326    -0.648741
-0.441528    -0.65087
-0.440726    -0.652997
-0.439921    -0.655122
-0.439113    -0.657245
-0.438302    -0.659366
-0.437487    -0.661485
-0.43667    -0.663601
-0.435849    -0.665716
-0.435024    -0.667828
-0.434197    -0.669938
-0.433366    -0.672046
-0.432531    -0.674152
-0.431694    -0.676256
-0.430853    -0.678358
-0.430009    -0.680457
-0.429162    -0.682554
-0.428311    -0.684649
-0.427457    -0.686742
-0.4266    -0.688833
-0.425739    -0.690921
-0.424875    -0.693007
-0.424008    -0.695091
-0.423137    -0.697173
-0.422263    -0.699252
-0.421386    -0.701329
-0.420505    -0.703404
-0.419621    -0.705477
-0.418734    -0.707547
-0.417843    -0.709615
-0.416949    -0.711681
-0.416051    -0.713744
-0.41515    -0.715805
-0.414246    -0.717864
-0.413338    -0.71992
-0.412428    -0.721974
-0.411513    -0.724026
-0.410595    -0.726075
-0.409674    -0.728122
-0.40875    -0.730167
-0.407822    -0.732209
-0.40689    -0.734248
-0.405956    -0.736286
-0.405017    -0.738321
-0.404076    -0.740353
-0.403131    -0.742383
-0.402182    -0.744411
-0.401231    -0.746436
-0.400275    -0.748459
-0.399316    -0.750479
-0.398354    -0.752497
-0.397389    -0.754512
-0.39642    -0.756525
-0.395447    -0.758535
-0.394471    -0.760543
-0.393492    -0.762548
-0.392509    -0.764551
-0.391523    -0.766551
-0.390533    -0.768548
-0.38954    -0.770543
-0.388543    -0.772536
-0.387543    -0.774526
-0.386539    -0.776513
-0.385532    -0.778498
-0.384521    -0.78048
-0.383507    -0.782459
-0.38249    -0.784436
-0.381469    -0.78641
-0.380444    -0.788382
-0.379416    -0.790351
-0.378384    -0.792317
-0.377349    -0.794281
-0.376311    -0.796242
-0.375269    -0.7982
-0.374223    -0.800156
-0.373174    -0.802109
-0.372121    -0.804059
-0.371065    -0.806006
-0.370006    -0.807951
-0.368942    -0.809893
-0.367876    -0.811832
-0.366806    -0.813769
-0.365732    -0.815703
-0.364654    -0.817634
-0.363574    -0.819562
-0.362489    -0.821487
-0.361401    -0.82341
-0.36031    -0.82533
-0.359215    -0.827246
-0.358116    -0.829161
-0.357014    -0.831072
-0.355909    -0.83298
-0.354799    -0.834886
-0.353687    -0.836789
-0.35257    -0.838689
-0.35145    -0.840586
-0.350327    -0.84248
-0.3492    -0.844371
-0.348069    -0.846259
-0.346935    -0.848145
-0.345798    -0.850027
-0.344656    -0.851907
-0.343511    -0.853783
-0.342363    -0.855657
-0.341211    -0.857528
-0.340055    -0.859395
-0.338896    -0.86126
-0.337733    -0.863122
-0.336567    -0.86498
-0.335397    -0.866836
-0.334224    -0.868689
-0.333047    -0.870538
-0.331866    -0.872385
-0.330682    -0.874229
-0.329494    -0.876069
-0.328302    -0.877907
-0.327107    -0.879741
-0.325908    -0.881572
-0.324706    -0.883401
-0.3235    -0.885226
-0.322291    -0.887048
-0.321078    -0.888867
-0.319861    -0.890682
-0.318641    -0.892495
-0.317417    -0.894304
-0.316189    -0.896111
-0.314958    -0.897914
-0.313723    -0.899714
-0.312485    -0.90151
-0.311243    -0.903304
-0.309998    -0.905094
-0.308748    -0.906882
-0.307496    -0.908665
-0.306239    -0.910446
-0.304979    -0.912224
-0.303715    -0.913998
-0.302448    -0.915769
-0.301177    -0.917536
-0.299903    -0.919301
-0.298625    -0.921062
-0.297343    -0.92282
-0.296058    -0.924574
-0.294769    -0.926325
-0.293476    -0.928073
-0.29218    -0.929818
-0.29088    -0.931559
-0.289576    -0.933297
-0.288269    -0.935031
-0.286958    -0.936762
-0.285644    -0.93849
-0.284326    -0.940214
-0.283005    -0.941935
-0.281679    -0.943652
-0.28035    -0.945366
-0.279018    -0.947077
-0.277682    -0.948784
-0.276342    -0.950488
-0.274999    -0.952188
-0.273652    -0.953885
-0.272301    -0.955578
-0.270947    -0.957268
-0.269589    -0.958954
-0.268228    -0.960637
-0.266862    -0.962316
-0.265494    -0.963992
-0.264121    -0.965664
-0.262745    -0.967333
-0.261366    -0.968998
-0.259983    -0.970659
-0.258596    -0.972317
-0.257205    -0.973971
-0.255811    -0.975622
-0.254413    -0.977269
-0.253012    -0.978913
-0.251607    -0.980553
-0.250199    -0.982189
-0.248786    -0.983821
-0.247371    -0.98545
-0.245951    -0.987076
-0.244528    -0.988697
-0.243102    -0.990315
-0.241671    -0.991929
-0.240238    -0.99354
-0.2388    -0.995147
-0.237359    -0.99675
-0.235914    -0.998349
-0.234466    -0.999945
-0.233014    -1.00154
-0.231559    -1.00312
-0.2301    -1.00471
-0.228637    -1.00629
-0.227171    -1.00787
-0.225701    -1.00944
-0.224227    -1.01101
-0.22275    -1.01257
-0.221269    -1.01413
-0.219785    -1.01569
-0.218297    -1.01725
-0.216806    -1.0188
-0.215311    -1.02034
-0.213812    -1.02188
-0.21231    -1.02342
-0.210804    -1.02496
-0.209295    -1.02649
-0.207782    -1.02801
-0.206265    -1.02954
-0.204745    -1.03105
-0.203222    -1.03257
-0.201694    -1.03408
-0.200164    -1.03559
-0.198629    -1.03709
-0.197091    -1.03859
-0.19555    -1.04008
-0.194005    -1.04157
-0.192456    -1.04306
-0.190904    -1.04454
-0.189348    -1.04602
-0.187789    -1.0475
-0.186226    -1.04897
-0.18466    -1.05043
-0.18309    -1.05189
-0.181517    -1.05335
-0.17994    -1.05481
-0.178359    -1.05626
-0.176775    -1.0577
-0.175188    -1.05914
-0.173597    -1.06058
-0.172002    -1.06202
-0.170404    -1.06345
-0.168802    -1.06487
-0.167197    -1.06629
-0.165589    -1.06771
-0.163977    -1.06912
-0.162361    -1.07053
-0.160742    -1.07193
-0.159119    -1.07333
-0.157493    -1.07473
-0.155864    -1.07612
-0.154231    -1.07751
-0.152594    -1.07889
-0.150954    -1.08027
-0.149311    -1.08164
-0.147664    -1.08301
-0.146013    -1.08438
-0.144359    -1.08574
-0.142702    -1.0871
-0.141041    -1.08845
-0.139377    -1.0898
-0.137709    -1.09114
-0.136038    -1.09248
-0.134363    -1.09382
-0.132685    -1.09515
-0.131004    -1.09647
-0.129319    -1.0978
-0.127631    -1.09911
-0.125939    -1.10043
-0.124244    -1.10174
-0.122546    -1.10304
-0.120844    -1.10434
-0.119138    -1.10563
-0.11743    -1.10693
-0.115717    -1.10821
-0.114002    -1.10949
-0.112283    -1.11077
-0.110561    -1.11204
-0.108835    -1.11331
-0.107106    -1.11458
-0.105374    -1.11583
-0.103638    -1.11709
-0.101899    -1.11834
-0.100157    -1.11958
-0.0984111    -1.12083
-0.0966621    -1.12206
-0.0949097    -1.12329
-0.0931539    -1.12452
-0.0913949    -1.12574
-0.0896326    -1.12696
-0.0878669    -1.12817
-0.0860979    -1.12938
-0.0843257    -1.13059
-0.0825501    -1.13178
-0.0807713    -1.13298
-0.0789892    -1.13417
-0.0772038    -1.13535
-0.0754151    -1.13653
-0.0736232    -1.13771
-0.071828    -1.13888
-0.0700295    -1.14005
-0.0682278    -1.14121
-0.0664229    -1.14236
-0.0646148    -1.14352
-0.0628034    -1.14466
-0.0609888    -1.1458
-0.0591709    -1.14694
-0.0573499    -1.14807
-0.0555257    -1.1492
-0.0536982    -1.15032
-0.0518676    -1.15144
-0.0500338    -1.15256
-0.0481968    -1.15366
-0.0463567    -1.15477
-0.0445134    -1.15587
-0.0426669    -1.15696
-0.0408172    -1.15805
-0.0389645    -1.15913
-0.0371086    -1.16021
-0.0352495    -1.16128
-0.0333874    -1.16235
-0.0315221    -1.16342
-0.0296537    -1.16448
-0.0277822    -1.16553
-0.0259076    -1.16658
-0.02403    -1.16762
-0.0221492    -1.16866
-0.0202654    -1.1697
-0.0183785    -1.17073
-0.0164885    -1.17175
-0.0145955    -1.17277
-0.0126995    -1.17378
-0.0108004    -1.17479
-0.00889831    -1.17579
-0.00699318    -1.17679
-0.00508503    -1.17779
-0.00317388    -1.17877
-0.00125974    -1.17976
0.000657402    -1.18074
0.00257752    -1.18171
0.00450061    -1.18268
0.00642667    -1.18364
0.00835569    -1.1846
0.0102877    -1.18555
0.0122226    -1.1865
0.0141604    -1.18744
0.0161012    -1.18838
0.0180449    -1.18931
0.0199915    -1.19024
0.021941    -1.19116
0.0238933    -1.19207
0.0258486    -1.19298
0.0278068    -1.19389
0.0297678    -1.19479
0.0317316    -1.19568
0.0336983    -1.19657
0.0356679    -1.19746
0.0376403    -1.19834
0.0396155    -1.19921
0.0415935    -1.20008
0.0435744    -1.20094
0.045558    -1.2018
0.0475444    -1.20265
0.0495336    -1.2035
0.0515255    -1.20434
0.0535202    -1.20518
0.0555177    -1.20601
0.0575179    -1.20684
0.0595208    -1.20766
0.0615265    -1.20847
0.0635349    -1.20928
0.0655459    -1.21009
0.0675597    -1.21088
0.0695761    -1.21168
0.0715952    -1.21247
0.073617    -1.21325
0.0756415    -1.21402
0.0776685    -1.2148
0.0796982    -1.21556
0.0817306    -1.21632
0.0837655    -1.21708
0.0858031    -1.21783
0.0878432    -1.21857
0.089886    -1.21931
0.0919313    -1.22004
0.0939791    -1.22077
0.0960295    -1.22149
0.0980825    -1.22221
0.100138    -1.22292
0.102196    -1.22362
0.104257    -1.22432
0.10632    -1.22502
0.108385    -1.2257
0.110453    -1.22639
0.112524    -1.22706
0.114596    -1.22773
0.116672    -1.2284
0.11875    -1.22906
0.12083    -1.22972
0.122913    -1.23036
0.124998    -1.23101
0.127085    -1.23164
0.129175    -1.23228
0.131267    -1.2329
0.133362    -1.23352
0.135459    -1.23414
0.137558    -1.23475
0.139659    -1.23535
0.141763    -1.23595
0.143869    -1.23654
0.145978    -1.23713
0.148089    -1.23771
0.150202    -1.23828
0.152317    -1.23885
0.154434    -1.23941
0.156554    -1.23997
0.158676    -1.24052
0.1608    -1.24107
0.162927    -1.24161
0.165055    -1.24214
0.167186    -1.24267
0.169319    -1.24319
0.171454    -1.24371
0.173591    -1.24422
0.17573    -1.24472
0.177872    -1.24522
0.180015    -1.24571
0.182161    -1.2462
0.184309    -1.24668
0.186458    -1.24716
0.18861    -1.24763
0.190764    -1.24809
0.19292    -1.24855
0.195078    -1.249
0.197238    -1.24945
0.199399    -1.24989
0.201563    -1.25032
0.203729    -1.25075
0.205897    -1.25117
0.208066    -1.25159
0.210238    -1.252
0.212412    -1.2524
0.214587    -1.2528
0.216764    -1.25319
0.218943    -1.25358
0.221124    -1.25396
0.223307    -1.25433
0.225492    -1.2547
0.227679    -1.25506
0.229867    -1.25542
0.232057    -1.25577
0.234249    -1.25611
0.236443    -1.25645
0.238638    -1.25678
0.240835    -1.25711
0.243034    -1.25743
0.245235    -1.25774
0.247437    -1.25805
0.249641    -1.25835
0.251847    -1.25864
0.254054    -1.25893
0.256263    -1.25922
0.258473    -1.25949
0.260686    -1.25977
0.262899    -1.26003
0.265115    -1.26029
0.267332    -1.26054
0.26955    -1.26079
0.27177    -1.26103
0.273992    -1.26126
0.276215    -1.26149
0.27844    -1.26171
0.280666    -1.26193
0.282893    -1.26214
0.285122    -1.26234
0.287353    -1.26254
0.289585    -1.26273
0.291818    -1.26291
0.294053    -1.26309
0.296289    -1.26327
0.298526    -1.26343
0.300765    -1.26359
0.303005    -1.26375
0.305247    -1.26389
0.30749    -1.26403
0.309734    -1.26417
0.311979    -1.2643
0.314226    -1.26442
0.316474    -1.26454
0.318723    -1.26465
0.320973    -1.26475
0.323225    -1.26485
0.325478    -1.26494
0.327732    -1.26503
0.329987    -1.26511
0.332243    -1.26518
0.3345    -1.26524
