-0.692112    1.10969
-0.691335    1.10819
-0.690561    1.10668
-0.689791    1.10517
-0.689025    1.10365
-0.688261    1.10213
-0.687502    1.10061
-0.686745    1.09909
-0.685992    1.09756
-0.685242    1.09603
-0.684495    1.09449
-0.683752    1.09296
-0.683012    1.09142
-0.682276    1.08987
-0.681543    1.08833
-0.680813    1.08678
-0.680086    1.08523
-0.679363    1.08367
-0.678643    1.08211
-0.677927    1.08055
-0.677213    1.07898
-0.676503    1.07742
-0.675797    1.07585
-0.675093    1.07427
-0.674393    1.07269
-0.673696    1.07111
-0.673002    1.06953
-0.672311    1.06794
-0.671624    1.06636
-0.67094    1.06476
-0.670259    1.06317
-0.669581    1.06157
-0.668907    1.05997
-0.668236    1.05837
-0.667568    1.05676
-0.666903    1.05515
-0.666241    1.05354
-0.665582    1.05192
-0.664927    1.0503
-0.664275    1.04868
-0.663626    1.04705
-0.66298    1.04543
-0.662337    1.0438
-0.661697    1.04216
-0.661061    1.04053
-0.660427    1.03889
-0.659797    1.03725
-0.65917    1.0356
-0.658546    1.03395
-0.657925    1.0323
-0.657307    1.03065
-0.656692    1.02899
-0.65608    1.02733
-0.655471    1.02567
-0.654866    1.024
-0.654263    1.02234
-0.653663    1.02067
-0.653067    1.01899
-0.652473    1.01732
-0.651882    1.01564
-0.651295    1.01396
-0.65071    1.01227
-0.650129    1.01058
-0.64955    1.00889
-0.648975    1.0072
-0.648402    1.0055
-0.647832    1.00381
-0.647265    1.0021
-0.646702    1.0004
-0.646141    0.998693
-0.645583    0.996983
-0.645028    0.995271
-0.644476    0.993556
-0.643927    0.991838
-0.64338    0.990117
-0.642837    0.988394
-0.642297    0.986668
-0.641759    0.984939
-0.641224    0.983208
-0.640693    0.981474
-0.640164    0.979737
-0.639637    0.977998
-0.639114    0.976256
-0.638594    0.974511
-0.638076    0.972764
-0.637561    0.971014
-0.637049    0.969261
-0.63654    0.967505
-0.636034    0.965747
-0.63553    0.963987
-0.635029    0.962224
-0.634531    0.960458
-0.634036    0.958689
-0.633544    0.956918
-0.633054    0.955144
-0.632567    0.953368
-0.632083    0.951589
-0.631601    0.949808
-0.631122    0.948024
-0.630646    0.946237
-0.630173    0.944448
-0.629702    0.942656
-0.629234    0.940862
-0.628769    0.939065
-0.628306    0.937265
-0.627846    0.935463
-0.627389    0.933659
-0.626934    0.931852
-0.626482    0.930042
-0.626033    0.92823
-0.625586    0.926416
-0.625142    0.924598
-0.6247    0.922779
-0.624261    0.920957
-0.623825    0.919132
-0.623391    0.917305
-0.62296    0.915475
-0.622531    0.913643
-0.622105    0.911809
-0.621682    0.909972
-0.621261    0.908132
-0.620842    0.90629
-0.620426    0.904446
-0.620013    0.902599
-0.619602    0.90075
-0.619194    0.898898
-0.618788    0.897044
-0.618385    0.895188
-0.617984    0.893329
-0.617586    0.891467
-0.61719    0.889603
-0.616796    0.887737
-0.616405    0.885869
-0.616017    0.883998
-0.615631    0.882124
-0.615247    0.880249
-0.614866    0.87837
-0.614487    0.87649
-0.61411    0.874607
-0.613736    0.872722
-0.613364    0.870834
-0.612995    0.868944
-0.612628    0.867052
-0.612264    0.865157
-0.611901    0.863261
-0.611541    0.861361
-0.611184    0.85946
-0.610829    0.857556
-0.610476    0.855649
-0.610125    0.853741
-0.609777    0.85183
-0.609431    0.849917
-0.609087    0.848001
-0.608746    0.846084
-0.608406    0.844164
-0.608069    0.842241
-0.607735    0.840317
-0.607402    0.83839
-0.607072    0.836461
-0.606744    0.834529
-0.606418    0.832596
-0.606095    0.83066
-0.605773    0.828722
-0.605454    0.826781
-0.605137    0.824839
-0.604823    0.822894
-0.60451    0.820947
-0.604199    0.818998
-0.603891    0.817046
-0.603585    0.815093
-0.603281    0.813137
-0.602979    0.811179
-0.602679    0.809218
-0.602381    0.807256
-0.602086    0.805291
-0.601792    0.803324
-0.601501    0.801355
-0.601211    0.799384
-0.600924    0.797411
-0.600639    0.795435
-0.600356    0.793458
-0.600075    0.791478
-0.599795    0.789496
-0.599518    0.787512
-0.599243    0.785526
-0.59897    0.783537
-0.598699    0.781547
-0.59843    0.779554
-0.598163    0.77756
-0.597898    0.775563
-0.597634    0.773564
-0.597373    0.771563
-0.597114    0.76956
-0.596856    0.767555
-0.596601    0.765547
-0.596347    0.763538
-0.596096    0.761527
-0.595846    0.759513
-0.595598    0.757497
-0.595352    0.75548
-0.595108    0.75346
-0.594866    0.751438
-0.594625    0.749415
-0.594387    0.747389
-0.59415    0.745361
-0.593915    0.743331
-0.593682    0.741299
-0.593451    0.739265
-0.593221    0.737229
-0.592994    0.735191
-0.592768    0.733151
-0.592544    0.73111
-0.592322    0.729066
-0.592101    0.72702
-0.591882    0.724972
-0.591665    0.722922
-0.59145    0.72087
-0.591236    0.718816
-0.591024    0.71676
-0.590814    0.714703
-0.590605    0.712643
-0.590398    0.710581
-0.590193    0.708517
-0.58999    0.706452
-0.589788    0.704384
-0.589588    0.702315
-0.589389    0.700244
-0.589192    0.69817
-0.588997    0.696095
-0.588803    0.694018
-0.588611    0.691939
-0.588421    0.689858
-0.588232    0.687775
-0.588044    0.685691
-0.587859    0.683604
-0.587674    0.681516
-0.587492    0.679425
-0.587311    0.677333
-0.587131    0.675239
-0.586953    0.673143
-0.586776    0.671045
-0.586601    0.668946
-0.586428    0.666844
-0.586256    0.664741
-0.586085    0.662636
-0.585916    0.660529
-0.585748    0.65842
-0.585582    0.656309
-0.585417    0.654197
-0.585254    0.652082
-0.585092    0.649966
-0.584932    0.647848
-0.584772    0.645729
-0.584615    0.643607
-0.584458    0.641484
-0.584303    0.639359
-0.58415    0.637232
-0.583998    0.635103
-0.583847    0.632973
-0.583697    0.630841
-0.583549    0.628707
-0.583402    0.626571
-0.583257    0.624434
-0.583112    0.622295
-0.582969    0.620154
-0.582828    0.618012
-0.582687    0.615867
-0.582548    0.613721
-0.58241    0.611573
-0.582273    0.609424
-0.582138    0.607273
-0.582004    0.60512
-0.581871    0.602965
-0.581739    0.600809
-0.581608    0.598651
-0.581479    0.596492
-0.581351    0.59433
-0.581224    0.592167
-0.581098    0.590003
-0.580973    0.587837
-0.58085    0.585669
-0.580727    0.583499
-0.580606    0.581328
-0.580486    0.579155
-0.580367    0.57698
-0.580249    0.574804
-0.580132    0.572627
-0.580016    0.570447
-0.579901    0.568266
-0.579787    0.566084
-0.579675    0.5639
-0.579563    0.561714
-0.579453    0.559526
-0.579343    0.557337
-0.579234    0.555147
-0.579127    0.552955
-0.57902    0.550761
-0.578915    0.548566
-0.57881    0.546369
-0.578707    0.544171
-0.578604    0.541971
-0.578502    0.539769
-0.578401    0.537566
-0.578301    0.535362
-0.578203    0.533156
-0.578104    0.530948
-0.578007    0.528739
-0.577911    0.526528
-0.577816    0.524316
-0.577721    0.522103
-0.577628    0.519888
-0.577535    0.517671
-0.577443    0.515453
-0.577352    0.513233
-0.577262    0.511012
-0.577172    0.50879
-0.577083    0.506566
-0.576995    0.50434
-0.576908    0.502114
-0.576822    0.499885
-0.576737    0.497655
-0.576652    0.495424
-0.576568    0.493192
-0.576484    0.490957
-0.576402    0.488722
-0.57632    0.486485
-0.576239    0.484247
-0.576158    0.482007
-0.576079    0.479766
-0.576    0.477523
-0.575921    0.475279
-0.575843    0.473034
-0.575766    0.470787
-0.57569    0.468539
-0.575614    0.46629
-0.575539    0.464039
-0.575464    0.461787
-0.57539    0.459534
-0.575317    0.457279
-0.575244    0.455023
-0.575172    0.452765
-0.5751    0.450506
-0.575029    0.448246
-0.574959    0.445985
-0.574889    0.443722
-0.574819    0.441458
-0.57475    0.439193
-0.574682    0.436926
-0.574614    0.434658
-0.574546    0.432389
-0.574479    0.430118
-0.574413    0.427847
-0.574347    0.425574
-0.574281    0.423299
-0.574216    0.421024
-0.574151    0.418747
-0.574087    0.416469
-0.574023    0.41419
-0.57396    0.411909
-0.573896    0.409628
-0.573834    0.407345
-0.573771    0.40506
-0.573709    0.402775
-0.573648    0.400489
-0.573587    0.398201
-0.573526    0.395912
-0.573465    0.393622
-0.573405    0.39133
-0.573345    0.389038
-0.573285    0.386744
-0.573226    0.384449
-0.573166    0.382154
-0.573108    0.379856
-0.573049    0.377558
-0.572991    0.375259
-0.572933    0.372958
-0.572875    0.370657
-0.572817    0.368354
-0.57276    0.36605
-0.572702    0.363745
-0.572645    0.361439
-0.572588    0.359132
-0.572532    0.356823
-0.572475    0.354514
-0.572419    0.352204
-0.572363    0.349892
-0.572307    0.34758
-0.572251    0.345266
-0.572195    0.342951
-0.572139    0.340635
-0.572083    0.338319
-0.572028    0.336001
-0.571972    0.333682
-0.571917    0.331362
-0.571861    0.329041
-0.571806    0.326719
-0.571751    0.324396
-0.571696    0.322073
-0.57164    0.319748
-0.571585    0.317422
-0.57153    0.315095
-0.571475    0.312767
-0.571419    0.310438
-0.571364    0.308109
-0.571309    0.305778
-0.571253    0.303446
-0.571198    0.301113
-0.571142    0.29878
-0.571087    0.296445
-0.571031    0.29411
-0.570976    0.291774
-0.57092    0.289436
-0.570864    0.287098
-0.570808    0.284759
-0.570751    0.282419
-0.570695    0.280078
-0.570638    0.277737
-0.570582    0.275394
-0.570525    0.273051
-0.570468    0.270706
-0.570411    0.268361
-0.570353    0.266015
-0.570296    0.263668
-0.570238    0.26132
-0.57018    0.258972
-0.570121    0.256623
-0.570063    0.254272
-0.570004    0.251921
-0.569945    0.249569
-0.569885    0.247217
-0.569826    0.244863
-0.569766    0.242509
-0.569705    0.240154
-0.569645    0.237799
-0.569584    0.235442
-0.569523    0.233085
-0.569461    0.230727
-0.569399    0.228368
-0.569337    0.226008
-0.569274    0.223648
-0.569211    0.221287
-0.569148    0.218925
-0.569084    0.216563
-0.569019    0.2142
-0.568955    0.211836
-0.56889    0.209471
-0.568824    0.207106
-0.568758    0.20474
-0.568692    0.202374
-0.568625    0.200006
-0.568557    0.197638
-0.568489    0.19527
-0.568421    0.192901
-0.568352    0.190531
-0.568283    0.18816
-0.568213    0.185789
-0.568142    0.183417
-0.568071    0.181045
-0.568    0.178672
-0.567928    0.176298
-0.567855    0.173924
-0.567782    0.171549
-0.567708    0.169174
-0.567633    0.166798
-0.567558    0.164421
-0.567482    0.162044
-0.567406    0.159667
-0.567329    0.157288
-0.567252    0.15491
-0.567173    0.15253
-0.567094    0.150151
-0.567015    0.14777
-0.566934    0.145389
-0.566854    0.143008
-0.566772    0.140626
-0.566689    0.138244
-0.566606    0.135861
-0.566522    0.133477
-0.566438    0.131094
-0.566353    0.128709
-0.566266    0.126325
-0.56618    0.123939
-0.566092    0.121554
-0.566004    0.119167
-0.565914    0.116781
-0.565824    0.114394
-0.565733    0.112007
-0.565642    0.109619
-0.565549    0.10723
-0.565456    0.104842
-0.565362    0.102453
-0.565267    0.100063
-0.565171    0.0976735
-0.565074    0.0952834
-0.564976    0.0928928
-0.564878    0.0905019
-0.564778    0.0881106
-0.564678    0.085719
-0.564576    0.083327
-0.564474    0.0809348
-0.564371    0.0785421
-0.564267    0.0761492
-0.564162    0.073756
-0.564056    0.0713624
-0.563948    0.0689685
-0.56384    0.0665744
-0.563731    0.06418
-0.563621    0.0617852
-0.56351    0.0593903
-0.563398    0.056995
-0.563285    0.0545995
-0.563171    0.0522038
-0.563055    0.0498078
-0.562939    0.0474115
-0.562822    0.0450151
-0.562703    0.0426184
-0.562584    0.0402215
-0.562463    0.0378244
-0.562341    0.035427
-0.562218    0.0330295
-0.562094    0.0306318
-0.561969    0.028234
-0.561843    0.0258359
-0.561716    0.0234377
-0.561587    0.0210393
-0.561457    0.0186408
-0.561326    0.0162421
-0.561194    0.0138433
-0.561061    0.0114444
-0.560926    0.00904534
-0.56079    0.00664616
-0.560653    0.00424687
-0.560515    0.00184749
-0.560376    -0.000551997
-0.560235    -0.00295157
-0.560093    -0.00535122
-0.55995    -0.00775095
-0.559805    -0.0101507
-0.559659    -0.0125506
-0.559512    -0.0149505
-0.559364    -0.0173504
-0.559214    -0.0197504
-0.559063    -0.0221505
-0.558911    -0.0245505
-0.558757    -0.0269506
-0.558602    -0.0293506
-0.558445    -0.0317507
-0.558288    -0.0341508
-0.558129    -0.0365508
-0.557968    -0.0389508
-0.557806    -0.0413508
-0.557643    -0.0437508
-0.557478    -0.0461507
-0.557312    -0.0485506
-0.557144    -0.0509505
-0.556975    -0.0533502
-0.556804    -0.0557499
-0.556633    -0.0581495
-0.556459    -0.0605491
-0.556284    -0.0629485
-0.556108    -0.0653478
-0.55593    -0.0677471
-0.555751    -0.0701462
-0.55557    -0.0725452
-0.555387    -0.0749441
-0.555203    -0.0773428
-0.555018    -0.0797414
-0.554831    -0.0821398
-0.554643    -0.0845381
-0.554452    -0.0869362
-0.554261    -0.0893342
-0.554068    -0.091732
-0.553873    -0.0941295
-0.553676    -0.0965269
-0.553478    -0.0989241
-0.553279    -0.101321
-0.553077    -0.103718
-0.552875    -0.106114
-0.55267    -0.108511
-0.552464    -0.110907
-0.552256    -0.113303
-0.552047    -0.115698
-0.551836    -0.118094
-0.551623    -0.120489
-0.551408    -0.122883
-0.551192    -0.125278
-0.550974    -0.127672
-0.550755    -0.130066
-0.550533    -0.13246
-0.55031    -0.134853
-0.550085    -0.137246
-0.549859    -0.139638
-0.549631    -0.142031
-0.549401    -0.144423
-0.549169    -0.146814
-0.548935    -0.149206
-0.5487    -0.151597
-0.548463    -0.153987
-0.548224    -0.156377
-0.547983    -0.158767
-0.54774    -0.161156
-0.547496    -0.163545
-0.54725    -0.165934
-0.547001    -0.168322
-0.546751    -0.17071
-0.5465    -0.173097
-0.546246    -0.175484
-0.54599    -0.17787
-0.545733    -0.180256
-0.545474    -0.182642
-0.545212    -0.185027
-0.544949    -0.187412
-0.544684    -0.189796
-0.544417    -0.192179
-0.544148    -0.194562
-0.543877    -0.196945
-0.543604    -0.199327
-0.54333    -0.201709
-0.543053    -0.20409
-0.542774    -0.20647
-0.542493    -0.20885
-0.542211    -0.211229
-0.541926    -0.213608
-0.541639    -0.215987
-0.54135    -0.218364
-0.54106    -0.220741
-0.540767    -0.223118
-0.540472    -0.225494
-0.540175    -0.227869
-0.539876    -0.230244
-0.539575    -0.232618
-0.539272    -0.234992
