1.01613    -0.776845
1.01601    -0.779105
1.01589    -0.781363
1.01577    -0.78362
1.01565    -0.785875
1.01552    -0.788128
1.01541    -0.790379
1.01529    -0.792628
1.01517    -0.794876
1.01505    -0.797122
1.01493    -0.799366
1.01481    -0.801608
1.01469    -0.803848
1.01457    -0.806087
1.01445    -0.808324
1.01434    -0.810559
1.01422    -0.812792
1.0141    -0.815024
1.01398    -0.817253
1.01387    -0.819481
1.01375    -0.821707
1.01364    -0.823931
1.01352    -0.826153
1.01341    -0.828374
