-0.96541    -0.492118
-0.965475    -0.48981
-0.965539    -0.487501
-0.965602    -0.485192
-0.965664    -0.482881
-0.965726    -0.48057
-0.965786    -0.478258
-0.965846    -0.475944
-0.965905    -0.47363
-0.965964    -0.471315
-0.966021    -0.468999
-0.966078    -0.466682
-0.966133    -0.464364
-0.966188    -0.462045
-0.966242    -0.459726
-0.966295    -0.457405
-0.966347    -0.455084
-0.966398    -0.452761
-0.966448    -0.450438
-0.966497    -0.448114
-0.966546    -0.445789
-0.966593    -0.443463
-0.966639    -0.441137
-0.966685    -0.438809
-0.966729    -0.436481
-0.966773    -0.434152
-0.966815    -0.431821
-0.966856    -0.429491
-0.966897    -0.427159
-0.966936    -0.424826
-0.966974    -0.422493
-0.967012    -0.420159
-0.967048    -0.417824
-0.967083    -0.415488
-0.967117    -0.413152
-0.96715    -0.410814
-0.967182    -0.408476
-0.967212    -0.406137
-0.967242    -0.403797
-0.967271    -0.401457
-0.967298    -0.399116
-0.967324    -0.396774
-0.967349    -0.394431
-0.967373    -0.392088
-0.967396    -0.389743
-0.967417    -0.387399
-0.967438    -0.385053
-0.967457    -0.382707
-0.967475    -0.380359
-0.967492    -0.378012
-0.967507    -0.375663
-0.967522    -0.373314
-0.967535    -0.370964
-0.967546    -0.368613
-0.967557    -0.366262
-0.967566    -0.36391
-0.967574    -0.361558
-0.967581    -0.359204
-0.967586    -0.35685
-0.96759    -0.354496
-0.967593    -0.352141
-0.967595    -0.349785
-0.967595    -0.347428
-0.967594    -0.345071
-0.967591    -0.342713
-0.967587    -0.340355
-0.967582    -0.337996
-0.967575    -0.335636
-0.967567    -0.333276
-0.967558    -0.330915
-0.967547    -0.328554
-0.967535    -0.326192
-0.967521    -0.323829
-0.967506    -0.321466
-0.96749    -0.319102
-0.967472    -0.316738
-0.967452    -0.314373
-0.967431    -0.312008
-0.967409    -0.309642
-0.967385    -0.307275
-0.96736    -0.304908
-0.967333    -0.302541
-0.967305    -0.300173
-0.967275    -0.297804
-0.967244    -0.295435
-0.967211    -0.293066
-0.967176    -0.290695
-0.967141    -0.288325
-0.967103    -0.285954
-0.967064    -0.283582
-0.967023    -0.28121
-0.966981    -0.278838
-0.966937    -0.276465
-0.966892    -0.274092
-0.966845    -0.271718
-0.966796    -0.269343
-0.966746    -0.266969
-0.966694    -0.264594
-0.96664    -0.262218
-0.966585    -0.259842
-0.966528    -0.257466
-0.96647    -0.255089
-0.96641    -0.252712
-0.966348    -0.250334
-0.966284    -0.247956
-0.966219    -0.245578
-0.966152    -0.243199
-0.966083    -0.24082
-0.966013    -0.23844
-0.96594    -0.236061
-0.965867    -0.23368
-0.965791    -0.2313
-0.965714    -0.228919
-0.965634    -0.226538
-0.965553    -0.224156
-0.965471    -0.221775
-0.965386    -0.219392
-0.9653    -0.21701
-0.965212    -0.214627
-0.965122    -0.212244
-0.96503    -0.209861
-0.964936    -0.207477
-0.964841    -0.205093
-0.964744    -0.202709
-0.964644    -0.200325
-0.964543    -0.19794
-0.96444    -0.195555
-0.964336    -0.19317
-0.964229    -0.190785
-0.96412    -0.188399
-0.96401    -0.186013
-0.963898    -0.183627
-0.963783    -0.181241
-0.963667    -0.178855
-0.963549    -0.176468
-0.963429    -0.174081
-0.963307    -0.171694
-0.963183    -0.169307
-0.963057    -0.16692
-0.962929    -0.164532
-0.962799    -0.162144
-0.962667    -0.159757
-0.962533    -0.157369
-0.962397    -0.154981
-0.962259    -0.152592
-0.962119    -0.150204
-0.961977    -0.147815
-0.961833    -0.145427
-0.961687    -0.143038
-0.961538    -0.140649
-0.961388    -0.138261
-0.961236    -0.135872
-0.961082    -0.133483
-0.960925    -0.131093
-0.960766    -0.128704
-0.960606    -0.126315
-0.960443    -0.123926
-0.960278    -0.121536
-0.960111    -0.119147
-0.959942    -0.116758
-0.959771    -0.114368
-0.959597    -0.111979
-0.959422    -0.109589
-0.959244    -0.1072
-0.959064    -0.104811
-0.958882    -0.102421
-0.958698    -0.100032
-0.958511    -0.0976423
-0.958322    -0.095253
-0.958132    -0.0928637
-0.957938    -0.0904744
-0.957743    -0.0880852
-0.957546    -0.0856961
-0.957346    -0.083307
-0.957144    -0.080918
-0.956939    -0.0785291
-0.956733    -0.0761403
-0.956524    -0.0737516
-0.956313    -0.0713629
-0.9561    -0.0689744
-0.955884    -0.066586
-0.955666    -0.0641977
-0.955446    -0.0618096
-0.955223    -0.0594216
-0.954998    -0.0570337
-0.954771    -0.054646
-0.954542    -0.0522584
-0.95431    -0.049871
-0.954076    -0.0474838
-0.953839    -0.0450968
-0.9536    -0.0427099
-0.953359    -0.0403233
-0.953115    -0.0379368
-0.952869    -0.0355506
-0.952621    -0.0331645
-0.95237    -0.0307787
-0.952117    -0.0283931
-0.951861    -0.0260078
-0.951603    -0.0236227
-0.951342    -0.0212379
-0.951079    -0.0188533
-0.950814    -0.016469
-0.950546    -0.0140849
-0.950276    -0.0117012
-0.950003    -0.0093177
-0.949728    -0.00693452
-0.94945    -0.00455165
-0.94917    -0.00216909
-0.948888    0.000213155
-0.948603    0.00259507
-0.948315    0.00497666
-0.948025    0.00735791
-0.947732    0.00973881
-0.947437    0.0121194
-0.947139    0.0144995
-0.946839    0.0168794
-0.946537    0.0192588
-0.946231    0.0216378
-0.945923    0.0240165
-0.945613    0.0263948
-0.9453    0.0287726
-0.944985    0.0311501
-0.944666    0.0335271
-0.944346    0.0359037
-0.944022    0.0382798
-0.943697    0.0406555
-0.943368    0.0430308
-0.943037    0.0454056
-0.942703    0.0477799
-0.942367    0.0501538
-0.942028    0.0525271
-0.941686    0.0549
-0.941342    0.0572724
-0.940995    0.0596443
-0.940645    0.0620157
-0.940293    0.0643865
-0.939938    0.0667569
-0.939581    0.0691266
-0.93922    0.0714959
-0.938858    0.0738646
-0.938492    0.0762327
-0.938124    0.0786003
-0.937752    0.0809673
-0.937379    0.0833337
-0.937002    0.0856995
-0.936623    0.0880648
-0.936241    0.0904294
-0.935856    0.0927934
-0.935469    0.0951568
-0.935079    0.0975196
-0.934686    0.0998817
-0.93429    0.102243
-0.933892    0.104604
-0.933491    0.106964
-0.933087    0.109324
-0.93268    0.111683
-0.93227    0.114041
-0.931858    0.116398
-0.931443    0.118755
-0.931025    0.121111
-0.930604    0.123466
-0.93018    0.125821
-0.929754    0.128175
-0.929324    0.130528
-0.928892    0.13288
-0.928457    0.135232
-0.92802    0.137583
-0.927579    0.139933
-0.927135    0.142283
-0.926689    0.144631
-0.92624    0.146979
-0.925787    0.149326
-0.925332    0.151672
-0.924875    0.154017
-0.924414    0.156362
-0.92395    0.158706
-0.923483    0.161048
-0.923014    0.16339
-0.922541    0.165732
-0.922066    0.168072
-0.921588    0.170411
-0.921106    0.17275
-0.920622    0.175087
-0.920135    0.177424
-0.919645    0.17976
-0.919152    0.182095
-0.918656    0.184429
-0.918157    0.186762
-0.917655    0.189094
-0.91715    0.191425
-0.916642    0.193755
-0.916132    0.196085
-0.915618    0.198413
-0.915101    0.20074
-0.914581    0.203067
-0.914058    0.205392
-0.913532    0.207716
-0.913003    0.21004
-0.912472    0.212362
-0.911937    0.214683
-0.911399    0.217003
-0.910858    0.219322
-0.910314    0.221641
-0.909767    0.223958
-0.909216    0.226274
-0.908663    0.228589
-0.908107    0.230902
-0.907548    0.233215
-0.906985    0.235527
-0.90642    0.237837
-0.905851    0.240147
-0.90528    0.242455
-0.904705    0.244762
-0.904127    0.247068
-0.903546    0.249373
-0.902962    0.251676
-0.902375    0.253979
-0.901785    0.25628
-0.901191    0.25858
-0.900595    0.260879
-0.899995    0.263177
-0.899393    0.265474
-0.898787    0.267769
-0.898178    0.270063
-0.897566    0.272356
-0.89695    0.274647
-0.896332    0.276938
-0.89571    0.279227
-0.895085    0.281514
-0.894457    0.283801
-0.893826    0.286086
-0.893192    0.28837
-0.892555    0.290653
-0.891914    0.292934
-0.89127    0.295214
-0.890623    0.297493
-0.889973    0.29977
-0.889319    0.302046
-0.888663    0.30432
-0.888003    0.306594
-0.88734    0.308865
-0.886673    0.311136
-0.886004    0.313405
-0.885331    0.315673
-0.884655    0.317939
-0.883976    0.320204
-0.883294    0.322467
-0.882608    0.324729
-0.881919    0.32699
-0.881227    0.329249
-0.880532    0.331506
-0.879833    0.333762
-0.879131    0.336017
-0.878426    0.33827
-0.877717    0.340522
-0.877006    0.342772
-0.876291    0.345021
-0.875572    0.347268
-0.874851    0.349513
-0.874126    0.351757
-0.873398    0.354
-0.872666    0.356241
-0.871932    0.35848
-0.871194    0.360718
-0.870452    0.362954
-0.869708    0.365189
-0.86896    0.367422
-0.868209    0.369653
-0.867454    0.371883
-0.866696    0.374111
-0.865935    0.376337
-0.86517    0.378562
-0.864402    0.380785
-0.863631    0.383007
-0.862857    0.385227
-0.862079    0.387445
-0.861298    0.389661
-0.860513    0.391876
-0.859725    0.394089
-0.858934    0.3963
-0.858139    0.39851
-0.857341    0.400718
-0.85654    0.402924
-0.855735    0.405128
-0.854927    0.407331
-0.854116    0.409532
-0.853301    0.411731
-0.852483    0.413928
-0.851661    0.416123
-0.850836    0.418317
-0.850008    0.420509
-0.849176    0.422699
-0.848341    0.424887
-0.847503    0.427073
-0.846661    0.429258
-0.845816    0.43144
-0.844967    0.433621
-0.844115    0.4358
-0.843259    0.437977
-0.842401    0.440152
-0.841538    0.442325
-0.840673    0.444496
-0.839803    0.446665
-0.838931    0.448833
-0.838055    0.450998
-0.837176    0.453161
-0.836293    0.455323
-0.835407    0.457482
-0.834517    0.45964
-0.833624    0.461795
-0.832727    0.463949
-0.831827    0.4661
-0.830924    0.46825
-0.830017    0.470397
-0.829107    0.472542
-0.828193    0.474686
-0.827276    0.476827
-0.826355    0.478966
-0.825431    0.481103
-0.824504    0.483238
-0.823573    0.485371
-0.822639    0.487502
-0.821701    0.489631
-0.820759    0.491757
-0.819815    0.493882
-0.818866    0.496004
-0.817915    0.498124
-0.81696    0.500242
-0.816001    0.502358
-0.815039    0.504472
-0.814073    0.506583
-0.813104    0.508693
-0.812132    0.5108
-0.811156    0.512904
-0.810176    0.515007
-0.809193    0.517107
-0.808207    0.519206
-0.807217    0.521301
-0.806223    0.523395
-0.805227    0.525486
-0.804226    0.527575
-0.803222    0.529662
-0.802215    0.531747
-0.801204    0.533829
-0.80019    0.535909
-0.799172    0.537986
-0.798151    0.540061
-0.797126    0.542134
-0.796098    0.544204
-0.795066    0.546272
-0.794031    0.548338
-0.792992    0.550401
-0.79195    0.552462
-0.790904    0.554521
-0.789855    0.556577
-0.788802    0.558631
-0.787746    0.560682
-0.786686    0.562731
-0.785623    0.564777
-0.784556    0.566821
-0.783486    0.568862
-0.782412    0.570901
-0.781335    0.572937
-0.780254    0.574971
-0.77917    0.577003
-0.778082    0.579031
-0.77699    0.581058
-0.775896    0.583082
-0.774797    0.585103
-0.773695    0.587121
-0.77259    0.589138
-0.771481    0.591151
-0.770369    0.593162
-0.769253    0.59517
-0.768134    0.597176
-0.767011    0.599179
-0.765884    0.60118
-0.764755    0.603178
-0.763621    0.605173
-0.762484    0.607165
-0.761344    0.609155
-0.7602    0.611142
-0.759052    0.613127
-0.757901    0.615109
-0.756747    0.617088
-0.755589    0.619064
-0.754427    0.621038
-0.753262    0.623009
-0.752094    0.624977
-0.750922    0.626943
-0.749746    0.628905
-0.748567    0.630865
-0.747385    0.632822
-0.746199    0.634777
-0.745009    0.636728
-0.743816    0.638677
-0.74262    0.640623
-0.741419    0.642566
-0.740216    0.644506
-0.739009    0.646443
-0.737798    0.648378
-0.736584    0.65031
-0.735367    0.652238
-0.734145    0.654164
-0.732921    0.656087
-0.731693    0.658007
-0.730461    0.659924
-0.729226    0.661839
-0.727987    0.66375
-0.726745    0.665658
-0.7255    0.667564
-0.724251    0.669466
-0.722998    0.671366
-0.721742    0.673262
-0.720483    0.675155
-0.71922    0.677046
-0.717953    0.678933
-0.716683    0.680818
-0.715409    0.682699
-0.714133    0.684577
-0.712852    0.686453
-0.711568    0.688325
-0.710281    0.690194
-0.70899    0.69206
-0.707695    0.693923
-0.706398    0.695783
-0.705096    0.69764
-0.703791    0.699493
-0.702483    0.701344
-0.701171    0.703191
-0.699856    0.705035
-0.698538    0.706876
-0.697215    0.708714
-0.69589    0.710549
-0.694561    0.71238
-0.693228    0.714209
-0.691892    0.716034
-0.690553    0.717855
-0.68921    0.719674
-0.687864    0.721489
-0.686514    0.723302
-0.685161    0.72511
-0.683804    0.726916
-0.682444    0.728718
-0.68108    0.730517
-0.679713    0.732313
-0.678343    0.734105
-0.676969    0.735895
-0.675592    0.73768
-0.674211    0.739463
-0.672827    0.741242
-0.671439    0.743017
-0.670048    0.74479
-0.668654    0.746559
-0.667256    0.748324
-0.665855    0.750087
-0.66445    0.751845
-0.663042    0.753601
-0.661631    0.755353
-0.660216    0.757101
-0.658798    0.758846
-0.657376    0.760588
-0.655951    0.762326
-0.654523    0.764061
-0.653091    0.765792
-0.651656    0.76752
-0.650217    0.769244
-0.648775    0.770964
-0.64733    0.772681
-0.645881    0.774395
-0.644429    0.776105
-0.642974    0.777812
-0.641515    0.779515
-0.640053    0.781214
-0.638588    0.78291
-0.637119    0.784602
-0.635646    0.786291
-0.634171    0.787976
-0.632692    0.789657
-0.63121    0.791335
-0.629724    0.793009
-0.628235    0.794679
-0.626743    0.796346
-0.625248    0.798009
-0.623749    0.799669
-0.622247    0.801324
-0.620741    0.802976
-0.619232    0.804625
-0.61772    0.806269
-0.616205    0.80791
-0.614686    0.809548
-0.613164    0.811181
-0.611639    0.812811
-0.610111    0.814437
-0.608579    0.816059
-0.607044    0.817677
-0.605505    0.819292
-0.603964    0.820902
-0.602419    0.822509
-0.600871    0.824112
-0.599319    0.825712
-0.597765    0.827307
-0.596207    0.828899
-0.594646    0.830486
-0.593081    0.83207
-0.591514    0.83365
-0.589943    0.835226
-0.588369    0.836799
-0.586791    0.838367
-0.585211    0.839931
-0.583627    0.841492
-0.58204    0.843048
-0.58045    0.844601
-0.578857    0.846149
-0.57726    0.847694
-0.575661    0.849235
-0.574058    0.850771
-0.572452    0.852304
-0.570843    0.853833
-0.56923    0.855357
-0.567615    0.856878
-0.565996    0.858395
-0.564374    0.859907
-0.562749    0.861416
-0.561121    0.86292
-0.55949    0.86442
-0.557856    0.865917
-0.556218    0.867409
-0.554578    0.868897
-0.552934    0.870381
-0.551287    0.871861
-0.549637    0.873337
-0.547984    0.874808
-0.546328    0.876276
-0.544669    0.877739
-0.543007    0.879199
-0.541341    0.880654
-0.539673    0.882104
-0.538001    0.883551
-0.536327    0.884993
-0.534649    0.886432
-0.532969    0.887866
-0.531285    0.889296
-0.529598    0.890721
-0.527909    0.892142
-0.526216    0.89356
-0.52452    0.894972
-0.522822    0.896381
-0.52112    0.897785
-0.519415    0.899185
-0.517707    0.900581
-0.515997    0.901972
-0.514283    0.903359
-0.512566    0.904742
-0.510847    0.90612
-0.509124    0.907494
-0.507399    0.908864
-0.50567    0.910229
-0.503939    0.91159
-0.502205    0.912947
-0.500467    0.914299
-0.498727    0.915647
-0.496984    0.91699
-0.495238    0.918329
-0.493489    0.919664
-0.491738    0.920994
-0.489983    0.922319
-0.488226    0.923641
-0.486465    0.924957
-0.484702    0.92627
-0.482936    0.927577
-0.481167    0.928881
-0.479395    0.930179
-0.477621    0.931474
-0.475843    0.932764
-0.474063    0.934049
-0.47228    0.93533
-0.470494    0.936606
-0.468706    0.937878
-0.466914    0.939145
-0.46512    0.940407
-0.463323    0.941665
-0.461523    0.942919
-0.459721    0.944167
-0.457915    0.945412
-0.456107    0.946651
-0.454297    0.947886
-0.452483    0.949116
-0.450667    0.950342
-0.448848    0.951563
-0.447027    0.95278
-0.445202    0.953992
-0.443375    0.955199
-0.441546    0.956401
-0.439713    0.957599
-0.437878    0.958792
-0.436041    0.95998
-0.4342    0.961164
-0.432357    0.962343
-0.430512    0.963517
-0.428663    0.964687
-0.426813    0.965851
-0.424959    0.967011
-0.423103    0.968167
-0.421245    0.969317
-0.419383    0.970463
-0.41752    0.971604
-0.415653    0.97274
-0.413784    0.973871
-0.411913    0.974998
-0.410039    0.976119
-0.408162    0.977236
-0.406283    0.978348
-0.404402    0.979455
-0.402518    0.980558
-0.400631    0.981655
-0.398742    0.982748
-0.39685    0.983836
-0.394956    0.984919
-0.39306    0.985997
-0.391161    0.98707
-0.38926    0.988138
-0.387356    0.989202
-0.38545    0.99026
-0.383541    0.991313
-0.38163    0.992362
-0.379716    0.993406
-0.377801    0.994444
-0.375882    0.995478
-0.373962    0.996507
-0.372039    0.997531
-0.370113    0.998549
-0.368186    0.999563
-0.366256    1.00057
-0.364323    1.00158
-0.362389    1.00257
-0.360452    1.00357
-0.358513    1.00456
-0.356571    1.00554
-0.354627    1.00652
-0.352681    1.00749
-0.350733    1.00846
-0.348782    1.00943
-0.346829    1.01038
-0.344874    1.01134
-0.342917    1.01229
-0.340957    1.01323
-0.338996    1.01417
-0.337032    1.0151
-0.335066    1.01603
-0.333098    1.01695
-0.331127    1.01787
-0.329155    1.01878
-0.32718    1.01969
-0.325203    1.02059
-0.323224    1.02149
-0.321243    1.02238
-0.31926    1.02327
-0.317275    1.02415
-0.315287    1.02503
-0.313298    1.0259
-0.311307    1.02676
-0.309313    1.02762
-0.307318    1.02848
-0.30532    1.02933
-0.30332    1.03018
-0.301319    1.03102
-0.299315    1.03185
-0.29731    1.03268
-0.295302    1.0335
-0.293293    1.03432
-0.291281    1.03514
-0.289268    1.03595
-0.287252    1.03675
-0.285235    1.03755
-0.283216    1.03834
-0.281195    1.03913
-0.279172    1.03991
-0.277147    1.04069
-0.27512    1.04146
-0.273091    1.04223
-0.271061    1.04299
-0.269029    1.04374
-0.266995    1.04449
-0.264959    1.04524
-0.262921    1.04598
-0.260881    1.04671
-0.25884    1.04744
-0.256797    1.04816
-0.254752    1.04888
-0.252706    1.04959
-0.250657    1.0503
-0.248607    1.051
-0.246555    1.0517
-0.244502    1.05239
-0.242447    1.05308
-0.24039    1.05376
-0.238331    1.05443
-0.236271    1.0551
-0.234209    1.05577
-0.232146    1.05643
-0.230081    1.05708
-0.228014    1.05773
-0.225946    1.05837
-0.223876    1.05901
-0.221804    1.05964
-0.219731    1.06026
-0.217657    1.06089
-0.21558    1.0615
-0.213503    1.06211
-0.211423    1.06271
-0.209343    1.06331
-0.207261    1.06391
-0.205177    1.06449
-0.203092    1.06508
-0.201005    1.06565
-0.198917    1.06622
-0.196827    1.06679
-0.194736    1.06735
-0.192644    1.06791
-0.19055    1.06845
-0.188455    1.069
-0.186358    1.06954
-0.184261    1.07007
-0.182161    1.0706
-0.180061    1.07112
-0.177959    1.07163
-0.175855    1.07214
-0.173751    1.07265
-0.171645    1.07315
-0.169538    1.07364
-0.167429    1.07413
-0.16532    1.07461
-0.163209    1.07509
-0.161096    1.07556
-0.158983    1.07602
-0.156868    1.07648
-0.154752    1.07694
-0.152635    1.07739
-0.150517    1.07783
-0.148398    1.07827
-0.146277    1.0787
-0.144156    1.07913
-0.142033    1.07955
-0.139909    1.07996
-0.137784    1.08037
-0.135658    1.08078
-0.133531    1.08117
-0.131403    1.08157
-0.129273    1.08195
-0.127143    1.08233
-0.125012    1.08271
-0.12288    1.08308
-0.120746    1.08344
-0.118612    1.0838
-0.116477    1.08416
-0.11434    1.0845
-0.112203    1.08484
-0.110065    1.08518
-0.107926    1.08551
-0.105786    1.08583
-0.103645    1.08615
-0.101503    1.08647
-0.0993605    1.08677
-0.097217    1.08708
-0.0950726    1.08737
-0.0929274    1.08766
-0.0907813    1.08795
-0.0886345    1.08822
-0.0864869    1.0885
-0.0843384    1.08877
-0.0821892    1.08903
-0.0800393    1.08928
-0.0778886    1.08953
-0.0757371    1.08978
-0.073585    1.09002
-0.0714321    1.09025
-0.0692785    1.09048
-0.0671243    1.0907
-0.0649694    1.09091
-0.0628138    1.09112
-0.0606576    1.09133
-0.0585007    1.09153
-0.0563432    1.09172
-0.0541851    1.09191
-0.0520265    1.09209
-0.0498672    1.09226
-0.0477074    1.09243
-0.045547    1.0926
-0.0433861    1.09275
-0.0412247    1.09291
-0.0390627    1.09305
-0.0369003    1.09319
-0.0347374    1.09333
-0.0325739    1.09346
-0.0304101    1.09358
-0.0282457    1.0937
-0.026081    1.09381
-0.0239158    1.09392
-0.0217502    1.09402
-0.0195842    1.09411
-0.0174178    1.0942
-0.0152511    1.09428
-0.013084    1.09436
-0.0109165    1.09443
-0.00874873    1.0945
-0.00658064    1.09456
-0.00441224    1.09461
-0.00224354    1.09466
-7.45698e-05    1.0947
0.00209467    1.09474
0.00426416    1.09477
0.00643388    1.0948
0.00860384    1.09481
0.010774    1.09483
0.0129444    1.09484
0.0151149    1.09484
0.0172856    1.09483
0.0194565    1.09482
0.0216276    1.09481
0.0237987    1.09479
0.02597    1.09476
0.0281414    1.09473
0.0303129    1.09469
0.0324844    1.09464
0.0346561    1.09459
0.0368278    1.09454
0.0389995    1.09447
0.0411712    1.09441
0.043343    1.09433
0.0455148    1.09425
0.0476865    1.09417
0.0498582    1.09408
0.0520299    1.09398
0.0542016    1.09388
0.0563731    1.09377
0.0585446    1.09365
0.060716    1.09353
0.0628873    1.09341
0.0650585    1.09327
0.0672295    1.09314
0.0694004    1.09299
0.0715712    1.09284
0.0737417    1.09269
0.0759121    1.09253
0.0780823    1.09236
0.0802523    1.09219
0.082422    1.09201
0.0845916    1.09183
0.0867608    1.09163
0.0889298    1.09144
0.0910985    1.09124
0.093267    1.09103
0.0954351    1.09082
0.0976029    1.0906
0.0997704    1.09037
0.101937    1.09014
0.104104    1.08991
0.106271    1.08966
0.108437    1.08941
0.110602    1.08916
0.112768    1.0889
0.114932    1.08864
0.117097    1.08836
0.119261    1.08809
0.121424    1.0878
0.123587    1.08751
0.125749    1.08722
0.127911    1.08692
0.130073    1.08661
0.132234    1.0863
0.134394    1.08598
0.136554    1.08566
0.138713    1.08533
0.140872    1.085
0.14303    1.08465
0.145188    1.08431
0.147345    1.08396
0.149501    1.0836
0.151656    1.08323
0.153811    1.08286
0.155966    1.08249
0.158119    1.08211
0.160272    1.08172
0.162424    1.08133
0.164576    1.08093
0.166726    1.08052
0.168876    1.08011
0.171025    1.0797
0.173174    1.07928
0.175321    1.07885
0.177468    1.07841
0.179614    1.07798
0.181759    1.07753
0.183904    1.07708
0.186047    1.07662
0.18819    1.07616
0.190332    1.07569
0.192472    1.07522
0.194612    1.07474
0.196751    1.07426
0.198889    1.07377
0.201027    1.07327
0.203163    1.07277
0.205298    1.07226
0.207432    1.07175
0.209565    1.07123
0.211698    1.0707
0.213829    1.07017
0.215959    1.06964
0.218088    1.06909
0.220216    1.06855
0.222343    1.06799
0.224469    1.06743
0.226594    1.06687
0.228718    1.0663
0.23084    1.06572
0.232962    1.06514
0.235082    1.06455
0.237201    1.06396
0.239319    1.06336
0.241436    1.06275
0.243552    1.06214
0.245666    1.06153
0.247779    1.06091
0.249891    1.06028
0.252002    1.05965
0.254111    1.05901
0.256219    1.05836
0.258326    1.05771
0.260432    1.05706
0.262536    1.0564
0.264639    1.05573
0.26674    1.05506
0.268841    1.05438
0.27094    1.0537
0.273037    1.05301
0.275133    1.05231
0.277228    1.05161
0.279321    1.05091
0.281413    1.0502
0.283504    1.04948
0.285593    1.04876
0.28768    1.04803
0.289766    1.04729
0.291851    1.04656
0.293934    1.04581
0.296016    1.04506
0.298096    1.0443
0.300175    1.04354
0.302252    1.04277
0.304327    1.042
0.306401    1.04122
0.308473    1.04044
0.310544    1.03965
0.312613    1.03886
0.314681    1.03806
0.316747    1.03725
0.318811    1.03644
0.320874    1.03562
0.322935    1.0348
0.324994    1.03397
0.327052    1.03314
0.329108    1.0323
0.331162    1.03145
0.333215    1.03061
0.335265    1.02975
0.337314    1.02889
0.339362    1.02802
0.341407    1.02715
0.343451    1.02627
0.345493    1.02539
0.347533    1.0245
0.349572    1.02361
0.351608    1.02271
0.353643    1.02181
0.355676    1.0209
0.357707    1.01998
0.359736    1.01906
0.361763    1.01814
0.363789    1.01721
0.365812    1.01627
0.367834    1.01533
0.369853    1.01438
0.371871    1.01343
0.373887    1.01247
0.375901    1.01151
0.377913    1.01054
0.379923    1.00956
0.38193    1.00858
0.383936    1.0076
0.38594    1.00661
0.387942    1.00561
0.389942    1.00461
0.39194    1.00361
0.393936    1.0026
0.395929    1.00158
0.397921    1.00056
0.39991    0.999529
0.401898    0.998497
0.403883    0.997459
0.405866    0.996416
0.407848    0.995368
0.409826    0.994314
0.411803    0.993256
0.413778    0.992192
0.41575    0.991123
0.417721    0.990048
0.419689    0.988969
0.421655    0.987884
0.423618    0.986794
0.42558    0.985699
0.427539    0.984598
0.429496    0.983493
0.431451    0.982382
0.433403    0.981266
0.435353    0.980145
0.437301    0.979018
0.439247    0.977887
0.44119    0.976751
0.443131    0.975609
0.44507    0.974462
0.447006    0.97331
0.44894    0.972153
0.450872    0.970991
0.452801    0.969824
0.454728    0.968652
0.456653    0.967474
0.458575    0.966292
0.460495    0.965104
0.462412    0.963912
0.464327    0.962714
0.466239    0.961511
0.468149    0.960304
0.470057    0.959091
0.471962    0.957873
0.473865    0.95665
0.475765    0.955422
0.477663    0.95419
0.479558    0.952952
0.48145    0.951709
0.483341    0.950461
0.485228    0.949209
0.487113    0.947951
0.488996    0.946688
0.490876    0.945421
0.492753    0.944148
0.494628    0.942871
0.4965    0.941588
0.49837    0.940301
0.500237    0.939009
0.502102    0.937712
0.503964    0.93641
0.505823    0.935103
0.507679    0.933791
0.509533    0.932474
0.511385    0.931153
0.513233    0.929826
0.515079    0.928495
0.516923    0.927159
0.518763    0.925818
0.520601    0.924473
0.522436    0.923122
0.524269    0.921767
0.526099    0.920407
0.527926    0.919042
0.52975    0.917672
0.531572    0.916298
0.53339    0.914919
0.535207    0.913535
0.53702    0.912146
0.53883    0.910753
0.540638    0.909354
0.542443    0.907952
0.544245    0.906544
0.546044    0.905132
0.547841    0.903715
0.549634    0.902293
0.551425    0.900867
0.553213    0.899436
0.554998    0.898
0.55678    0.89656
0.55856    0.895115
0.560336    0.893665
0.56211    0.892211
0.563881    0.890752
0.565648    0.889289
0.567413    0.887821
0.569175    0.886348
0.570934    0.884871
0.572691    0.883389
0.574444    0.881903
0.576194    0.880412
0.577941    0.878916
0.579686    0.877416
0.581427    0.875912
0.583165    0.874403
0.584901    0.872889
0.586633    0.871371
0.588363    0.869848
0.590089    0.868321
0.591812    0.86679
0.593533    0.865254
0.59525    0.863713
0.596965    0.862169
0.598676    0.860619
0.600384    0.859065
0.602089    0.857507
0.603791    0.855945
0.60549    0.854378
0.607186    0.852806
0.608879    0.85123
0.610569    0.84965
0.612256    0.848066
0.61394    0.846477
0.61562    0.844884
0.617297    0.843286
0.618972    0.841684
0.620643    0.840078
0.622311    0.838468
0.623976    0.836853
0.625637    0.835234
0.627296    0.83361
0.628951    0.831983
0.630604    0.830351
0.632253    0.828714
0.633899    0.827074
0.635541    0.825429
0.637181    0.82378
0.638817    0.822127
0.64045    0.82047
0.64208    0.818809
0.643707    0.817143
0.645331    0.815473
0.646951    0.813799
0.648568    0.812121
0.650182    0.810438
0.651792    0.808752
0.6534    0.807061
0.655004    0.805367
0.656604    0.803668
0.658202    0.801965
0.659796    0.800258
0.661387    0.798547
0.662975    0.796831
0.664559    0.795112
0.66614    0.793389
0.667718    0.791661
0.669293    0.78993
0.670864    0.788195
0.672432    0.786455
0.673996    0.784712
0.675558    0.782964
0.677115    0.781213
0.67867    0.779458
0.680221    0.777698
0.681769    0.775935
0.683314    0.774168
0.684855    0.772397
0.686393    0.770621
0.687927    0.768842
0.689458    0.767059
0.690986    0.765273
0.69251    0.763482
0.694031    0.761687
0.695549    0.759889
0.697063    0.758087
0.698574    0.756281
0.700081    0.754471
0.701585    0.752657
0.703086    0.750839
0.704583    0.749018
0.706077    0.747193
0.707567    0.745364
0.709054    0.743531
0.710537    0.741694
0.712017    0.739854
0.713494    0.73801
0.714967    0.736162
0.716437    0.734311
0.717903    0.732455
0.719366    0.730596
0.720825    0.728734
0.722281    0.726868
0.723733    0.724998
0.725182    0.723124
0.726627    0.721247
0.728069    0.719366
0.729508    0.717481
0.730943    0.715593
0.732374    0.713701
0.733802    0.711806
0.735227    0.709907
0.736648    0.708004
0.738065    0.706098
0.739479    0.704188
0.74089    0.702275
0.742297    0.700358
0.7437    0.698438
0.7451    0.696514
0.746496    0.694587
0.747889    0.692656
0.749279    0.690722
0.750664    0.688784
0.752047    0.686842
0.753425    0.684898
0.7548    0.68295
0.756172    0.680998
0.75754    0.679043
0.758905    0.677084
0.760266    0.675122
0.761623    0.673157
0.762977    0.671188
0.764327    0.669216
0.765674    0.667241
0.767017    0.665262
0.768357    0.66328
0.769693    0.661295
0.771025    0.659306
0.772354    0.657314
0.773679    0.655318
0.775001    0.65332
0.776319    0.651318
0.777633    0.649312
0.778944    0.647304
0.780252    0.645292
0.781555    0.643277
0.782855    0.641259
0.784152    0.639238
0.785445    0.637213
0.786734    0.635185
0.78802    0.633154
0.789302    0.63112
0.79058    0.629082
0.791855    0.627042
0.793126    0.624998
0.794394    0.622951
0.795658    0.620901
0.796919    0.618848
0.798175    0.616792
0.799428    0.614733
0.800678    0.612671
0.801924    0.610605
0.803166    0.608537
0.804405    0.606465
0.80564    0.604391
0.806871    0.602313
0.808099    0.600232
0.809323    0.598149
0.810544    0.596062
0.81176    0.593973
0.812974    0.59188
0.814183    0.589784
0.815389    0.587686
0.816591    0.585584
0.81779    0.58348
0.818985    0.581373
0.820176    0.579262
0.821364    0.577149
0.822548    0.575033
0.823729    0.572914
0.824905    0.570793
0.826078    0.568668
0.827248    0.56654
0.828414    0.56441
0.829576    0.562277
0.830734    0.560141
0.831889    0.558002
0.83304    0.55586
0.834188    0.553716
0.835332    0.551569
0.836472    0.549419
0.837608    0.547266
0.838741    0.545111
0.839871    0.542953
0.840996    0.540792
0.842118    0.538628
0.843236    0.536462
0.844351    0.534293
0.845462    0.532121
0.846569    0.529947
0.847673    0.52777
0.848773    0.52559
0.849869    0.523408
0.850962    0.521223
0.852051    0.519035
0.853136    0.516845
0.854218    0.514652
0.855296    0.512457
0.85637    0.510259
0.857441    0.508058
0.858508    0.505855
0.859571    0.503649
0.860631    0.501441
0.861687    0.499231
0.862739    0.497017
0.863788    0.494802
0.864833    0.492584
0.865874    0.490363
0.866912    0.48814
0.867946    0.485914
0.868977    0.483686
0.870004    0.481456
0.871027    0.479223
0.872046    0.476987
0.873062    0.47475
0.874074    0.47251
0.875083    0.470267
0.876088    0.468022
0.877089    0.465775
0.878086    0.463525
0.87908    0.461273
0.880071    0.459019
0.881057    0.456762
0.88204    0.454503
0.88302    0.452242
0.883995    0.449979
0.884967    0.447713
0.885936    0.445445
0.886901    0.443174
0.887862    0.440902
0.888819    0.438627
0.889773    0.43635
0.890724    0.434071
0.89167    0.431789
0.892613    0.429505
0.893552    0.42722
0.894488    0.424931
0.89542    0.422641
0.896349    0.420349
0.897274    0.418054
0.898195    0.415758
0.899113    0.413459
0.900027    0.411158
0.900937    0.408855
0.901844    0.40655
0.902747    0.404243
0.903646    0.401934
0.904542    0.399622
0.905435    0.397309
0.906323    0.394994
0.907209    0.392676
0.90809    0.390357
0.908968    0.388035
0.909842    0.385712
0.910713    0.383386
0.91158    0.381059
0.912444    0.37873
0.913304    0.376398
0.91416    0.374065
0.915013    0.37173
0.915862    0.369393
0.916708    0.367054
0.91755    0.364713
0.918388    0.36237
0.919223    0.360025
0.920054    0.357678
0.920882    0.35533
0.921706    0.35298
0.922527    0.350627
0.923344    0.348273
0.924158    0.345918
0.924968    0.34356
0.925774    0.341201
0.926577    0.338839
0.927376    0.336476
0.928172    0.334112
0.928964    0.331745
0.929753    0.329377
0.930538    0.327007
0.93132    0.324635
0.932098    0.322262
0.932872    0.319886
0.933643    0.317509
0.934411    0.315131
0.935175    0.312751
0.935936    0.310369
0.936693    0.307985
0.937446    0.3056
0.938196    0.303213
0.938943    0.300825
0.939686    0.298435
0.940425    0.296043
0.941161    0.29365
0.941894    0.291255
0.942623    0.288858
0.943348    0.28646
0.94407    0.284061
0.944789    0.28166
0.945504    0.279257
0.946216    0.276853
0.946924    0.274447
0.947629    0.27204
0.94833    0.269631
0.949028    0.267221
0.949722    0.26481
0.950413    0.262397
0.951101    0.259982
0.951785    0.257566
0.952465    0.255149
0.953142    0.25273
0.953816    0.25031
0.954487    0.247888
0.955154    0.245465
0.955817    0.243041
0.956477    0.240615
0.957134    0.238188
0.957787    0.235759
0.958437    0.233329
0.959084    0.230898
0.959727    0.228466
0.960367    0.226032
0.961003    0.223597
0.961636    0.22116
0.962266    0.218723
0.962892    0.216284
0.963515    0.213844
0.964134    0.211402
0.964751    0.20896
0.965363    0.206516
0.965973    0.20407
0.966579    0.201624
0.967182    0.199177
0.967781    0.196728
0.968378    0.194278
0.96897    0.191827
0.96956    0.189375
0.970146    0.186921
0.970729    0.184467
0.971309    0.182011
0.971885    0.179554
0.972458    0.177096
0.973028    0.174637
0.973594    0.172177
0.974157    0.169716
0.974717    0.167254
0.975274    0.16479
0.975827    0.162326
0.976377    0.159861
0.976924    0.157394
0.977468    0.154927
0.978008    0.152458
0.978545    0.149989
0.979079    0.147518
0.979609    0.145047
0.980137    0.142575
0.980661    0.140101
0.981182    0.137627
0.9817    0.135152
0.982214    0.132675
0.982726    0.130198
0.983234    0.12772
0.983739    0.125241
0.984241    0.122761
0.984739    0.120281
0.985235    0.117799
0.985727    0.115317
0.986216    0.112833
0.986702    0.110349
0.987185    0.107864
0.987665    0.105378
0.988141    0.102892
0.988615    0.100404
0.989085    0.0979158
0.989552    0.0954268
0.990016    0.0929369
0.990477    0.0904463
0.990935    0.0879549
0.99139    0.0854628
0.991842    0.0829699
0.99229    0.0804764
0.992736    0.077982
0.993178    0.075487
0.993618    0.0729913
0.994054    0.0704948
0.994487    0.0679977
0.994917    0.0654999
0.995345    0.0630015
0.995769    0.0605024
0.99619    0.0580026
0.996608    0.0555022
0.997023    0.0530012
0.997435    0.0504996
0.997844    0.0479973
0.99825    0.0454945
0.998653    0.0429911
0.999053    0.040487
0.99945    0.0379824
0.999844    0.0354773
1.00024    0.0329716
1.00062    0.0304653
1.00101    0.0279586
1.00139    0.0254513
1.00177    0.0229434
1.00215    0.0204351
1.00252    0.0179263
1.00289    0.015417
1.00326    0.0129072
1.00362    0.0103969
1.00399    0.0078862
1.00434    0.00537503
1.0047    0.00286341
1.00505    0.000351366
1.0054    -0.0021611
1.00575    -0.00467399
1.0061    -0.00718728
1.00644    -0.00970096
1.00678    -0.012215
1.00711    -0.0147295
1.00745    -0.0172443
1.00778    -0.0197595
1.0081    -0.022275
1.00843    -0.0247909
1.00875    -0.0273071
1.00907    -0.0298236
1.00939    -0.0323404
1.0097    -0.0348576
1.01001    -0.037375
1.01032    -0.0398928
1.01062    -0.0424108
1.01092    -0.044929
1.01122    -0.0474476
1.01152    -0.0499664
1.01182    -0.0524854
1.01211    -0.0550047
1.0124    -0.0575242
1.01268    -0.0600439
1.01297    -0.0625638
1.01325    -0.0650839
1.01352    -0.0676042
1.0138    -0.0701247
1.01407    -0.0726453
1.01434    -0.0751661
1.01461    -0.0776871
1.01487    -0.0802082
1.01514    -0.0827295
1.01539    -0.0852509
1.01565    -0.0877723
1.01591    -0.090294
1.01616    -0.0928157
1.01641    -0.0953375
1.01665    -0.0978594
1.0169    -0.100381
1.01714    -0.102903
1.01737    -0.105425
1.01761    -0.107948
1.01784    -0.11047
1.01807    -0.112992
1.0183    -0.115514
1.01853    -0.118036
1.01875    -0.120559
1.01897    -0.123081
1.01919    -0.125603
1.01941    -0.128125
1.01962    -0.130648
1.01983    -0.13317
1.02004    -0.135692
1.02024    -0.138214
1.02045    -0.140736
1.02065    -0.143258
1.02085    -0.14578
1.02104    -0.148302
1.02123    -0.150823
1.02143    -0.153345
1.02161    -0.155866
1.0218    -0.158388
1.02198    -0.160909
1.02216    -0.16343
1.02234    -0.165951
1.02252    -0.168472
1.02269    -0.170992
1.02287    -0.173513
1.02304    -0.176033
1.0232    -0.178553
1.02337    -0.181073
1.02353    -0.183593
1.02369    -0.186112
1.02385    -0.188631
1.024    -0.19115
1.02416    -0.193669
1.02431    -0.196188
1.02446    -0.198706
1.0246    -0.201224
1.02475    -0.203742
1.02489    -0.206259
1.02503    -0.208776
1.02516    -0.211293
1.0253    -0.21381
1.02543    -0.216326
1.02556    -0.218842
1.02569    -0.221358
1.02582    -0.223873
1.02594    -0.226388
1.02606    -0.228903
1.02618    -0.231417
1.0263    -0.233931
1.02642    -0.236445
1.02653    -0.238958
1.02664    -0.24147
1.02675    -0.243983
1.02686    -0.246495
1.02696    -0.249006
1.02706    -0.251518
1.02716    -0.254028
1.02726    -0.256539
1.02736    -0.259048
1.02745    -0.261558
1.02754    -0.264067
1.02764    -0.266575
1.02772    -0.269083
1.02781    -0.271591
1.02789    -0.274098
1.02798    -0.276604
1.02806    -0.27911
1.02813    -0.281616
1.02821    -0.284121
1.02828    -0.286625
1.02836    -0.289129
1.02843    -0.291633
1.02849    -0.294136
1.02856    -0.296638
1.02863    -0.29914
1.02869    -0.301641
1.02875    -0.304141
1.02881    -0.306641
1.02886    -0.309141
1.02892    -0.31164
1.02897    -0.314138
1.02902    -0.316635
1.02907    -0.319132
1.02912    -0.321629
1.02917    -0.324124
1.02921    -0.326619
1.02925    -0.329114
1.02929    -0.331607
1.02933    -0.3341
1.02937    -0.336593
1.0294    -0.339085
1.02943    -0.341576
1.02947    -0.344066
1.0295    -0.346555
1.02952    -0.349044
1.02955    -0.351533
1.02957    -0.35402
1.0296    -0.356507
1.02962    -0.358993
1.02964    -0.361478
1.02965    -0.363962
1.02967    -0.366446
1.02968    -0.368929
1.0297    -0.371411
1.02971    -0.373893
1.02972    -0.376373
1.02972    -0.378853
1.02973    -0.381332
1.02973    -0.38381
1.02974    -0.386288
1.02974    -0.388764
1.02974    -0.39124
1.02974    -0.393715
1.02973    -0.396189
1.02973    -0.398662
1.02972    -0.401134
1.02971    -0.403606
1.0297    -0.406076
1.02969    -0.408546
1.02968    -0.411015
1.02966    -0.413483
1.02965    -0.41595
1.02963    -0.418416
1.02961    -0.420881
1.02959    -0.423346
1.02957    -0.425809
1.02955    -0.428272
1.02952    -0.430733
1.0295    -0.433194
1.02947    -0.435653
1.02944    -0.438112
1.02941    -0.44057
1.02938    -0.443026
1.02935    -0.445482
1.02931    -0.447937
1.02928    -0.450391
1.02924    -0.452843
1.0292    -0.455295
1.02916    -0.457746
1.02912    -0.460196
1.02908    -0.462644
1.02904    -0.465092
1.02899    -0.467539
1.02895    -0.469984
1.0289    -0.472429
1.02885    -0.474872
1.0288    -0.477315
1.02875    -0.479756
1.0287    -0.482196
1.02865    -0.484636
1.02859    -0.487074
1.02854    -0.489511
1.02848    -0.491947
1.02842    -0.494382
1.02836    -0.496815
1.0283    -0.499248
1.02824    -0.501679
1.02818    -0.50411
1.02812    -0.506539
1.02805    -0.508967
1.02799    -0.511394
1.02792    -0.51382
1.02785    -0.516244
1.02778    -0.518668
1.02771    -0.52109
1.02764    -0.523511
1.02757    -0.525931
1.0275    -0.52835
1.02742    -0.530767
1.02735    -0.533184
1.02727    -0.535599
1.02719    -0.538013
1.02712    -0.540425
1.02704    -0.542837
1.02696    -0.545247
1.02688    -0.547656
1.02679    -0.550064
1.02671    -0.55247
1.02663    -0.554875
1.02654    -0.557279
1.02646    -0.559682
1.02637    -0.562083
1.02628    -0.564483
1.0262    -0.566882
1.02611    -0.56928
1.02602    -0.571676
1.02593    -0.574071
1.02584    -0.576465
1.02574    -0.578857
1.02565    -0.581248
1.02556    -0.583638
1.02546    -0.586026
1.02537    -0.588413
1.02527    -0.590799
1.02518    -0.593183
1.02508    -0.595566
1.02498    -0.597948
1.02488    -0.600328
1.02478    -0.602707
1.02468    -0.605085
1.02458    -0.607461
1.02448    -0.609836
1.02438    -0.612209
1.02427    -0.614581
1.02417    -0.616952
1.02407    -0.619321
1.02396    -0.621689
1.02386    -0.624055
1.02375    -0.62642
1.02364    -0.628783
1.02354    -0.631146
1.02343    -0.633506
1.02332    -0.635865
1.02321    -0.638223
1.0231    -0.640579
1.02299    -0.642934
1.02288    -0.645288
1.02277    -0.647639
1.02266    -0.64999
1.02255    -0.652339
1.02244    -0.654686
1.02233    -0.657032
1.02221    -0.659377
1.0221    -0.66172
1.02199    -0.664061
1.02187    -0.666401
1.02176    -0.66874
1.02164    -0.671076
1.02153    -0.673412
1.02141    -0.675746
1.0213    -0.678078
1.02118    -0.680409
1.02106    -0.682738
1.02095    -0.685066
1.02083    -0.687392
1.02071    -0.689716
1.02059    -0.692039
1.02047    -0.694361
1.02036    -0.696681
1.02024    -0.698999
1.02012    -0.701316
1.02    -0.703631
1.01988    -0.705944
1.01976    -0.708256
1.01964    -0.710566
1.01952    -0.712875
1.0194    -0.715182
1.01928    -0.717488
1.01916    -0.719791
1.01904    -0.722094
1.01892    -0.724394
1.0188    -0.726693
1.01868    -0.72899
1.01855    -0.731286
1.01843    -0.73358
1.01831    -0.735872
1.01819    -0.738163
1.01807    -0.740452
1.01795    -0.742739
1.01783    -0.745025
1.0177    -0.747309
1.01758    -0.749591
1.01746    -0.751872
1.01734    -0.754151
1.01722    -0.756428
1.0171    -0.758703
1.01698    -0.760977
1.01685    -0.763249
1.01673    -0.76552
1.01661    -0.767788
1.01649    -0.770055
1.01637    -0.77232
1.01625    -0.774584
