-0.950325    -0.899536
-0.950365    -0.897487
-0.950406    -0.895435
-0.950448    -0.893382
-0.950492    -0.891327
-0.950536    -0.88927
-0.950582    -0.887211
-0.950628    -0.885151
-0.950675    -0.883089
-0.950724    -0.881025
-0.950773    -0.878959
-0.950824    -0.876892
-0.950875    -0.874823
-0.950927    -0.872752
-0.950981    -0.870679
-0.951035    -0.868605
-0.95109    -0.866529
-0.951146    -0.864452
-0.951203    -0.862372
-0.951261    -0.860291
-0.951319    -0.858209
-0.951379    -0.856124
-0.951439    -0.854038
-0.9515    -0.85195
-0.951563    -0.849861
-0.951625    -0.847769
-0.951689    -0.845677
-0.951754    -0.843582
-0.951819    -0.841486
-0.951885    -0.839388
-0.951952    -0.837288
-0.95202    -0.835187
-0.952088    -0.833084
-0.952157    -0.83098
-0.952227    -0.828874
-0.952298    -0.826766
-0.952369    -0.824657
-0.952441    -0.822546
-0.952514    -0.820433
-0.952588    -0.818319
-0.952662    -0.816203
-0.952736    -0.814085
-0.952812    -0.811966
-0.952888    -0.809846
-0.952965    -0.807723
-0.953042    -0.805599
-0.95312    -0.803474
-0.953198    -0.801347
-0.953278    -0.799218
-0.953357    -0.797088
-0.953438    -0.794956
-0.953519    -0.792822
-0.9536    -0.790687
-0.953682    -0.788551
-0.953764    -0.786413
-0.953847    -0.784273
-0.953931    -0.782132
-0.954015    -0.779989
-0.954099    -0.777845
-0.954185    -0.775699
-0.95427    -0.773551
-0.954356    -0.771402
-0.954442    -0.769252
-0.954529    -0.7671
-0.954616    -0.764946
-0.954704    -0.762791
-0.954792    -0.760635
-0.954881    -0.758476
-0.95497    -0.756317
-0.955059    -0.754156
-0.955148    -0.751993
-0.955238    -0.749829
-0.955329    -0.747663
-0.95542    -0.745496
-0.955511    -0.743328
-0.955602    -0.741158
-0.955694    -0.738986
-0.955786    -0.736813
-0.955878    -0.734639
-0.95597    -0.732463
-0.956063    -0.730286
-0.956156    -0.728107
-0.956249    -0.725927
-0.956343    -0.723745
-0.956437    -0.721562
-0.956531    -0.719377
-0.956625    -0.717191
-0.956719    -0.715004
-0.956814    -0.712815
-0.956909    -0.710625
-0.957004    -0.708433
-0.957099    -0.70624
-0.957194    -0.704046
-0.957289    -0.70185
-0.957385    -0.699652
-0.957481    -0.697454
-0.957576    -0.695254
-0.957672    -0.693052
-0.957768    -0.690849
-0.957864    -0.688645
-0.95796    -0.686439
-0.958057    -0.684232
-0.958153    -0.682024
-0.958249    -0.679814
-0.958345    -0.677603
-0.958442    -0.675391
-0.958538    -0.673177
-0.958634    -0.670962
-0.958731    -0.668746
-0.958827    -0.666528
-0.958923    -0.664309
-0.959019    -0.662089
-0.959115    -0.659867
-0.959212    -0.657644
-0.959308    -0.65542
-0.959404    -0.653194
-0.959499    -0.650967
-0.959595    -0.648739
-0.959691    -0.646509
-0.959786    -0.644278
-0.959882    -0.642046
-0.959977    -0.639813
-0.960072    -0.637578
-0.960167    -0.635342
-0.960262    -0.633105
-0.960357    -0.630867
-0.960451    -0.628627
-0.960546    -0.626386
-0.96064    -0.624144
-0.960733    -0.6219
-0.960827    -0.619656
-0.96092    -0.61741
-0.961014    -0.615162
-0.961106    -0.612914
-0.961199    -0.610664
-0.961291    -0.608414
-0.961383    -0.606162
-0.961475    -0.603908
-0.961567    -0.601654
-0.961658    -0.599398
-0.961749    -0.597141
-0.961839    -0.594883
-0.961929    -0.592624
-0.962019    -0.590364
-0.962108    -0.588102
-0.962197    -0.585839
-0.962286    -0.583575
-0.962374    -0.58131
-0.962462    -0.579044
-0.96255    -0.576777
-0.962637    -0.574508
-0.962723    -0.572238
-0.96281    -0.569968
-0.962895    -0.567696
-0.962981    -0.565423
-0.963065    -0.563148
-0.96315    -0.560873
-0.963234    -0.558597
-0.963317    -0.556319
-0.9634    -0.554041
-0.963482    -0.551761
-0.963564    -0.54948
-0.963645    -0.547198
-0.963726    -0.544915
-0.963806    -0.542631
-0.963886    -0.540346
-0.963965    -0.53806
-0.964043    -0.535772
-0.964121    -0.533484
-0.964198    -0.531194
-0.964275    -0.528904
-0.964351    -0.526612
-0.964426    -0.52432
-0.964501    -0.522026
-0.964575    -0.519732
-0.964648    -0.517436
-0.964721    -0.515139
-0.964793    -0.512842
-0.964865    -0.510543
-0.964935    -0.508243
-0.965005    -0.505943
-0.965075    -0.503641
-0.965143    -0.501338
-0.965211    -0.499034
-0.965278    -0.49673
-0.965344    -0.494424
