0.0598884    0.86796
0.0611011    0.86964
0.0623172    0.871317
0.0635367    0.87299
0.0647596    0.87466
0.0659859    0.876326
0.0672155    0.877989
0.0684485    0.879648
0.0696849    0.881304
0.0709247    0.882956
0.0721678    0.884605
0.0734144    0.88625
0.0746643    0.887892
0.0759176    0.88953
0.0771743    0.891165
0.0784344    0.892796
0.0796979    0.894424
0.0809648    0.896048
0.0822351    0.897668
0.0835088    0.899285
0.0847858    0.900898
0.0860663    0.902508
0.0873502    0.904114
0.0886374    0.905717
0.0899281    0.907315
0.0912221    0.908911
0.0925196    0.910502
0.0938205    0.91209
0.0951247    0.913674
0.0964324    0.915255
0.0977435    0.916831
0.099058    0.918404
0.100376    0.919974
0.101697    0.92154
0.103022    0.923102
0.10435    0.92466
0.105681    0.926214
0.107016    0.927765
0.108355    0.929312
0.109696    0.930855
0.111042    0.932395
0.11239    0.93393
0.113742    0.935462
0.115097    0.93699
0.116456    0.938514
0.117818    0.940035
0.119184    0.941551
0.120553    0.943064
0.121925    0.944573
0.123301    0.946078
0.124681    0.947579
0.126063    0.949076
0.127449    0.950569
0.128839    0.952059
0.130232    0.953544
0.131628    0.955026
0.133028    0.956503
0.134431    0.957977
0.135837    0.959447
0.137247    0.960913
0.13866    0.962374
0.140077    0.963832
0.141497    0.965286
0.142921    0.966736
0.144348    0.968182
0.145778    0.969624
0.147212    0.971061
0.148649    0.972495
0.15009    0.973925
0.151534    0.975351
0.152981    0.976772
0.154432    0.97819
0.155886    0.979603
0.157343    0.981012
0.158804    0.982418
0.160269    0.983819
0.161736    0.985216
0.163208    0.986609
0.164682    0.987997
0.16616    0.989382
0.167641    0.990762
0.169126    0.992139
0.170614    0.993511
0.172106    0.994879
0.173601    0.996242
0.175099    0.997602
0.1766    0.998957
0.178105    1.00031
0.179614    1.00165
0.181126    1.003
0.182641    1.00434
0.184159    1.00567
0.185681    1.007
0.187206    1.00832
0.188735    1.00965
0.190267    1.01096
0.191802    1.01228
0.193341    1.01358
0.194883    1.01489
0.196429    1.01619
0.197977    1.01748
0.19953    1.01877
0.201085    1.02006
0.202644    1.02134
0.204206    1.02262
0.205772    1.02389
0.207341    1.02516
0.208913    1.02643
0.210489    1.02769
0.212067    1.02894
0.21365    1.03019
0.215235    1.03144
0.216824    1.03268
0.218416    1.03392
0.220012    1.03515
0.221611    1.03638
0.223213    1.03761
0.224819    1.03883
0.226428    1.04004
0.22804    1.04125
0.229655    1.04246
0.231274    1.04366
0.232896    1.04486
0.234521    1.04605
0.23615    1.04724
0.237782    1.04842
0.239417    1.0496
0.241056    1.05077
0.242698    1.05194
0.244343    1.05311
0.245991    1.05427
0.247643    1.05542
0.249298    1.05657
0.250956    1.05772
0.252617    1.05886
0.254282    1.06
0.25595    1.06113
0.257621    1.06226
0.259295    1.06338
0.260973    1.0645
0.262654    1.06561
0.264338    1.06672
0.266026    1.06782
0.267716    1.06892
0.26941    1.07002
0.271107    1.0711
0.272808    1.07219
0.274511    1.07327
0.276218    1.07434
0.277928    1.07541
0.279641    1.07648
0.281357    1.07754
0.283077    1.07859
0.284799    1.07965
0.286525    1.08069
0.288254    1.08173
0.289986    1.08277
0.291722    1.0838
0.29346    1.08483
0.295202    1.08585
0.296947    1.08686
0.298695    1.08787
0.300446    1.08888
0.3022    1.08988
0.303958    1.09088
0.305718    1.09187
0.307482    1.09286
0.309249    1.09384
0.311019    1.09482
0.312792    1.09579
0.314568    1.09675
0.316347    1.09771
0.31813    1.09867
0.319915    1.09962
0.321703    1.10057
0.323495    1.10151
0.32529    1.10245
0.327087    1.10338
0.328888    1.1043
0.330692    1.10522
0.332499    1.10614
0.334309    1.10705
0.336122    1.10796
0.337938    1.10886
0.339757    1.10975
0.341579    1.11064
0.343404    1.11153
0.345232    1.1124
0.347063    1.11328
0.348897    1.11415
0.350734    1.11501
0.352574    1.11587
0.354417    1.11672
0.356263    1.11757
0.358112    1.11842
0.359964    1.11925
0.361819    1.12009
0.363677    1.12091
0.365537    1.12173
0.367401    1.12255
0.369267    1.12336
0.371137    1.12417
0.373009    1.12497
0.374885    1.12576
0.376763    1.12655
0.378644    1.12734
0.380528    1.12812
0.382415    1.12889
0.384305    1.12966
0.386197    1.13042
0.388093    1.13118
0.389991    1.13193
0.391892    1.13268
0.393796    1.13342
0.395703    1.13416
0.397612    1.13489
0.399525    1.13561
0.40144    1.13633
0.403358    1.13704
0.405279    1.13775
0.407202    1.13846
0.409129    1.13915
0.411058    1.13984
0.41299    1.14053
0.414924    1.14121
0.416862    1.14189
0.418802    1.14256
0.420744    1.14322
0.42269    1.14388
0.424638    1.14453
0.426589    1.14518
0.428543    1.14582
0.430499    1.14646
0.432458    1.14709
0.43442    1.14771
0.436384    1.14833
0.438351    1.14895
0.44032    1.14956
0.442293    1.15016
0.444267    1.15076
0.446245    1.15135
0.448225    1.15193
0.450208    1.15251
0.452193    1.15309
0.454181    1.15365
0.456171    1.15422
0.458164    1.15477
0.460159    1.15532
0.462158    1.15587
0.464158    1.15641
0.466161    1.15694
0.468167    1.15747
0.470175    1.15799
0.472185    1.15851
0.474199    1.15902
0.476214    1.15953
0.478232    1.16002
0.480253    1.16052
0.482276    1.161
0.484301    1.16149
0.486329    1.16196
0.488359    1.16243
0.490392    1.1629
0.492427    1.16335
0.494464    1.16381
0.496504    1.16425
0.498546    1.16469
0.50059    1.16513
0.502637    1.16556
0.504686    1.16598
0.506738    1.1664
0.508792    1.16681
0.510848    1.16721
0.512906    1.16761
0.514967    1.168
0.51703    1.16839
0.519095    1.16877
0.521163    1.16915
0.523232    1.16951
0.525304    1.16988
0.527379    1.17023
0.529455    1.17059
0.531534    1.17093
0.533614    1.17127
0.535697    1.1716
0.537783    1.17193
0.53987    1.17225
0.541959    1.17256
0.544051    1.17287
0.546144    1.17317
0.54824    1.17347
0.550338    1.17376
0.552438    1.17405
0.55454    1.17432
0.556644    1.1746
0.55875    1.17486
0.560859    1.17512
0.562969    1.17537
0.565081    1.17562
0.567195    1.17586
0.569312    1.1761
0.57143    1.17633
0.57355    1.17655
