-0.51456    -1.20347
-0.513304    -1.20231
-0.512052    -1.20114
-0.510803    -1.19997
-0.509557    -1.1988
-0.508315    -1.19762
-0.507077    -1.19644
-0.505842    -1.19525
-0.50461    -1.19406
-0.503382    -1.19287
-0.502158    -1.19167
-0.500937    -1.19047
-0.49972    -1.18926
-0.498506    -1.18805
-0.497296    -1.18684
-0.496089    -1.18562
-0.494886    -1.1844
-0.493686    -1.18318
-0.49249    -1.18195
-0.491297    -1.18072
-0.490108    -1.17948
-0.488923    -1.17824
-0.48774    -1.177
-0.486562    -1.17575
-0.485387    -1.1745
-0.484215    -1.17325
-0.483047    -1.17199
-0.481882    -1.17073
-0.480721    -1.16946
-0.479563    -1.1682
-0.478409    -1.16692
-0.477258    -1.16565
-0.47611    -1.16437
-0.474967    -1.16308
-0.473826    -1.16179
-0.472689    -1.1605
-0.471556    -1.15921
-0.470426    -1.15791
-0.469299    -1.15661
-0.468176    -1.1553
-0.467056    -1.15399
-0.46594    -1.15268
-0.464827    -1.15136
-0.463718    -1.15004
-0.462612    -1.14872
-0.46151    -1.14739
-0.460411    -1.14606
-0.459315    -1.14473
-0.458223    -1.14339
-0.457134    -1.14205
-0.456049    -1.14071
-0.454967    -1.13936
-0.453888    -1.13801
-0.452813    -1.13665
-0.451741    -1.13529
-0.450673    -1.13393
-0.449608    -1.13256
-0.448546    -1.1312
-0.447488    -1.12982
-0.446433    -1.12845
-0.445382    -1.12707
-0.444334    -1.12568
-0.443289    -1.1243
-0.442248    -1.12291
-0.44121    -1.12152
-0.440175    -1.12012
-0.439144    -1.11872
-0.438116    -1.11732
-0.437091    -1.11591
-0.43607    -1.1145
-0.435052    -1.11309
-0.434038    -1.11167
-0.433026    -1.11025
-0.432018    -1.10882
-0.431014    -1.1074
-0.430013    -1.10597
-0.429015    -1.10453
-0.42802    -1.1031
-0.427029    -1.10166
-0.426041    -1.10021
-0.425056    -1.09877
-0.424074    -1.09732
-0.423096    -1.09586
-0.422121    -1.09441
-0.42115    -1.09295
-0.420181    -1.09149
-0.419216    -1.09002
-0.418255    -1.08855
-0.417296    -1.08708
-0.416341    -1.0856
-0.415389    -1.08412
-0.41444    -1.08264
-0.413495    -1.08115
-0.412552    -1.07967
-0.411613    -1.07817
-0.410677    -1.07668
-0.409745    -1.07518
-0.408815    -1.07368
-0.407889    -1.07217
-0.406966    -1.07067
-0.406046    -1.06916
-0.40513    -1.06764
-0.404217    -1.06612
-0.403306    -1.0646
-0.402399    -1.06308
-0.401496    -1.06155
-0.400595    -1.06002
-0.399697    -1.05849
-0.398803    -1.05696
-0.397912    -1.05542
-0.397024    -1.05388
-0.396139    -1.05233
-0.395257    -1.05078
-0.394379    -1.04923
-0.393504    -1.04768
-0.392631    -1.04612
-0.391762    -1.04456
-0.390896    -1.043
-0.390033    -1.04143
-0.389173    -1.03986
-0.388317    -1.03829
-0.387463    -1.03671
-0.386612    -1.03513
-0.385765    -1.03355
-0.384921    -1.03197
-0.384079    -1.03038
-0.383241    -1.02879
-0.382406    -1.0272
-0.381574    -1.0256
-0.380745    -1.024
-0.379919    -1.0224
-0.379096    -1.0208
-0.378276    -1.01919
-0.377459    -1.01758
-0.376645    -1.01596
-0.375835    -1.01435
-0.375027    -1.01273
-0.374222    -1.0111
-0.37342    -1.00948
-0.372621    -1.00785
-0.371826    -1.00622
-0.371033    -1.00459
-0.370243    -1.00295
-0.369456    -1.00131
-0.368672    -0.999667
-0.367891    -0.998021
-0.367114    -0.996373
-0.366339    -0.994722
-0.365567    -0.993068
-0.364797    -0.991411
-0.364031    -0.989752
-0.363268    -0.988089
-0.362508    -0.986424
-0.36175    -0.984756
-0.360996    -0.983085
-0.360244    -0.981412
-0.359496    -0.979735
-0.35875    -0.978056
-0.358007    -0.976374
-0.357267    -0.97469
-0.35653    -0.973002
-0.355796    -0.971312
-0.355064    -0.969619
-0.354336    -0.967923
-0.35361    -0.966225
-0.352887    -0.964524
-0.352167    -0.96282
-0.35145    -0.961114
-0.350736    -0.959404
-0.350024    -0.957692
-0.349315    -0.955978
-0.348609    -0.95426
-0.347906    -0.95254
-0.347206    -0.950818
-0.346509    -0.949092
-0.345814    -0.947364
-0.345122    -0.945634
-0.344433    -0.9439
-0.343746    -0.942164
-0.343063    -0.940425
-0.342382    -0.938684
-0.341704    -0.93694
-0.341028    -0.935194
-0.340356    -0.933445
-0.339686    -0.931693
-0.339018    -0.929938
-0.338354    -0.928181
-0.337692    -0.926422
-0.337033    -0.92466
-0.336376    -0.922895
-0.335723    -0.921127
-0.335072    -0.919357
-0.334423    -0.917585
-0.333778    -0.91581
-0.333135    -0.914032
-0.332494    -0.912252
-0.331856    -0.910469
-0.331221    -0.908684
-0.330589    -0.906896
-0.329959    -0.905106
-0.329332    -0.903313
-0.328707    -0.901518
-0.328085    -0.89972
-0.327466    -0.897919
-0.326849    -0.896116
-0.326235    -0.894311
-0.325623    -0.892503
-0.325014    -0.890693
-0.324407    -0.88888
-0.323803    -0.887064
-0.323202    -0.885246
-0.322603    -0.883426
-0.322007    -0.881603
-0.321413    -0.879778
-0.320822    -0.877951
-0.320233    -0.87612
-0.319647    -0.874288
-0.319063    -0.872453
-0.318482    -0.870616
-0.317903    -0.868776
-0.317327    -0.866933
-0.316753    -0.865089
-0.316182    -0.863242
-0.315613    -0.861392
-0.315046    -0.85954
-0.314482    -0.857686
-0.313921    -0.85583
-0.313362    -0.853971
-0.312805    -0.852109
-0.312251    -0.850245
-0.311699    -0.848379
-0.31115    -0.846511
-0.310603    -0.84464
-0.310058    -0.842767
-0.309516    -0.840891
-0.308976    -0.839014
-0.308438    -0.837133
-0.307903    -0.835251
-0.307371    -0.833366
-0.30684    -0.831479
-0.306312    -0.829589
-0.305786    -0.827698
-0.305263    -0.825804
-0.304742    -0.823907
-0.304223    -0.822009
-0.303706    -0.820108
-0.303192    -0.818204
-0.30268    -0.816299
-0.302171    -0.814391
-0.301663    -0.812481
-0.301158    -0.810569
-0.300655    -0.808654
-0.300155    -0.806738
-0.299656    -0.804819
-0.29916    -0.802897
-0.298666    -0.800974
-0.298175    -0.799048
-0.297685    -0.79712
-0.297198    -0.79519
-0.296713    -0.793258
-0.29623    -0.791323
-0.29575    -0.789386
-0.295271    -0.787447
-0.294795    -0.785506
-0.294321    -0.783563
-0.293849    -0.781617
-0.293379    -0.779669
-0.292911    -0.77772
-0.292446    -0.775768
-0.291982    -0.773813
-0.291521    -0.771857
-0.291062    -0.769898
-0.290604    -0.767938
-0.290149    -0.765975
-0.289696    -0.76401
-0.289246    -0.762043
-0.288797    -0.760074
-0.28835    -0.758102
-0.287905    -0.756129
-0.287463    -0.754153
-0.287022    -0.752176
-0.286584    -0.750196
-0.286147    -0.748214
-0.285712    -0.74623
-0.28528    -0.744244
-0.284849    -0.742256
-0.284421    -0.740266
-0.283994    -0.738274
-0.28357    -0.736279
-0.283147    -0.734283
-0.282727    -0.732285
-0.282308    -0.730284
-0.281891    -0.728282
-0.281476    -0.726277
-0.281064    -0.724271
-0.280653    -0.722262
-0.280244    -0.720251
-0.279836    -0.718239
-0.279431    -0.716224
-0.279028    -0.714207
-0.278626    -0.712189
-0.278227    -0.710168
-0.277829    -0.708145
-0.277433    -0.706121
-0.277039    -0.704094
-0.276647    -0.702065
-0.276257    -0.700035
-0.275868    -0.698002
-0.275482    -0.695968
-0.275097    -0.693931
-0.274714    -0.691893
-0.274332    -0.689852
-0.273953    -0.68781
-0.273575    -0.685766
-0.273199    -0.68372
-0.272825    -0.681672
-0.272453    -0.679622
-0.272082    -0.67757
-0.271713    -0.675516
-0.271346    -0.67346
-0.27098    -0.671402
-0.270617    -0.669343
-0.270255    -0.667281
-0.269894    -0.665218
-0.269536    -0.663153
-0.269178    -0.661086
-0.268823    -0.659017
-0.268469    -0.656946
-0.268117    -0.654873
-0.267767    -0.652799
-0.267418    -0.650722
-0.267071    -0.648644
-0.266726    -0.646564
-0.266382    -0.644482
-0.26604    -0.642398
-0.265699    -0.640313
-0.26536    -0.638225
-0.265022    -0.636136
-0.264687    -0.634045
-0.264352    -0.631952
-0.264019    -0.629857
-0.263688    -0.627761
-0.263358    -0.625663
-0.26303    -0.623563
-0.262704    -0.621461
-0.262379    -0.619358
-0.262055    -0.617252
-0.261733    -0.615145
-0.261412    -0.613036
-0.261093    -0.610926
-0.260775    -0.608814
-0.260459    -0.6067
-0.260144    -0.604584
-0.259831    -0.602466
-0.259519    -0.600347
-0.259209    -0.598226
-0.2589    -0.596103
-0.258592    -0.593979
-0.258286    -0.591853
-0.257981    -0.589725
-0.257678    -0.587596
-0.257375    -0.585464
-0.257075    -0.583332
-0.256776    -0.581197
-0.256478    -0.579061
-0.256181    -0.576923
-0.255886    -0.574783
-0.255592    -0.572642
-0.255299    -0.570499
-0.255008    -0.568355
-0.254718    -0.566209
-0.254429    -0.564061
-0.254142    -0.561912
-0.253855    -0.559761
-0.253571    -0.557608
-0.253287    -0.555454
-0.253005    -0.553298
-0.252723    -0.55114
-0.252444    -0.548981
-0.252165    -0.546821
-0.251887    -0.544659
-0.251611    -0.542495
-0.251336    -0.540329
-0.251062    -0.538162
-0.25079    -0.535994
-0.250518    -0.533824
-0.250248    -0.531652
-0.249979    -0.529479
-0.249711    -0.527304
-0.249444    -0.525128
-0.249178    -0.52295
-0.248913    -0.520771
-0.24865    -0.51859
-0.248387    -0.516408
-0.248126    -0.514224
-0.247866    -0.512039
-0.247607    -0.509852
-0.247349    -0.507663
-0.247092    -0.505473
-0.246836    -0.503282
-0.246581    -0.501089
-0.246327    -0.498895
-0.246074    -0.496699
-0.245822    -0.494502
-0.245571    -0.492303
-0.245321    -0.490103
-0.245072    -0.487902
-0.244825    -0.485699
-0.244578    -0.483494
-0.244332    -0.481289
-0.244087    -0.479081
-0.243843    -0.476873
-0.2436    -0.474663
-0.243357    -0.472451
-0.243116    -0.470238
-0.242876    -0.468024
-0.242636    -0.465808
-0.242398    -0.463591
-0.24216    -0.461373
-0.241923    -0.459153
-0.241688    -0.456932
-0.241453    -0.45471
-0.241218    -0.452486
-0.240985    -0.450261
-0.240752    -0.448034
-0.240521    -0.445806
-0.24029    -0.443577
-0.24006    -0.441347
-0.23983    -0.439115
-0.239602    -0.436882
-0.239374    -0.434647
-0.239147    -0.432412
-0.238921    -0.430175
-0.238696    -0.427936
-0.238471    -0.425697
-0.238247    -0.423456
-0.238024    -0.421214
-0.237801    -0.41897
-0.237579    -0.416726
-0.237358    -0.41448
-0.237138    -0.412233
-0.236918    -0.409984
-0.236699    -0.407735
-0.23648    -0.405484
-0.236263    -0.403232
-0.236045    -0.400978
-0.235829    -0.398724
-0.235613    -0.396468
-0.235398    -0.394211
-0.235183    -0.391953
-0.234969    -0.389694
-0.234756    -0.387434
-0.234543    -0.385172
-0.234331    -0.382909
-0.234119    -0.380645
-0.233908    -0.37838
-0.233697    -0.376114
-0.233487    -0.373847
-0.233277    -0.371578
-0.233068    -0.369309
-0.23286    -0.367038
-0.232652    -0.364766
-0.232444    -0.362493
-0.232237    -0.360219
-0.23203    -0.357944
-0.231824    -0.355667
-0.231619    -0.35339
-0.231413    -0.351112
-0.231209    -0.348832
-0.231004    -0.346552
-0.2308    -0.34427
-0.230597    -0.341987
-0.230393    -0.339704
-0.230191    -0.337419
-0.229988    -0.335133
-0.229786    -0.332846
-0.229585    -0.330558
-0.229383    -0.328269
-0.229183    -0.32598
-0.228982    -0.323689
-0.228782    -0.321397
-0.228582    -0.319104
-0.228382    -0.31681
-0.228183    -0.314515
-0.227984    -0.31222
-0.227785    -0.309923
-0.227586    -0.307625
-0.227388    -0.305326
-0.22719    -0.303027
-0.226992    -0.300726
-0.226795    -0.298425
-0.226598    -0.296122
-0.226401    -0.293819
-0.226204    -0.291515
-0.226007    -0.28921
-0.225811    -0.286904
-0.225615    -0.284597
-0.225418    -0.282289
-0.225223    -0.27998
-0.225027    -0.277671
-0.224831    -0.27536
-0.224636    -0.273049
-0.22444    -0.270737
-0.224245    -0.268424
-0.22405    -0.26611
-0.223855    -0.263795
-0.22366    -0.26148
-0.223465    -0.259164
-0.22327    -0.256847
-0.223076    -0.254529
-0.222881    -0.25221
-0.222686    -0.24989
-0.222492    -0.24757
-0.222297    -0.245249
-0.222103    -0.242927
-0.221908    -0.240605
-0.221714    -0.238281
-0.221519    -0.235957
-0.221325    -0.233632
-0.22113    -0.231307
-0.220935    -0.228981
-0.220741    -0.226654
-0.220546    -0.224326
-0.220351    -0.221997
-0.220156    -0.219668
-0.219962    -0.217338
-0.219767    -0.215008
-0.219571    -0.212677
-0.219376    -0.210345
-0.219181    -0.208012
-0.218985    -0.205679
-0.21879    -0.203345
-0.218594    -0.201011
-0.218398    -0.198676
-0.218202    -0.19634
-0.218006    -0.194003
-0.217809    -0.191666
-0.217613    -0.189329
-0.217416    -0.186991
-0.217219    -0.184652
-0.217022    -0.182312
-0.216824    -0.179972
-0.216627    -0.177632
-0.216429    -0.175291
-0.21623    -0.172949
-0.216032    -0.170607
-0.215833    -0.168264
-0.215634    -0.16592
-0.215435    -0.163577
-0.215235    -0.161232
-0.215035    -0.158887
-0.214835    -0.156542
-0.214635    -0.154196
-0.214434    -0.15185
-0.214232    -0.149503
-0.214031    -0.147155
-0.213829    -0.144807
-0.213626    -0.142459
-0.213424    -0.14011
-0.213221    -0.137761
-0.213017    -0.135411
-0.212813    -0.133061
-0.212609    -0.130711
-0.212404    -0.12836
-0.212199    -0.126008
-0.211993    -0.123657
-0.211787    -0.121304
-0.211581    -0.118952
-0.211374    -0.116599
-0.211166    -0.114245
-0.210958    -0.111892
-0.21075    -0.109538
-0.21054    -0.107183
-0.210331    -0.104828
-0.210121    -0.102473
-0.20991    -0.100118
-0.209699    -0.0977619
-0.209487    -0.0954058
-0.209275    -0.0930494
-0.209062    -0.0906927
-0.208849    -0.0883356
-0.208635    -0.0859783
-0.20842    -0.0836207
-0.208205    -0.0812629
-0.207989    -0.0789047
-0.207773    -0.0765463
-0.207556    -0.0741877
-0.207338    -0.0718288
-0.20712    -0.0694697
-0.206901    -0.0671103
-0.206681    -0.0647508
-0.206461    -0.062391
-0.20624    -0.060031
-0.206018    -0.0576708
-0.205795    -0.0553104
-0.205572    -0.0529498
-0.205348    -0.0505891
-0.205124    -0.0482282
-0.204898    -0.0458671
-0.204672    -0.0435059
-0.204445    -0.0411446
-0.204218    -0.0387831
-0.203989    -0.0364214
-0.20376    -0.0340597
-0.20353    -0.0316978
-0.203299    -0.0293359
-0.203068    -0.0269738
-0.202835    -0.0246116
-0.202602    -0.0222494
-0.202368    -0.0198871
-0.202133    -0.0175247
-0.201897    -0.0151623
-0.20166    -0.0127998
-0.201423    -0.0104373
-0.201184    -0.00807469
-0.200945    -0.00571209
-0.200705    -0.00334947
-0.200463    -0.000986843
-0.200221    0.00137579
-0.199978    0.00373842
-0.199734    0.00610105
-0.19949    0.00846365
-0.199244    0.0108262
-0.198997    0.0131888
-0.198749    0.0155513
-0.1985    0.0179137
-0.198251    0.0202761
-0.198    0.0226384
-0.197748    0.0250007
-0.197495    0.0273629
-0.197242    0.0297249
-0.196987    0.0320869
-0.196731    0.0344488
-0.196474    0.0368106
-0.196216    0.0391722
-0.195957    0.0415337
-0.195697    0.0438951
-0.195436    0.0462563
-0.195174    0.0486174
-0.19491    0.0509783
-0.194646    0.0533391
-0.19438    0.0556996
-0.194113    0.05806
-0.193845    0.0604202
-0.193576    0.0627802
-0.193306    0.06514
-0.193035    0.0674996
-0.192762    0.0698589
-0.192489    0.072218
-0.192214    0.0745769
-0.191938    0.0769355
-0.19166    0.0792939
-0.191382    0.0816519
-0.191102    0.0840098
-0.190821    0.0863673
-0.190539    0.0887246
-0.190256    0.0910815
-0.189971    0.0934382
-0.189685    0.0957945
-0.189398    0.0981505
-0.189109    0.100506
-0.188819    0.102862
-0.188528    0.105217
-0.188236    0.107571
-0.187942    0.109926
-0.187647    0.112279
-0.187351    0.114633
-0.187053    0.116986
-0.186754    0.119339
-0.186453    0.121691
-0.186152    0.124043
-0.185848    0.126395
-0.185544    0.128746
-0.185238    0.131097
-0.184931    0.133447
-0.184622    0.135797
-0.184312    0.138146
-0.184    0.140495
-0.183687    0.142843
-0.183373    0.145191
-0.183057    0.147538
-0.182739    0.149885
-0.18242    0.152232
-0.1821    0.154578
-0.181778    0.156923
-0.181455    0.159268
-0.18113    0.161612
-0.180804    0.163956
-0.180476    0.166299
-0.180147    0.168642
-0.179816    0.170984
-0.179483    0.173325
-0.179149    0.175666
-0.178814    0.178006
-0.178477    0.180346
-0.178138    0.182685
-0.177798    0.185023
-0.177456    0.187361
-0.177112    0.189698
-0.176767    0.192035
-0.176421    0.194371
-0.176072    0.196706
-0.175722    0.19904
-0.175371    0.201374
-0.175018    0.203707
-0.174663    0.20604
-0.174306    0.208371
-0.173948    0.210703
-0.173588    0.213033
-0.173227    0.215362
-0.172863    0.217691
-0.172498    0.220019
-0.172132    0.222347
-0.171763    0.224673
-0.171393    0.226999
-0.171021    0.229324
-0.170648    0.231648
-0.170272    0.233972
-0.169895    0.236294
-0.169516    0.238616
-0.169136    0.240937
-0.168753    0.243258
-0.168369    0.245577
-0.167983    0.247895
-0.167595    0.250213
-0.167206    0.25253
-0.166814    0.254846
-0.166421    0.257161
-0.166026    0.259475
-0.165629    0.261788
-0.16523    0.264101
-0.164829    0.266412
-0.164427    0.268723
-0.164022    0.271032
-0.163616    0.273341
-0.163208    0.275648
-0.162797    0.277955
-0.162385    0.280261
-0.161971    0.282566
-0.161556    0.28487
-0.161138    0.287173
-0.160718    0.289474
-0.160296    0.291775
-0.159873    0.294075
-0.159447    0.296374
-0.15902    0.298672
-0.15859    0.300969
-0.158159    0.303264
-0.157725    0.305559
-0.15729    0.307853
-0.156852    0.310145
-0.156413    0.312437
-0.155971    0.314727
-0.155528    0.317016
-0.155082    0.319305
-0.154634    0.321592
-0.154185    0.323878
-0.153733    0.326162
-0.153279    0.328446
-0.152823    0.330729
-0.152365    0.33301
-0.151905    0.33529
-0.151443    0.337569
-0.150979    0.339847
-0.150512    0.342124
-0.150044    0.3444
-0.149573    0.346674
-0.149101    0.348947
-0.148626    0.351219
-0.148149    0.353489
-0.147669    0.355759
-0.147188    0.358027
-0.146705    0.360294
-0.146219    0.36256
-0.145731    0.364824
-0.145241    0.367087
-0.144749    0.369349
-0.144254    0.37161
-0.143758    0.373869
-0.143259    0.376127
-0.142758    0.378383
-0.142254    0.380639
-0.141749    0.382892
-0.141241    0.385145
-0.140731    0.387396
-0.140219    0.389646
-0.139704    0.391895
-0.139187    0.394142
-0.138668    0.396388
-0.138147    0.398632
-0.137623    0.400875
-0.137097    0.403116
-0.136569    0.405357
-0.136038    0.407595
-0.135505    0.409833
-0.13497    0.412068
-0.134432    0.414303
-0.133892    0.416536
-0.13335    0.418767
-0.132805    0.420997
-0.132258    0.423225
-0.131708    0.425452
-0.131157    0.427678
-0.130602    0.429902
-0.130046    0.432124
-0.129487    0.434345
-0.128926    0.436565
-0.128362    0.438782
-0.127796    0.440999
-0.127227    0.443213
-0.126656    0.445427
-0.126082    0.447638
-0.125506    0.449848
-0.124928    0.452056
-0.124347    0.454263
-0.123764    0.456468
-0.123178    0.458672
-0.12259    0.460874
-0.121999    0.463074
-0.121406    0.465273
-0.12081    0.46747
-0.120212    0.469665
-0.119611    0.471859
-0.119008    0.474051
-0.118402    0.476241
-0.117794    0.47843
-0.117183    0.480617
-0.11657    0.482802
-0.115954    0.484985
-0.115335    0.487167
-0.114714    0.489347
-0.114091    0.491525
-0.113465    0.493702
-0.112836    0.495876
-0.112205    0.498049
-0.111571    0.500221
-0.110934    0.50239
-0.110295    0.504558
-0.109653    0.506723
-0.109009    0.508887
-0.108362    0.511049
-0.107713    0.51321
-0.10706    0.515368
-0.106406    0.517525
-0.105748    0.51968
-0.105088    0.521833
-0.104425    0.523984
-0.10376    0.526133
-0.103091    0.52828
-0.102421    0.530426
-0.101747    0.532569
-0.101071    0.534711
-0.100392    0.53685
-0.0997105    0.538988
-0.0990263    0.541124
-0.0983393    0.543258
-0.0976496    0.545389
-0.0969572    0.547519
-0.096262    0.549647
-0.0955641    0.551773
-0.0948635    0.553897
-0.0941601    0.556019
-0.093454    0.558139
-0.0927452    0.560257
-0.0920335    0.562373
-0.0913191    0.564487
-0.090602    0.566599
-0.089882    0.568709
-0.0891593    0.570816
-0.0884337    0.572922
-0.0877054    0.575026
-0.0869743    0.577127
-0.0862404    0.579227
-0.0855036    0.581324
-0.0847641    0.583419
-0.0840217    0.585512
-0.0832765    0.587603
-0.0825284    0.589692
-0.0817776    0.591779
-0.0810238    0.593864
-0.0802673    0.595946
-0.0795078    0.598026
-0.0787455    0.600104
-0.0779804    0.60218
-0.0772124    0.604254
-0.0764415    0.606325
-0.0756677    0.608395
-0.074891    0.610462
-0.0741115    0.612527
-0.073329    0.614589
-0.0725436    0.61665
-0.0717554    0.618708
-0.0709642    0.620764
-0.0701701    0.622817
-0.0693731    0.624868
-0.0685731    0.626917
-0.0677703    0.628964
-0.0669645    0.631009
-0.0661557    0.633051
-0.065344    0.635091
-0.0645293    0.637128
-0.0637117    0.639163
-0.0628912    0.641196
-0.0620676    0.643226
-0.0612411    0.645255
-0.0604116    0.64728
-0.0595792    0.649304
-0.0587437    0.651324
-0.0579053    0.653343
-0.0570638    0.655359
-0.0562194    0.657373
-0.0553719    0.659384
-0.0545215    0.661393
-0.053668    0.6634
-0.0528115    0.665404
-0.051952    0.667405
-0.0510895    0.669404
-0.0502239    0.671401
-0.0493553    0.673395
-0.0484837    0.675386
-0.047609    0.677376
-0.0467312    0.679362
-0.0458504    0.681346
-0.0449666    0.683328
-0.0440797    0.685307
-0.0431897    0.687283
-0.0422966    0.689257
-0.0414005    0.691229
-0.0405013    0.693198
-0.039599    0.695164
-0.0386936    0.697128
-0.0377851    0.699089
-0.0368735    0.701047
-0.0359588    0.703003
-0.0350411    0.704956
-0.0341202    0.706907
-0.0331961    0.708855
-0.032269    0.7108
-0.0313388    0.712743
-0.0304054    0.714683
-0.0294689    0.71662
-0.0285292    0.718555
-0.0275865    0.720487
-0.0266405    0.722416
-0.0256915    0.724343
-0.0247392    0.726267
-0.0237839    0.728188
-0.0228253    0.730106
-0.0218637    0.732022
-0.0208988    0.733935
-0.0199308    0.735845
-0.0189596    0.737752
-0.0179852    0.739657
-0.0170077    0.741559
-0.0160269    0.743458
-0.015043    0.745354
-0.0140559    0.747247
-0.0130656    0.749138
-0.0120721    0.751026
-0.0110754    0.752911
-0.0100755    0.754793
-0.00907233    0.756672
-0.008066    0.758549
-0.00705645    0.760422
-0.00604368    0.762293
-0.00502769    0.76416
-0.00400848    0.766025
-0.00298604    0.767887
-0.00196036    0.769746
-0.000931454    0.771602
0.000100693    0.773456
0.00113608    0.775306
0.00217472    0.777153
0.0032166    0.778997
0.00426173    0.780839
0.00531012    0.782677
0.00636176    0.784512
0.00741667    0.786345
0.00847483    0.788174
0.00953627    0.790001
0.010601    0.791824
0.0116689    0.793644
0.0127402    0.795462
0.0138147    0.797276
0.0148925    0.799087
0.0159736    0.800895
0.017058    0.8027
0.0181457    0.804502
0.0192366    0.806301
0.0203309    0.808097
0.0214284    0.809889
0.0225293    0.811679
0.0236334    0.813465
0.0247409    0.815249
0.0258517    0.817029
0.0269657    0.818806
0.0280831    0.82058
0.0292038    0.82235
0.0303279    0.824118
0.0314552    0.825882
0.0325859    0.827643
0.0337198    0.829401
0.0348572    0.831156
0.0359978    0.832907
0.0371418    0.834655
0.0382891    0.8364
0.0394397    0.838142
0.0405937    0.83988
0.041751    0.841615
0.0429117    0.843347
0.0440757    0.845076
0.0452431    0.846801
0.0464138    0.848523
0.0475878    0.850242
0.0487652    0.851957
0.049946    0.853669
0.0511301    0.855378
0.0523176    0.857083
0.0535084    0.858785
0.0547026    0.860484
0.0559002    0.862179
0.0571011    0.863871
0.0583054    0.865559
0.0595131    0.867244
0.0607241    0.868925
0.0619385    0.870604
0.0631563    0.872278
0.0643775    0.87395
0.065602    0.875617
0.0668299    0.877282
0.0680612    0.878943
0.0692959    0.8806
0.0705339    0.882254
0.0717754    0.883904
0.0730202    0.885551
0.0742684    0.887195
0.07552    0.888835
0.076775    0.890471
