0.779448    0.99427
0.781401    0.992917
0.783351    0.991559
0.785298    0.990196
0.787243    0.988827
0.789185    0.987454
0.791124    0.986074
0.793061    0.98469
0.794995    0.983301
0.796926    0.981906
0.798854    0.980506
0.80078    0.9791
0.802703    0.97769
0.804624    0.976274
0.806541    0.974853
0.808456    0.973427
0.810368    0.971996
0.812277    0.97056
0.814183    0.969118
0.816087    0.967671
0.817988    0.96622
0.819886    0.964763
0.821781    0.9633
0.823673    0.961833
0.825562    0.960361
0.827449    0.958884
0.829332    0.957401
0.831213    0.955914
0.83309    0.954421
0.834965    0.952923
0.836837    0.951421
0.838706    0.949913
0.840572    0.9484
0.842435    0.946882
0.844295    0.945359
0.846152    0.943832
0.848006    0.942299
0.849857    0.940761
0.851704    0.939218
0.853549    0.937671
0.855391    0.936118
0.85723    0.93456
0.859066    0.932998
0.860898    0.93143
0.862728    0.929858
0.864554    0.928281
0.866378    0.926698
0.868198    0.925111
0.870015    0.923519
0.871829    0.921923
0.87364    0.920321
0.875448    0.918714
0.877252    0.917103
0.879054    0.915487
0.880852    0.913866
0.882647    0.91224
0.884439    0.91061
0.886227    0.908974
0.888013    0.907334
0.889795    0.905689
0.891574    0.904039
0.893349    0.902385
0.895122    0.900726
0.896891    0.899062
0.898656    0.897393
0.900419    0.89572
0.902178    0.894042
0.903934    0.892359
0.905687    0.890672
0.907436    0.88898
0.909182    0.887283
0.910925    0.885582
0.912664    0.883876
0.9144    0.882166
0.916132    0.88045
0.917861    0.878731
0.919587    0.877006
0.921309    0.875277
0.923028    0.873544
0.924744    0.871806
0.926456    0.870063
0.928165    0.868316
0.92987    0.866564
0.931572    0.864808
0.93327    0.863047
0.934965    0.861282
0.936656    0.859513
0.938344    0.857738
0.940029    0.85596
0.94171    0.854177
0.943387    0.852389
0.945061    0.850597
0.946731    0.848801
0.948398    0.847
0.950062    0.845195
0.951721    0.843385
0.953378    0.841571
0.95503    0.839753
0.956679    0.83793
0.958325    0.836103
0.959967    0.834272
0.961605    0.832436
0.96324    0.830596
0.964871    0.828752
0.966498    0.826904
0.968122    0.825051
0.969743    0.823194
0.971359    0.821332
0.972972    0.819467
0.974582    0.817597
0.976187    0.815723
0.977789    0.813844
0.979388    0.811962
0.980982    0.810075
0.982573    0.808184
0.98416    0.806289
0.985744    0.80439
0.987324    0.802487
0.9889    0.80058
0.990472    0.798668
0.992041    0.796752
0.993606    0.794833
0.995167    0.792909
0.996725    0.790981
0.998278    0.789049
0.999828    0.787113
1.00137    0.785173
1.00292    0.783228
1.00446    0.78128
1.00599    0.779328
1.00752    0.777372
1.00905    0.775412
1.01057    0.773448
1.01209    0.77148
1.01361    0.769508
1.01512    0.767532
1.01663    0.765552
1.01813    0.763568
1.01963    0.76158
1.02113    0.759588
1.02262    0.757593
1.02411    0.755594
1.0256    0.75359
1.02708    0.751583
1.02855    0.749572
1.03003    0.747558
1.0315    0.745539
1.03296    0.743517
1.03442    0.74149
1.03588    0.739461
1.03734    0.737427
1.03879    0.735389
1.04023    0.733348
1.04167    0.731303
1.04311    0.729255
1.04455    0.727202
1.04598    0.725146
1.0474    0.723086
1.04883    0.721023
1.05024    0.718956
1.05166    0.716885
1.05307    0.714811
1.05447    0.712733
1.05588    0.710651
1.05728    0.708566
1.05867    0.706477
1.06006    0.704385
1.06145    0.702289
1.06283    0.700189
1.06421    0.698086
1.06558    0.69598
1.06695    0.69387
1.06832    0.691756
1.06968    0.689639
1.07104    0.687518
1.0724    0.685394
1.07375    0.683267
1.07509    0.681136
1.07644    0.679001
1.07777    0.676863
1.07911    0.674722
1.08044    0.672577
1.08176    0.670429
1.08309    0.668278
1.0844    0.666123
1.08572    0.663965
1.08703    0.661803
1.08833    0.659638
1.08964    0.65747
1.09093    0.655299
1.09223    0.653124
1.09352    0.650946
1.0948    0.648764
1.09608    0.64658
1.09736    0.644392
1.09863    0.642201
1.0999    0.640007
1.10117    0.637809
1.10243    0.635608
1.10369    0.633404
1.10494    0.631197
1.10619    0.628987
1.10743    0.626773
1.10867    0.624557
1.10991    0.622337
1.11114    0.620114
1.11237    0.617888
1.11359    0.615659
1.11481    0.613427
1.11602    0.611192
1.11724    0.608954
1.11844    0.606712
1.11965    0.604468
1.12084    0.602221
1.12204    0.59997
1.12323    0.597717
1.12442    0.59546
1.1256    0.593201
1.12678    0.590939
1.12795    0.588673
1.12912    0.586405
1.13028    0.584134
1.13145    0.58186
1.1326    0.579583
1.13375    0.577303
1.1349    0.57502
1.13605    0.572735
1.13719    0.570446
1.13832    0.568155
1.13946    0.565861
1.14058    0.563563
1.14171    0.561264
1.14283    0.558961
1.14394    0.556656
1.14505    0.554347
1.14616    0.552036
1.14726    0.549723
1.14836    0.547406
1.14946    0.545087
1.15055    0.542765
1.15163    0.54044
1.15271    0.538113
1.15379    0.535783
1.15486    0.53345
1.15593    0.531115
1.157    0.528777
1.15806    0.526436
1.15911    0.524093
1.16017    0.521747
1.16121    0.519399
1.16226    0.517048
1.1633    0.514694
1.16433    0.512338
1.16536    0.509979
1.16639    0.507618
1.16741    0.505254
1.16843    0.502888
1.16944    0.500519
1.17045    0.498147
1.17146    0.495774
1.17246    0.493397
1.17346    0.491018
1.17445    0.488637
1.17544    0.486254
1.17643    0.483867
1.17741    0.481479
1.17838    0.479088
1.17935    0.476695
1.18032    0.474299
1.18128    0.471901
1.18224    0.4695
1.1832    0.467098
1.18415    0.464693
1.1851    0.462285
1.18604    0.459875
1.18698    0.457463
1.18791    0.455049
1.18884    0.452632
1.18977    0.450213
1.19069    0.447792
1.1916    0.445369
1.19252    0.442943
1.19343    0.440515
1.19433    0.438085
1.19523    0.435653
1.19613    0.433219
1.19702    0.430782
1.19791    0.428343
1.19879    0.425902
1.19967    0.423459
1.20054    0.421014
1.20141    0.418567
1.20228    0.416117
1.20314    0.413666
1.204    0.411212
1.20485    0.408757
1.2057    0.406299
1.20655    0.403839
1.20739    0.401377
1.20823    0.398913
1.20906    0.396448
1.20989    0.39398
1.21071    0.39151
1.21153    0.389038
1.21235    0.386564
1.21316    0.384088
1.21397    0.381611
1.21477    0.379131
1.21557    0.376649
1.21637    0.374166
1.21716    0.371681
1.21794    0.369193
1.21873    0.366704
1.21951    0.364213
1.22028    0.36172
1.22105    0.359225
1.22182    0.356729
1.22258    0.35423
1.22333    0.35173
1.22409    0.349228
1.22484    0.346724
1.22558    0.344218
1.22632    0.341711
1.22706    0.339202
1.22779    0.336691
1.22852    0.334178
1.22924    0.331664
1.22996    0.329148
1.23068    0.32663
1.23139    0.324111
1.2321    0.321589
1.2328    0.319067
1.2335    0.316542
1.2342    0.314016
1.23489    0.311488
1.23557    0.308959
1.23626    0.306428
1.23694    0.303895
1.23761    0.301361
1.23828    0.298825
1.23895    0.296287
1.23961    0.293748
1.24027    0.291208
1.24092    0.288666
1.24157    0.286122
1.24222    0.283577
1.24286    0.28103
1.2435    0.278482
1.24413    0.275933
1.24476    0.273381
1.24538    0.270829
1.246    0.268275
1.24662    0.265719
1.24723    0.263162
1.24784    0.260604
1.24845    0.258044
1.24905    0.255483
1.24964    0.252921
1.25024    0.250357
1.25083    0.247791
1.25141    0.245225
1.25199    0.242657
1.25257    0.240087
1.25314    0.237516
1.25371    0.234944
1.25427    0.232371
1.25483    0.229796
1.25539    0.22722
1.25594    0.224643
1.25649    0.222065
1.25703    0.219485
1.25757    0.216904
1.25811    0.214322
1.25864    0.211738
1.25917    0.209154
1.25969    0.206568
1.26021    0.203981
1.26073    0.201392
1.26124    0.198803
1.26175    0.196212
1.26225    0.19362
1.26275    0.191028
1.26325    0.188433
1.26374    0.185838
1.26423    0.183242
1.26471    0.180645
1.26519    0.178046
1.26567    0.175446
1.26614    0.172846
1.26661    0.170244
1.26707    0.167641
1.26753    0.165037
1.26799    0.162433
1.26844    0.159827
1.26889    0.15722
1.26934    0.154612
1.26978    0.152003
1.27021    0.149393
1.27065    0.146782
1.27108    0.14417
1.2715    0.141558
1.27192    0.138944
1.27234    0.136329
1.27275    0.133714
1.27316    0.131097
1.27357    0.12848
1.27397    0.125861
1.27437    0.123242
1.27476    0.120622
1.27515    0.118001
1.27554    0.115379
1.27592    0.112757
1.2763    0.110133
1.27668    0.107509
1.27705    0.104884
1.27742    0.102258
1.27778    0.0996309
1.27814    0.0970034
1.27849    0.094375
1.27885    0.0917459
1.27919    0.0891161
1.27954    0.0864855
1.27988    0.0838541
1.28022    0.081222
1.28055    0.0785892
1.28088    0.0759556
1.28121    0.0733214
1.28153    0.0706865
1.28185    0.0680509
1.28216    0.0654146
1.28247    0.0627776
1.28278    0.06014
1.28308    0.0575017
1.28338    0.0548628
1.28368    0.0522232
1.28397    0.0495831
1.28426    0.0469423
1.28454    0.0443009
1.28482    0.0416589
1.2851    0.0390164
1.28537    0.0363733
1.28564    0.0337296
1.28591    0.0310853
1.28617    0.0284405
1.28643    0.0257952
1.28668    0.0231493
1.28694    0.0205029
1.28718    0.017856
1.28743    0.0152086
1.28767    0.0125607
1.28791    0.00991233
1.28814    0.00726348
1.28837    0.00461416
1.2886    0.00196438
1.28882    -0.00068584
1.28904    -0.0033365
1.28925    -0.0059876
1.28946    -0.00863911
1.28967    -0.011291
1.28988    -0.0139434
1.29008    -0.0165961
1.29028    -0.0192492
1.29047    -0.0219027
1.29066    -0.0245565
1.29085    -0.0272108
1.29103    -0.0298653
1.29121    -0.0325202
1.29139    -0.0351755
1.29156    -0.037831
1.29173    -0.0404869
1.29189    -0.0431431
1.29206    -0.0457996
1.29222    -0.0484564
1.29237    -0.0511134
1.29252    -0.0537707
1.29267    -0.0564283
1.29282    -0.0590862
1.29296    -0.0617443
1.2931    -0.0644026
1.29323    -0.0670612
1.29336    -0.06972
1.29349    -0.072379
1.29361    -0.0750382
1.29373    -0.0776976
1.29385    -0.0803571
1.29397    -0.0830169
1.29408    -0.0856768
1.29418    -0.0883369
1.29429    -0.0909972
1.29439    -0.0936576
1.29449    -0.0963181
1.29458    -0.0989788
1.29467    -0.10164
1.29476    -0.1043
1.29484    -0.106961
1.29492    -0.109623
1.295    -0.112284
1.29507    -0.114945
1.29514    -0.117606
1.29521    -0.120268
1.29528    -0.122929
1.29534    -0.125591
1.29539    -0.128252
1.29545    -0.130914
1.2955    -0.133575
1.29555    -0.136237
1.29559    -0.138899
1.29563    -0.14156
1.29567    -0.144222
1.29571    -0.146883
1.29574    -0.149545
1.29577    -0.152206
1.29579    -0.154868
1.29581    -0.157529
1.29583    -0.160191
1.29585    -0.162852
1.29586    -0.165513
1.29587    -0.168174
1.29587    -0.170836
1.29588    -0.173497
1.29588    -0.176157
1.29587    -0.178818
1.29587    -0.181479
1.29586    -0.184139
