-0.70306    -1.10363
-0.702622    -1.10184
-0.702187    -1.10005
-0.701755    -1.09825
-0.701326    -1.09645
-0.7009    -1.09465
-0.700476    -1.09284
-0.700056    -1.09103
-0.699638    -1.08922
-0.699223    -1.08741
-0.698812    -1.08559
-0.698403    -1.08377
-0.697996    -1.08195
-0.697593    -1.08013
-0.697192    -1.0783
-0.696794    -1.07647
-0.696399    -1.07464
-0.696007    -1.0728
-0.695618    -1.07097
-0.695231    -1.06913
-0.694847    -1.06728
-0.694466    -1.06544
-0.694087    -1.06359
-0.693711    -1.06174
-0.693338    -1.05988
-0.692968    -1.05803
-0.6926    -1.05617
-0.692235    -1.05431
-0.691873    -1.05245
-0.691513    -1.05058
-0.691156    -1.04871
-0.690802    -1.04684
-0.69045    -1.04497
-0.690101    -1.04309
-0.689754    -1.04121
-0.68941    -1.03933
-0.689069    -1.03744
-0.68873    -1.03556
-0.688394    -1.03367
-0.68806    -1.03178
-0.687729    -1.02988
-0.6874    -1.02799
-0.687074    -1.02609
-0.686751    -1.02418
-0.686429    -1.02228
-0.686111    -1.02037
-0.685795    -1.01846
-0.685481    -1.01655
-0.68517    -1.01464
-0.684861    -1.01272
-0.684555    -1.0108
-0.684251    -1.00888
-0.68395    -1.00696
-0.683651    -1.00503
-0.683354    -1.0031
-0.68306    -1.00117
-0.682769    -0.999237
-0.682479    -0.997301
-0.682192    -0.995362
-0.681907    -0.993421
-0.681625    -0.991478
-0.681345    -0.989532
-0.681068    -0.987584
-0.680792    -0.985633
-0.680519    -0.98368
-0.680248    -0.981725
-0.67998    -0.979767
-0.679714    -0.977807
-0.67945    -0.975844
-0.679188    -0.973879
-0.678929    -0.971912
-0.678671    -0.969942
-0.678416    -0.96797
-0.678164    -0.965996
-0.677913    -0.964019
-0.677665    -0.96204
-0.677419    -0.960059
-0.677175    -0.958075
-0.676933    -0.956089
-0.676693    -0.954101
-0.676456    -0.952111
-0.67622    -0.950118
-0.675987    -0.948123
-0.675756    -0.946125
-0.675526    -0.944125
-0.675299    -0.942123
-0.675075    -0.940119
-0.674852    -0.938112
-0.674631    -0.936103
-0.674412    -0.934092
-0.674195    -0.932079
-0.673981    -0.930063
-0.673768    -0.928045
-0.673557    -0.926025
-0.673349    -0.924003
-0.673142    -0.921978
-0.672937    -0.919951
-0.672735    -0.917922
-0.672534    -0.915891
-0.672335    -0.913857
-0.672138    -0.911822
-0.671943    -0.909784
-0.67175    -0.907744
-0.671559    -0.905701
-0.67137    -0.903657
-0.671182    -0.90161
-0.670997    -0.899561
-0.670813    -0.89751
-0.670631    -0.895457
-0.670451    -0.893401
-0.670273    -0.891344
-0.670097    -0.889284
-0.669922    -0.887222
-0.66975    -0.885158
-0.669579    -0.883092
-0.66941    -0.881024
-0.669242    -0.878953
-0.669077    -0.876881
-0.668913    -0.874806
-0.668751    -0.872729
-0.66859    -0.87065
-0.668432    -0.868569
-0.668275    -0.866486
-0.66812    -0.864401
-0.667966    -0.862313
-0.667814    -0.860224
-0.667664    -0.858132
-0.667515    -0.856039
-0.667368    -0.853943
-0.667223    -0.851845
-0.667079    -0.849746
-0.666937    -0.847644
-0.666797    -0.84554
-0.666658    -0.843434
-0.66652    -0.841326
-0.666385    -0.839216
-0.666251    -0.837104
-0.666118    -0.83499
-0.665987    -0.832874
-0.665857    -0.830755
-0.665729    -0.828635
-0.665603    -0.826513
-0.665478    -0.824389
-0.665354    -0.822263
-0.665232    -0.820134
-0.665111    -0.818004
-0.664992    -0.815872
-0.664874    -0.813738
-0.664758    -0.811602
-0.664643    -0.809464
-0.66453    -0.807324
-0.664418    -0.805182
-0.664307    -0.803038
-0.664198    -0.800892
-0.66409    -0.798744
-0.663983    -0.796594
-0.663878    -0.794442
-0.663774    -0.792289
-0.663672    -0.790133
-0.66357    -0.787975
-0.663471    -0.785816
-0.663372    -0.783655
-0.663275    -0.781491
-0.663179    -0.779326
-0.663084    -0.777159
-0.66299    -0.77499
-0.662898    -0.772819
-0.662807    -0.770647
-0.662717    -0.768472
-0.662628    -0.766295
-0.662541    -0.764117
-0.662455    -0.761937
-0.66237    -0.759755
-0.662286    -0.757571
-0.662203    -0.755385
-0.662121    -0.753198
-0.662041    -0.751008
-0.661961    -0.748817
-0.661883    -0.746624
-0.661806    -0.744429
-0.66173    -0.742232
-0.661655    -0.740033
-0.661581    -0.737833
-0.661508    -0.735631
-0.661437    -0.733427
-0.661366    -0.731221
-0.661296    -0.729014
-0.661228    -0.726804
-0.66116    -0.724593
-0.661093    -0.72238
-0.661028    -0.720166
-0.660963    -0.717949
-0.660899    -0.715731
-0.660836    -0.713511
-0.660775    -0.71129
-0.660714    -0.709066
-0.660654    -0.706841
-0.660595    -0.704614
-0.660537    -0.702386
-0.660479    -0.700155
-0.660423    -0.697923
-0.660368    -0.69569
-0.660313    -0.693454
-0.660259    -0.691217
-0.660206    -0.688978
-0.660154    -0.686738
-0.660103    -0.684495
-0.660052    -0.682252
-0.660003    -0.680006
-0.659954    -0.677759
-0.659905    -0.67551
-0.659858    -0.673259
-0.659811    -0.671007
-0.659766    -0.668753
-0.65972    -0.666498
-0.659676    -0.664241
-0.659632    -0.661982
-0.659589    -0.659722
-0.659547    -0.65746
-0.659505    -0.655196
-0.659464    -0.652931
-0.659424    -0.650664
-0.659384    -0.648396
-0.659345    -0.646126
-0.659307    -0.643854
-0.659269    -0.641581
-0.659232    -0.639306
-0.659195    -0.63703
-0.659159    -0.634752
-0.659124    -0.632473
-0.659089    -0.630192
-0.659055    -0.627909
-0.659021    -0.625625
-0.658988    -0.62334
-0.658955    -0.621053
-0.658923    -0.618764
-0.658891    -0.616474
-0.65886    -0.614182
-0.658829    -0.611889
-0.658799    -0.609594
-0.658769    -0.607298
-0.65874    -0.605
-0.658711    -0.602701
-0.658682    -0.6004
-0.658654    -0.598098
-0.658627    -0.595795
-0.658599    -0.593489
-0.658572    -0.591183
-0.658546    -0.588875
-0.65852    -0.586565
-0.658494    -0.584255
-0.658468    -0.581942
-0.658443    -0.579629
-0.658418    -0.577313
-0.658394    -0.574997
-0.65837    -0.572679
-0.658346    -0.570359
-0.658322    -0.568039
-0.658299    -0.565716
-0.658275    -0.563393
-0.658253    -0.561068
-0.65823    -0.558741
-0.658207    -0.556414
-0.658185    -0.554085
-0.658163    -0.551754
-0.658141    -0.549422
-0.65812    -0.547089
-0.658098    -0.544755
-0.658077    -0.542419
-0.658056    -0.540082
-0.658035    -0.537743
-0.658014    -0.535403
-0.657993    -0.533062
-0.657972    -0.53072
-0.657952    -0.528376
-0.657931    -0.526031
-0.657911    -0.523685
-0.65789    -0.521337
-0.65787    -0.518988
-0.65785    -0.516638
-0.65783    -0.514286
-0.65781    -0.511934
-0.657789    -0.50958
-0.657769    -0.507225
-0.657749    -0.504868
-0.657729    -0.502511
-0.657709    -0.500152
-0.657688    -0.497792
-0.657668    -0.49543
-0.657648    -0.493068
-0.657627    -0.490704
-0.657607    -0.488339
-0.657586    -0.485973
-0.657565    -0.483606
-0.657544    -0.481237
-0.657524    -0.478867
-0.657502    -0.476497
-0.657481    -0.474125
-0.65746    -0.471751
-0.657438    -0.469377
-0.657417    -0.467002
-0.657395    -0.464625
-0.657373    -0.462247
-0.65735    -0.459869
-0.657328    -0.457489
-0.657305    -0.455108
-0.657282    -0.452726
-0.657259    -0.450342
-0.657235    -0.447958
-0.657211    -0.445573
-0.657187    -0.443186
-0.657163    -0.440798
-0.657138    -0.43841
-0.657114    -0.43602
-0.657088    -0.433629
-0.657063    -0.431238
-0.657037    -0.428845
-0.65701    -0.426451
-0.656984    -0.424056
-0.656957    -0.42166
-0.656929    -0.419263
-0.656902    -0.416865
-0.656873    -0.414466
-0.656845    -0.412066
-0.656816    -0.409666
-0.656786    -0.407264
-0.656756    -0.404861
-0.656726    -0.402457
-0.656695    -0.400052
-0.656664    -0.397647
-0.656632    -0.39524
-0.6566    -0.392832
-0.656567    -0.390424
-0.656534    -0.388014
-0.6565    -0.385604
-0.656466    -0.383193
-0.656431    -0.38078
-0.656395    -0.378367
-0.656359    -0.375953
-0.656323    -0.373538
-0.656286    -0.371123
-0.656248    -0.368706
-0.65621    -0.366288
-0.656171    -0.36387
-0.656131    -0.361451
-0.656091    -0.359031
-0.65605    -0.35661
-0.656008    -0.354188
-0.655966    -0.351766
-0.655923    -0.349342
-0.65588    -0.346918
-0.655835    -0.344493
-0.65579    -0.342067
-0.655745    -0.339641
-0.655698    -0.337214
-0.655651    -0.334785
-0.655603    -0.332357
-0.655554    -0.329927
-0.655505    -0.327497
-0.655455    -0.325065
-0.655404    -0.322634
-0.655352    -0.320201
-0.655299    -0.317768
-0.655246    -0.315334
-0.655192    -0.312899
-0.655137    -0.310463
-0.655081    -0.308027
-0.655024    -0.30559
-0.654966    -0.303153
-0.654908    -0.300715
-0.654848    -0.298276
-0.654788    -0.295836
-0.654727    -0.293396
-0.654665    -0.290955
-0.654602    -0.288514
-0.654538    -0.286071
-0.654473    -0.283629
-0.654407    -0.281185
-0.65434    -0.278741
-0.654272    -0.276297
-0.654203    -0.273852
-0.654134    -0.271406
-0.654063    -0.26896
-0.653991    -0.266513
-0.653918    -0.264065
-0.653844    -0.261617
-0.653769    -0.259169
-0.653693    -0.25672
-0.653616    -0.25427
-0.653538    -0.25182
-0.653459    -0.249369
-0.653379    -0.246918
-0.653298    -0.244466
-0.653215    -0.242014
-0.653131    -0.239561
-0.653047    -0.237108
-0.652961    -0.234654
-0.652874    -0.2322
-0.652786    -0.229745
-0.652696    -0.22729
-0.652606    -0.224835
-0.652514    -0.222379
-0.652421    -0.219923
-0.652327    -0.217466
-0.652232    -0.215009
-0.652135    -0.212551
-0.652038    -0.210093
-0.651939    -0.207634
-0.651838    -0.205176
-0.651737    -0.202716
-0.651634    -0.200257
-0.65153    -0.197797
-0.651424    -0.195337
-0.651318    -0.192876
-0.65121    -0.190415
-0.6511    -0.187954
-0.65099    -0.185492
-0.650878    -0.18303
-0.650765    -0.180568
-0.65065    -0.178105
-0.650534    -0.175642
-0.650416    -0.173179
-0.650298    -0.170716
-0.650178    -0.168252
-0.650056    -0.165788
-0.649933    -0.163324
-0.649809    -0.16086
-0.649683    -0.158395
-0.649555    -0.15593
-0.649427    -0.153465
-0.649296    -0.150999
-0.649165    -0.148534
-0.649032    -0.146068
-0.648897    -0.143602
-0.648761    -0.141136
-0.648623    -0.13867
-0.648484    -0.136203
-0.648344    -0.133736
-0.648201    -0.13127
-0.648058    -0.128803
-0.647912    -0.126336
-0.647766    -0.123868
-0.647617    -0.121401
-0.647467    -0.118933
-0.647316    -0.116466
-0.647163    -0.113998
-0.647008    -0.11153
-0.646852    -0.109063
-0.646694    -0.106595
-0.646534    -0.104127
-0.646373    -0.101659
-0.64621    -0.0991906
-0.646045    -0.0967224
-0.645879    -0.0942543
-0.645711    -0.0917861
-0.645542    -0.0893179
-0.645371    -0.0868497
-0.645198    -0.0843814
-0.645023    -0.0819132
-0.644847    -0.079445
-0.644669    -0.0769768
-0.644489    -0.0745087
-0.644307    -0.0720406
-0.644124    -0.0695725
-0.643939    -0.0671045
-0.643752    -0.0646366
-0.643564    -0.0621687
-0.643373    -0.0597009
-0.643181    -0.0572332
-0.642987    -0.0547656
-0.642791    -0.0522981
-0.642594    -0.0498307
-0.642394    -0.0473634
-0.642193    -0.0448963
-0.64199    -0.0424293
-0.641785    -0.0399624
-0.641578    -0.0374957
-0.641369    -0.0350292
-0.641159    -0.0325628
-0.640946    -0.0300966
-0.640732    -0.0276306
-0.640515    -0.0251647
-0.640297    -0.0226991
-0.640077    -0.0202337
-0.639855    -0.0177685
-0.639631    -0.0153036
-0.639405    -0.0128388
-0.639177    -0.0103743
-0.638948    -0.00791011
-0.638716    -0.00544613
-0.638482    -0.00298243
-0.638246    -0.000519001
-0.638008    0.00194414
-0.637769    0.00440699
-0.637527    0.00686954
-0.637283    0.00933178
-0.637037    0.0117937
-0.636789    0.0142553
-0.63654    0.0167165
-0.636288    0.0191775
-0.636034    0.021638
-0.635778    0.0240982
-0.635519    0.0265581
-0.635259    0.0290175
-0.634997    0.0314766
-0.634732    0.0339353
-0.634466    0.0363935
-0.634197    0.0388514
-0.633927    0.0413088
-0.633654    0.0437659
-0.633379    0.0462225
-0.633101    0.0486786
-0.632822    0.0511343
-0.632541    0.0535895
-0.632257    0.0560443
-0.631971    0.0584985
-0.631683    0.0609523
-0.631393    0.0634056
-0.6311    0.0658584
-0.630806    0.0683107
-0.630509    0.0707625
-0.63021    0.0732137
-0.629909    0.0756644
-0.629605    0.0781146
-0.629299    0.0805642
-0.628991    0.0830132
-0.628681    0.0854617
-0.628368    0.0879095
-0.628053    0.0903568
-0.627736    0.0928035
-0.627417    0.0952496
-0.627095    0.0976951
-0.626771    0.10014
-0.626445    0.102584
-0.626116    0.105028
-0.625785    0.107471
-0.625452    0.109913
-0.625116    0.112355
-0.624778    0.114796
-0.624438    0.117236
-0.624095    0.119675
-0.62375    0.122114
-0.623402    0.124553
-0.623052    0.12699
-0.6227    0.129427
-0.622345    0.131863
-0.621988    0.134298
-0.621629    0.136732
-0.621267    0.139166
-0.620902    0.141599
-0.620536    0.144031
-0.620166    0.146463
-0.619795    0.148893
-0.619421    0.151323
-0.619044    0.153752
-0.618665    0.156181
-0.618283    0.158608
-0.617899    0.161034
-0.617513    0.16346
-0.617124    0.165885
-0.616732    0.168309
-0.616338    0.170732
-0.615941    0.173154
-0.615542    0.175576
-0.615141    0.177996
-0.614736    0.180416
-0.61433    0.182834
-0.61392    0.185252
-0.613508    0.187669
-0.613094    0.190084
-0.612677    0.192499
-0.612257    0.194913
-0.611835    0.197326
-0.61141    0.199738
-0.610983    0.202149
-0.610553    0.204559
-0.610121    0.206968
-0.609685    0.209376
-0.609247    0.211783
-0.608807    0.214189
-0.608364    0.216594
-0.607918    0.218998
-0.60747    0.221401
-0.607019    0.223802
-0.606565    0.226203
-0.606108    0.228603
-0.605649    0.231001
-0.605188    0.233399
-0.604723    0.235795
-0.604256    0.23819
-0.603786    0.240584
-0.603314    0.242977
-0.602838    0.245369
-0.60236    0.24776
-0.601879    0.250149
-0.601396    0.252538
-0.60091    0.254925
-0.600421    0.257311
-0.599929    0.259695
-0.599435    0.262079
-0.598937    0.264461
-0.598437    0.266843
-0.597934    0.269223
-0.597429    0.271601
-0.59692    0.273979
-0.596409    0.276355
-0.595895    0.27873
-0.595379    0.281103
-0.594859    0.283476
-0.594337    0.285847
-0.593811    0.288217
-0.593283    0.290585
-0.592752    0.292952
-0.592219    0.295318
-0.591682    0.297683
-0.591143    0.300046
-0.5906    0.302408
-0.590055    0.304768
-0.589507    0.307127
-0.588956    0.309485
-0.588402    0.311841
-0.587846    0.314196
-0.587286    0.31655
-0.586724    0.318902
-0.586158    0.321253
-0.58559    0.323602
-0.585019    0.32595
-0.584445    0.328296
-0.583868    0.330641
-0.583288    0.332985
-0.582705    0.335327
-0.582119    0.337667
-0.58153    0.340006
-0.580938    0.342344
-0.580344    0.34468
-0.579746    0.347014
-0.579145    0.349347
-0.578542    0.351679
-0.577935    0.354009
-0.577326    0.356337
-0.576713    0.358664
-0.576097    0.360989
-0.575479    0.363313
-0.574857    0.365635
-0.574233    0.367955
-0.573605    0.370274
-0.572975    0.372591
-0.572341    0.374907
-0.571704    0.377221
-0.571065    0.379533
-0.570422    0.381844
-0.569776    0.384153
-0.569127    0.38646
-0.568475    0.388766
-0.56782    0.39107
-0.567162    0.393372
-0.566501    0.395673
-0.565837    0.397972
-0.56517    0.400269
-0.5645    0.402564
-0.563826    0.404858
-0.56315    0.40715
-0.56247    0.40944
-0.561788    0.411729
-0.561102    0.414015
-0.560413    0.4163
-0.559721    0.418583
-0.559026    0.420864
-0.558328    0.423144
-0.557626    0.425422
-0.556922    0.427697
-0.556214    0.429971
-0.555504    0.432243
-0.55479    0.434514
-0.554073    0.436782
-0.553352    0.439049
-0.552629    0.441313
-0.551902    0.443576
-0.551173    0.445837
-0.55044    0.448096
-0.549704    0.450353
-0.548965    0.452608
-0.548222    0.454861
-0.547477    0.457113
-0.546728    0.459362
-0.545976    0.461609
-0.545221    0.463855
-0.544462    0.466098
-0.543701    0.468339
-0.542936    0.470579
-0.542168    0.472816
-0.541397    0.475052
-0.540622    0.477285
-0.539845    0.479516
-0.539064    0.481746
-0.53828    0.483973
-0.537492    0.486198
-0.536702    0.488421
-0.535908    0.490642
-0.535111    0.492861
-0.534311    0.495078
-0.533507    0.497293
-0.5327    0.499505
-0.53189    0.501716
-0.531077    0.503924
-0.53026    0.50613
-0.52944    0.508334
-0.528617    0.510536
-0.52779    0.512736
-0.526961    0.514934
-0.526127    0.517129
-0.525291    0.519322
-0.524452    0.521513
-0.523609    0.523702
-0.522762    0.525888
-0.521913    0.528073
-0.52106    0.530255
-0.520204    0.532435
-0.519344    0.534612
-0.518482    0.536788
-0.517615    0.538961
-0.516746    0.541131
-0.515873    0.5433
-0.514997    0.545466
-0.514118    0.54763
-0.513235    0.549791
-0.512349    0.55195
-0.51146    0.554107
-0.510567    0.556262
-0.509671    0.558414
-0.508771    0.560564
-0.507869    0.562711
-0.506962    0.564856
-0.506053    0.566999
-0.50514    0.569139
-0.504224    0.571277
-0.503304    0.573412
-0.502381    0.575545
-0.501455    0.577676
-0.500525    0.579804
-0.499592    0.581929
-0.498656    0.584053
-0.497716    0.586173
-0.496773    0.588291
-0.495826    0.590407
-0.494876    0.59252
-0.493923    0.594631
-0.492966    0.596739
-0.492006    0.598845
-0.491042    0.600948
-0.490075    0.603049
-0.489105    0.605147
-0.488131    0.607242
-0.487154    0.609335
-0.486173    0.611425
-0.485189    0.613513
-0.484202    0.615598
-0.483211    0.61768
-0.482217    0.61976
-0.481219    0.621837
-0.480218    0.623912
-0.479214    0.625984
-0.478206    0.628053
-0.477194    0.63012
-0.47618    0.632184
-0.475162    0.634245
-0.47414    0.636304
-0.473115    0.638359
-0.472086    0.640413
-0.471054    0.642463
-0.470019    0.644511
-0.46898    0.646556
-0.467938    0.648598
-0.466892    0.650637
-0.465843    0.652674
-0.464791    0.654708
-0.463735    0.656739
-0.462675    0.658767
-0.461612    0.660793
-0.460546    0.662816
-0.459476    0.664836
-0.458403    0.666853
-0.457326    0.668867
-0.456246    0.670878
-0.455162    0.672887
-0.454075    0.674893
-0.452985    0.676895
-0.451891    0.678895
-0.450793    0.680892
-0.449692    0.682886
-0.448588    0.684877
-0.44748    0.686866
-0.446368    0.688851
-0.445254    0.690833
-0.444135    0.692813
-0.443014    0.694789
-0.441888    0.696763
-0.44076    0.698733
-0.439628    0.700701
-0.438492    0.702666
-0.437353    0.704627
-0.43621    0.706586
-0.435064    0.708541
-0.433915    0.710494
-0.432762    0.712443
-0.431605    0.71439
-0.430445    0.716333
-0.429282    0.718273
-0.428115    0.72021
-0.426944    0.722144
-0.42577    0.724075
-0.424593    0.726003
-0.423412    0.727928
-0.422228    0.72985
-0.42104    0.731768
-0.419849    0.733684
-0.418654    0.735596
-0.417456    0.737505
-0.416254    0.739411
-0.415049    0.741314
-0.41384    0.743213
-0.412628    0.74511
-0.411412    0.747003
-0.410193    0.748893
-0.408971    0.750779
-0.407745    0.752663
-0.406515    0.754543
-0.405282    0.75642
-0.404045    0.758294
-0.402805    0.760164
-0.401562    0.762031
-0.400315    0.763895
-0.399065    0.765755
-0.397811    0.767613
-0.396553    0.769467
-0.395292    0.771317
-0.394028    0.773164
-0.39276    0.775008
-0.391489    0.776849
-0.390214    0.778686
-0.388936    0.78052
-0.387654    0.78235
-0.386369    0.784177
-0.38508    0.786001
-0.383788    0.787821
-0.382492    0.789638
-0.381193    0.791451
-0.379891    0.793261
-0.378584    0.795068
-0.377275    0.796871
-0.375962    0.79867
-0.374646    0.800467
-0.373326    0.802259
-0.372002    0.804048
-0.370675    0.805834
-0.369345    0.807616
-0.368011    0.809395
-0.366674    0.81117
-0.365333    0.812941
-0.363989    0.814709
-0.362642    0.816473
-0.361291    0.818234
-0.359936    0.819991
-0.358578    0.821745
-0.357217    0.823495
-0.355852    0.825242
-0.354483    0.826984
-0.353112    0.828724
-0.351736    0.830459
-0.350358    0.832191
-0.348976    0.83392
-0.34759    0.835644
-0.346201    0.837365
-0.344809    0.839082
-0.343413    0.840796
-0.342014    0.842506
-0.340611    0.844212
-0.339205    0.845914
-0.337795    0.847613
-0.336382    0.849308
-0.334966    0.850999
-0.333546    0.852687
-0.332123    0.854371
-0.330696    0.856051
-0.329266    0.857727
-0.327833    0.859399
-0.326396    0.861068
-0.324956    0.862733
-0.323512    0.864394
-0.322065    0.866051
-0.320614    0.867704
-0.31916    0.869354
-0.317703    0.870999
-0.316242    0.872641
-0.314778    0.874279
-0.313311    0.875913
-0.31184    0.877543
-0.310366    0.879169
-0.308888    0.880791
-0.307407    0.88241
-0.305923    0.884024
-0.304435    0.885635
-0.302944    0.887241
-0.301449    0.888844
-0.299952    0.890442
-0.29845    0.892037
-0.296946    0.893628
-0.295438    0.895214
-0.293927    0.896797
-0.292412    0.898376
-0.290894    0.89995
-0.289373    0.901521
-0.287848    0.903087
-0.28632    0.90465
-0.284789    0.906208
-0.283254    0.907763
-0.281716    0.909313
-0.280175    0.910859
-0.278631    0.912401
-0.277083    0.913939
-0.275532    0.915473
-0.273977    0.917003
-0.272419    0.918529
-0.270858    0.92005
-0.269294    0.921568
-0.267726    0.923081
-0.266155    0.92459
-0.264581    0.926095
-0.263003    0.927595
-0.261422    0.929092
-0.259838    0.930584
-0.258251    0.932072
-0.25666    0.933556
-0.255067    0.935036
-0.253469    0.936511
-0.251869    0.937982
-0.250265    0.939449
-0.248658    0.940911
-0.247048    0.94237
-0.245435    0.943824
-0.243818    0.945273
-0.242199    0.946719
-0.240576    0.94816
-0.238949    0.949597
-0.23732    0.951029
-0.235687    0.952457
-0.234051    0.953881
-0.232412    0.955301
-0.23077    0.956716
-0.229125    0.958126
-0.227476    0.959533
-0.225824    0.960934
-0.224169    0.962332
-0.222511    0.963725
-0.22085    0.965114
-0.219185    0.966498
-0.217518    0.967878
-0.215847    0.969253
-0.214173    0.970624
-0.212496    0.97199
-0.210816    0.973352
-0.209132    0.97471
-0.207446    0.976063
-0.205756    0.977411
-0.204064    0.978755
-0.202368    0.980094
-0.200669    0.981429
-0.198967    0.98276
-0.197262    0.984085
-0.195554    0.985407
-0.193843    0.986723
-0.192128    0.988035
-0.190411    0.989343
-0.18869    0.990646
-0.186967    0.991944
-0.18524    0.993238
-0.183511    0.994527
-0.181778    0.995812
-0.180042    0.997092
-0.178304    0.998367
-0.176562    0.999637
-0.174817    1.0009
-0.17307    1.00216
-0.171319    1.00342
-0.169565    1.00467
-0.167808    1.00592
-0.166049    1.00716
-0.164286    1.0084
-0.16252    1.00963
-0.160752    1.01086
-0.15898    1.01209
-0.157205    1.0133
-0.155428    1.01452
-0.153647    1.01573
-0.151864    1.01693
-0.150078    1.01813
-0.148289    1.01933
-0.146496    1.02052
-0.144701    1.0217
-0.142904    1.02288
-0.141103    1.02406
-0.139299    1.02523
-0.137492    1.0264
-0.135683    1.02756
-0.133871    1.02871
-0.132055    1.02986
-0.130237    1.03101
-0.128417    1.03215
-0.126593    1.03329
-0.124766    1.03442
-0.122937    1.03555
-0.121105    1.03667
-0.11927    1.03779
-0.117432    1.0389
-0.115591    1.04001
-0.113748    1.04111
-0.111902    1.04221
-0.110053    1.0433
-0.108201    1.04439
-0.106347    1.04547
-0.10449    1.04655
-0.10263    1.04762
-0.100767    1.04869
-0.0989018    1.04975
-0.0970337    1.05081
-0.0951629    1.05186
-0.0932894    1.05291
-0.0914132    1.05395
-0.0895343    1.05499
-0.0876528    1.05602
-0.0857686    1.05705
-0.0838817    1.05807
-0.0819922    1.05909
-0.0801    1.0601
-0.0782052    1.06111
-0.0763078    1.06211
-0.0744077    1.0631
-0.0725051    1.06409
-0.0705998    1.06508
-0.068692    1.06606
-0.0667815    1.06704
-0.0648685    1.06801
-0.0629529    1.06898
-0.0610348    1.06994
-0.0591141    1.07089
-0.0571909    1.07184
-0.0552651    1.07279
-0.0533368    1.07373
-0.051406    1.07466
-0.0494727    1.07559
-0.0475369    1.07651
-0.0455986    1.07743
-0.0436578    1.07835
-0.0417146    1.07926
-0.0397689    1.08016
-0.0378207    1.08106
-0.0358701    1.08195
-0.033917    1.08284
-0.0319616    1.08372
-0.0300037    1.0846
-0.0280434    1.08547
-0.0260807    1.08633
-0.0241157    1.08719
-0.0221482    1.08805
-0.0201784    1.0889
-0.0182062    1.08974
-0.0162317    1.09058
-0.0142548    1.09142
-0.0122756    1.09225
-0.0102941    1.09307
-0.00831025    1.09389
-0.00632412    1.0947
-0.00433569    1.09551
-0.00234499    1.09631
-0.000352009    1.09711
0.00164323    1.0979
0.00364072    1.09868
0.00564046    1.09946
0.00764243    1.10024
0.00964662    1.10101
0.011653    1.10177
0.0136616    1.10253
0.0156724    1.10328
0.0176854    1.10403
0.0197005    1.10477
0.0217179    1.10551
0.0237373    1.10624
0.0257589    1.10697
0.0277826    1.10769
0.0298085    1.1084
0.0318365    1.10911
0.0338665    1.10981
0.0358987    1.11051
0.0379329    1.11121
0.0399692    1.11189
0.0420075    1.11257
0.0440479    1.11325
0.0460903    1.11392
0.0481348    1.11459
0.0501813    1.11524
0.0522297    1.1159
0.0542802    1.11655
0.0563326    1.11719
0.058387    1.11783
0.0604434    1.11846
0.0625017    1.11908
0.064562    1.1197
0.0666242    1.12032
0.0686882    1.12093
0.0707542    1.12153
0.0728221    1.12213
0.0748919    1.12272
0.0769635    1.12331
0.079037    1.12389
0.0811124    1.12446
0.0831896    1.12503
0.0852686    1.12559
0.0873494    1.12615
0.089432    1.1267
0.0915164    1.12725
0.0936026    1.12779
0.0956905    1.12833
0.0977803    1.12886
0.0998717    1.12938
0.101965    1.1299
0.10406    1.13041
0.106156    1.13092
0.108255    1.13142
0.110355    1.13191
0.112456    1.1324
0.11456    1.13289
0.116665    1.13336
0.118771    1.13384
0.12088    1.1343
0.122989    1.13476
0.125101    1.13522
0.127214    1.13567
0.129328    1.13611
0.131445    1.13655
0.133562    1.13698
0.135682    1.13741
0.137802    1.13783
0.139925    1.13824
0.142049    1.13865
0.144174    1.13905
0.146301    1.13945
0.148429    1.13984
0.150559    1.14022
0.15269    1.1406
0.154822    1.14098
0.156956    1.14134
0.159092    1.14171
0.161229    1.14206
0.163367    1.14241
0.165506    1.14276
0.167647    1.14309
0.16979    1.14343
0.171933    1.14375
0.174078    1.14407
0.176224    1.14439
0.178372    1.1447
0.18052    1.145
0.18267    1.1453
0.184822    1.14559
0.186974    1.14587
0.189128    1.14615
0.191283    1.14643
0.193439    1.14669
0.195596    1.14696
0.197755    1.14721
0.199914    1.14746
0.202075    1.1477
0.204237    1.14794
0.2064    1.14817
0.208564    1.1484
0.21073    1.14862
0.212896    1.14883
0.215064    1.14904
0.217232    1.14924
0.219402    1.14944
0.221572    1.14963
0.223744    1.14981
0.225916    1.14999
0.22809    1.15016
0.230264    1.15033
0.23244    1.15049
0.234616    1.15064
0.236794    1.15079
0.238972    1.15093
0.241151    1.15107
0.243331    1.1512
0.245512    1.15133
0.247694    1.15144
0.249877    1.15156
0.25206    1.15166
0.254245    1.15176
0.25643    1.15186
0.258616    1.15194
0.260802    1.15203
0.26299    1.1521
0.265178    1.15217
0.267367    1.15224
0.269557    1.15229
0.271747    1.15235
0.273939    1.15239
0.27613    1.15243
0.278323    1.15246
0.280516    1.15249
0.28271    1.15251
0.284905    1.15253
0.2871    1.15254
0.289295    1.15254
0.291492    1.15254
0.293688    1.15253
0.295886    1.15252
0.298084    1.1525
0.300282    1.15247
0.302481    1.15244
0.304681    1.1524
0.306881    1.15235
0.309081    1.1523
0.311282    1.15224
0.313484    1.15218
0.315686    1.15211
0.317888    1.15204
0.320091    1.15195
0.322294    1.15187
0.324497    1.15177
0.326701    1.15167
0.328905    1.15157
0.331109    1.15145
0.333314    1.15134
0.335519    1.15121
0.337725    1.15108
0.33993    1.15095
0.342136    1.1508
0.344343    1.15065
0.346549    1.1505
0.348756    1.15034
0.350963    1.15017
0.35317    1.15
0.355377    1.14982
0.357584    1.14963
0.359792    1.14944
0.361999    1.14925
0.364207    1.14904
0.366415    1.14883
0.368623    1.14862
0.370831    1.14839
0.373039    1.14817
0.375247    1.14793
0.377456    1.14769
0.379664    1.14745
0.381872    1.14719
0.38408    1.14694
0.386288    1.14667
0.388497    1.1464
0.390705    1.14612
0.392913    1.14584
0.395121    1.14555
0.397328    1.14526
0.399536    1.14495
0.401744    1.14465
0.403951    1.14433
0.406159    1.14401
0.408366    1.14369
0.410573    1.14336
0.412779    1.14302
0.414986    1.14267
0.417192    1.14232
0.419398    1.14197
0.421604    1.14161
0.423809    1.14124
0.426015    1.14086
0.42822    1.14048
0.430424    1.1401
0.432628    1.1397
0.434832    1.1393
0.437036    1.1389
0.439239    1.13849
0.441442    1.13807
0.443644    1.13765
0.445846    1.13722
0.448048    1.13678
0.450249    1.13634
0.452449    1.13589
0.454649    1.13544
0.456849    1.13498
0.459048    1.13451
0.461247    1.13404
0.463445    1.13356
0.465642    1.13308
0.467839    1.13259
0.470035    1.13209
0.472231    1.13159
0.474426    1.13108
0.476621    1.13057
0.478815    1.13005
0.481008    1.12952
0.4832    1.12899
0.485392    1.12845
0.487583    1.1279
0.489774    1.12735
0.491963    1.1268
0.494152    1.12623
0.49634    1.12566
0.498528    1.12509
0.500714    1.12451
0.5029    1.12392
0.505085    1.12333
0.507269    1.12273
0.509453    1.12212
0.511635    1.12151
0.513817    1.12089
0.515997    1.12027
0.518177    1.11964
0.520356    1.11901
0.522534    1.11836
0.524711    1.11772
0.526887    1.11706
0.529062    1.1164
0.531236    1.11574
0.533409    1.11507
0.535581    1.11439
0.537752    1.1137
0.539922    1.11302
0.542091    1.11232
0.544259    1.11162
0.546425    1.11091
0.548591    1.1102
0.550755    1.10948
0.552919    1.10875
0.555081    1.10802
0.557242    1.10728
0.559401    1.10654
0.56156    1.10579
0.563717    1.10504
0.565874    1.10427
0.568029    1.10351
0.570182    1.10273
0.572335    1.10195
0.574486    1.10117
0.576636    1.10038
0.578784    1.09958
0.580931    1.09878
0.583077    1.09797
0.585222    1.09716
0.587365    1.09634
0.589507    1.09551
0.591647    1.09468
0.593786    1.09384
0.595923    1.09299
0.598059    1.09214
0.600194    1.09129
0.602327    1.09043
0.604459    1.08956
0.606589    1.08869
0.608718    1.08781
0.610845    1.08692
0.61297    1.08603
0.615095    1.08513
0.617217    1.08423
0.619338    1.08332
0.621457    1.08241
0.623575    1.08149
0.625691    1.08056
0.627806    1.07963
0.629918    1.07869
0.632029    1.07775
0.634139    1.0768
0.636247    1.07584
0.638353    1.07488
0.640457    1.07391
0.64256    1.07294
0.644661    1.07196
0.64676    1.07098
0.648857    1.06999
0.650953    1.06899
0.653046    1.06799
0.655138    1.06699
0.657228    1.06597
0.659317    1.06495
0.661403    1.06393
0.663488    1.0629
0.66557    1.06186
0.667651    1.06082
0.66973    1.05978
0.671807    1.05872
0.673882    1.05766
0.675955    1.0566
0.678026    1.05553
0.680095    1.05445
0.682162    1.05337
0.684227    1.05229
0.68629    1.05119
0.688352    1.0501
0.690411    1.04899
0.692468    1.04788
0.694522    1.04677
0.696575    1.04565
0.698626    1.04452
0.700675    1.04339
0.702721    1.04225
0.704765    1.04111
0.706808    1.03996
0.708848    1.0388
0.710886    1.03764
0.712921    1.03648
0.714955    1.03531
0.716986    1.03413
0.719015    1.03295
0.721042    1.03176
0.723067    1.03057
0.725089    1.02937
0.727109    1.02816
0.729127    1.02695
0.731142    1.02574
0.733155    1.02452
0.735166    1.02329
0.737174    1.02206
0.739181    1.02082
0.741184    1.01958
0.743186    1.01833
0.745185    1.01708
0.747181    1.01582
0.749175    1.01456
0.751167    1.01329
0.753157    1.01201
0.755143    1.01073
0.757128    1.00944
0.75911    1.00815
0.761089    1.00686
0.763066    1.00555
0.76504    1.00425
0.767012    1.00293
0.768982    1.00161
0.770949    1.00029
0.772913    0.998961
0.774875    0.997627
0.776834    0.996287
0.77879    0.994942
0.780744    0.993592
0.782695    0.992236
0.784644    0.990875
0.78659    0.989509
0.788533    0.988137
0.790474    0.98676
0.792412    0.985378
0.794347    0.983991
0.79628    0.982599
0.79821    0.981201
0.800137    0.979798
0.802062    0.97839
0.803983    0.976976
0.805902    0.975558
