-0.665772    0.0658573
-0.665685    0.0635137
-0.665598    0.0611698
-0.665509    0.0588256
-0.665419    0.0564811
-0.665327    0.0541363
-0.665234    0.0517912
-0.665141    0.0494459
-0.665045    0.0471003
-0.664949    0.0447545
-0.664851    0.0424084
-0.664752    0.040062
-0.664651    0.0377154
-0.66455    0.0353686
-0.664446    0.0330216
-0.664342    0.0306743
-0.664236    0.0283269
-0.664129    0.0259792
-0.66402    0.0236313
-0.663911    0.0212832
-0.663799    0.0189349
-0.663686    0.0165865
-0.663572    0.0142379
-0.663457    0.0118891
-0.66334    0.00954012
-0.663222    0.007191
-0.663102    0.00484173
-0.66298    0.00249232
-0.662858    0.000142768
-0.662733    -0.00220691
-0.662608    -0.00455672
-0.662481    -0.00690665
-0.662352    -0.00925669
-0.662222    -0.0116068
-0.66209    -0.0139571
-0.661957    -0.0163074
-0.661822    -0.0186579
-0.661686    -0.0210084
-0.661548    -0.0233589
-0.661409    -0.0257096
-0.661268    -0.0280603
-0.661126    -0.0304111
-0.660982    -0.0327619
-0.660836    -0.0351128
-0.660689    -0.0374637
-0.66054    -0.0398146
-0.66039    -0.0421655
-0.660238    -0.0445165
-0.660084    -0.0468675
-0.659929    -0.0492184
-0.659772    -0.0515694
-0.659613    -0.0539204
-0.659453    -0.0562713
-0.659291    -0.0586223
-0.659127    -0.0609731
-0.658962    -0.063324
-0.658795    -0.0656748
-0.658626    -0.0680256
-0.658456    -0.0703763
-0.658284    -0.072727
-0.65811    -0.0750775
-0.657934    -0.0774281
-0.657757    -0.0797785
-0.657578    -0.0821288
-0.657397    -0.0844791
-0.657214    -0.0868292
-0.65703    -0.0891792
-0.656844    -0.0915292
-0.656656    -0.093879
-0.656466    -0.0962286
-0.656274    -0.0985782
-0.656081    -0.100928
-0.655886    -0.103277
-0.655688    -0.105626
-0.655489    -0.107975
-0.655289    -0.110324
-0.655086    -0.112672
-0.654881    -0.115021
-0.654675    -0.117369
-0.654467    -0.119717
-0.654257    -0.122065
-0.654045    -0.124412
-0.653831    -0.12676
-0.653615    -0.129107
-0.653397    -0.131454
-0.653177    -0.1338
-0.652955    -0.136147
-0.652732    -0.138493
-0.652506    -0.140839
-0.652278    -0.143185
-0.652049    -0.14553
-0.651817    -0.147875
-0.651584    -0.15022
-0.651348    -0.152565
-0.651111    -0.154909
-0.650871    -0.157253
-0.650629    -0.159597
-0.650386    -0.16194
-0.65014    -0.164283
-0.649892    -0.166626
-0.649643    -0.168968
-0.649391    -0.17131
-0.649137    -0.173652
-0.648881    -0.175993
-0.648623    -0.178334
-0.648363    -0.180675
-0.6481    -0.183015
-0.647836    -0.185355
-0.647569    -0.187694
-0.647301    -0.190033
-0.64703    -0.192372
-0.646757    -0.19471
-0.646482    -0.197048
-0.646205    -0.199385
-0.645926    -0.201722
-0.645644    -0.204059
-0.64536    -0.206395
-0.645074    -0.20873
-0.644786    -0.211065
-0.644496    -0.2134
-0.644203    -0.215734
-0.643909    -0.218068
-0.643612    -0.220401
-0.643313    -0.222734
-0.643011    -0.225066
-0.642707    -0.227398
-0.642401    -0.229729
-0.642093    -0.232059
-0.641783    -0.23439
-0.64147    -0.236719
-0.641155    -0.239048
-0.640838    -0.241377
-0.640518    -0.243704
-0.640196    -0.246032
-0.639872    -0.248359
-0.639545    -0.250685
-0.639216    -0.25301
-0.638885    -0.255335
-0.638551    -0.25766
-0.638215    -0.259983
-0.637877    -0.262307
-0.637536    -0.264629
-0.637193    -0.266951
-0.636848    -0.269272
-0.6365    -0.271593
-0.636149    -0.273913
-0.635797    -0.276232
-0.635442    -0.278551
-0.635084    -0.280869
-0.634724    -0.283186
-0.634362    -0.285503
-0.633997    -0.287819
-0.63363    -0.290134
-0.63326    -0.292448
-0.632888    -0.294762
-0.632513    -0.297075
-0.632136    -0.299387
-0.631756    -0.301699
-0.631374    -0.30401
-0.63099    -0.30632
-0.630602    -0.308629
-0.630213    -0.310938
-0.629821    -0.313245
-0.629426    -0.315552
-0.629029    -0.317858
-0.628629    -0.320164
-0.628226    -0.322468
-0.627822    -0.324772
-0.627414    -0.327075
-0.627004    -0.329377
-0.626591    -0.331678
-0.626176    -0.333979
-0.625758    -0.336278
-0.625338    -0.338577
-0.624915    -0.340875
-0.624489    -0.343172
-0.624061    -0.345468
-0.62363    -0.347763
-0.623197    -0.350057
-0.622761    -0.352351
-0.622322    -0.354643
-0.62188    -0.356935
-0.621436    -0.359226
-0.620989    -0.361515
-0.62054    -0.363804
-0.620088    -0.366092
-0.619633    -0.368379
-0.619175    -0.370665
-0.618715    -0.37295
-0.618252    -0.375234
-0.617786    -0.377517
-0.617318    -0.379799
-0.616847    -0.38208
-0.616373    -0.38436
-0.615896    -0.386638
-0.615417    -0.388916
-0.614935    -0.391193
-0.61445    -0.393469
-0.613963    -0.395744
-0.613472    -0.398018
-0.612979    -0.400291
-0.612483    -0.402562
-0.611984    -0.404833
-0.611483    -0.407102
-0.610978    -0.409371
-0.610471    -0.411638
-0.609961    -0.413904
-0.609448    -0.416169
-0.608932    -0.418433
-0.608414    -0.420696
-0.607892    -0.422958
-0.607368    -0.425218
-0.606841    -0.427478
-0.606311    -0.429736
-0.605778    -0.431993
-0.605242    -0.434249
-0.604704    -0.436503
-0.604162    -0.438757
-0.603618    -0.441009
-0.603071    -0.44326
-0.60252    -0.44551
-0.601967    -0.447759
-0.601411    -0.450006
-0.600852    -0.452253
-0.60029    -0.454498
-0.599726    -0.456741
-0.599158    -0.458984
-0.598587    -0.461225
-0.598013    -0.463465
-0.597437    -0.465703
-0.596857    -0.467941
-0.596274    -0.470177
-0.595689    -0.472411
-0.5951    -0.474645
-0.594508    -0.476877
-0.593914    -0.479107
-0.593316    -0.481337
-0.592716    -0.483565
-0.592112    -0.485792
-0.591505    -0.488017
-0.590896    -0.490241
-0.590283    -0.492463
-0.589667    -0.494685
-0.589048    -0.496904
-0.588426    -0.499123
-0.587801    -0.50134
-0.587173    -0.503555
-0.586542    -0.505769
-0.585908    -0.507982
-0.585271    -0.510193
-0.584631    -0.512403
-0.583987    -0.514611
-0.583341    -0.516818
-0.582691    -0.519023
-0.582038    -0.521227
-0.581382    -0.52343
-0.580724    -0.525631
-0.580061    -0.52783
-0.579396    -0.530028
-0.578728    -0.532224
-0.578056    -0.534419
-0.577382    -0.536612
-0.576704    -0.538804
-0.576023    -0.540994
-0.575339    -0.543183
-0.574651    -0.54537
-0.573961    -0.547555
-0.573267    -0.549739
-0.57257    -0.551921
-0.57187    -0.554102
-0.571167    -0.556281
-0.570461    -0.558458
-0.569751    -0.560634
-0.569038    -0.562808
-0.568322    -0.564981
-0.567603    -0.567151
-0.56688    -0.569321
-0.566154    -0.571488
-0.565425    -0.573654
-0.564693    -0.575818
-0.563958    -0.57798
-0.563219    -0.580141
-0.562477    -0.5823
-0.561732    -0.584457
-0.560983    -0.586613
-0.560231    -0.588766
-0.559476    -0.590918
-0.558718    -0.593069
-0.557956    -0.595217
-0.557191    -0.597364
-0.556423    -0.599509
-0.555651    -0.601652
-0.554876    -0.603793
-0.554098    -0.605933
-0.553317    -0.608071
-0.552532    -0.610207
-0.551744    -0.612341
-0.550952    -0.614473
-0.550158    -0.616603
-0.549359    -0.618732
-0.548558    -0.620858
-0.547753    -0.622983
-0.546945    -0.625106
-0.546133    -0.627227
-0.545319    -0.629346
-0.5445    -0.631463
-0.543679    -0.633579
-0.542854    -0.635692
-0.542025    -0.637803
-0.541193    -0.639913
-0.540358    -0.64202
-0.53952    -0.644126
-0.538678    -0.646229
-0.537832    -0.648331
-0.536984    -0.650431
-0.536131    -0.652528
-0.535276    -0.654624
-0.534417    -0.656717
-0.533554    -0.658809
-0.532689    -0.660898
-0.531819    -0.662986
-0.530946    -0.665071
-0.53007    -0.667155
-0.529191    -0.669236
-0.528308    -0.671315
-0.527421    -0.673392
-0.526531    -0.675467
-0.525638    -0.67754
-0.524741    -0.679611
-0.523841    -0.68168
-0.522937    -0.683746
-0.522029    -0.685811
-0.521119    -0.687873
-0.520204    -0.689933
-0.519287    -0.691991
-0.518366    -0.694047
-0.517441    -0.6961
-0.516513    -0.698152
-0.515581    -0.700201
-0.514646    -0.702248
-0.513707    -0.704293
-0.512765    -0.706335
-0.511819    -0.708376
-0.51087    -0.710414
-0.509917    -0.712449
-0.508961    -0.714483
-0.508001    -0.716514
-0.507038    -0.718543
-0.506071    -0.72057
-0.5051    -0.722594
-0.504126    -0.724616
-0.503149    -0.726636
-0.502168    -0.728653
-0.501183    -0.730669
-0.500195    -0.732681
-0.499203    -0.734692
-0.498208    -0.7367
-0.497209    -0.738705
-0.496207    -0.740709
-0.495201    -0.742709
-0.494191    -0.744708
-0.493178    -0.746704
-0.492161    -0.748698
-0.491141    -0.750689
-0.490117    -0.752678
-0.48909    -0.754664
-0.488059    -0.756648
-0.487024    -0.758629
-0.485986    -0.760608
-0.484944    -0.762585
-0.483898    -0.764558
-0.482849    -0.76653
-0.481797    -0.768499
-0.480741    -0.770465
-0.479681    -0.772429
-0.478617    -0.77439
-0.47755    -0.776349
-0.476479    -0.778305
-0.475405    -0.780259
-0.474327    -0.78221
-0.473246    -0.784158
-0.47216    -0.786104
-0.471072    -0.788048
-0.469979    -0.789988
-0.468883    -0.791926
-0.467783    -0.793862
-0.46668    -0.795794
-0.465573    -0.797724
-0.464462    -0.799652
-0.463348    -0.801577
-0.46223    -0.803499
-0.461108    -0.805418
-0.459983    -0.807335
-0.458854    -0.809249
-0.457722    -0.81116
-0.456585    -0.813068
-0.455445    -0.814974
-0.454302    -0.816877
-0.453155    -0.818777
-0.452004    -0.820675
-0.450849    -0.82257
-0.449691    -0.824461
-0.448529    -0.826351
-0.447364    -0.828237
-0.446194    -0.83012
-0.445022    -0.832001
-0.443845    -0.833879
-0.442665    -0.835754
-0.441481    -0.837626
-0.440293    -0.839495
-0.439102    -0.841361
-0.437907    -0.843225
-0.436708    -0.845085
-0.435506    -0.846943
-0.4343    -0.848798
-0.43309    -0.85065
-0.431877    -0.852498
-0.430659    -0.854344
-0.429439    -0.856187
-0.428214    -0.858027
-0.426986    -0.859864
-0.425754    -0.861698
-0.424519    -0.863529
-0.423279    -0.865357
-0.422036    -0.867183
-0.42079    -0.869005
-0.419539    -0.870823
-0.418285    -0.872639
-0.417027    -0.874452
-0.415766    -0.876262
-0.414501    -0.878069
-0.413232    -0.879872
-0.411959    -0.881673
-0.410683    -0.88347
-0.409403    -0.885265
-0.408119    -0.887056
-0.406832    -0.888844
-0.405541    -0.890629
-0.404246    -0.892411
-0.402947    -0.894189
-0.401645    -0.895965
-0.400339    -0.897737
-0.399029    -0.899506
-0.397716    -0.901272
-0.396399    -0.903034
-0.395078    -0.904794
-0.393754    -0.90655
-0.392425    -0.908303
-0.391093    -0.910053
-0.389758    -0.911799
-0.388418    -0.913542
-0.387075    -0.915282
-0.385729    -0.917018
-0.384378    -0.918752
-0.383024    -0.920481
-0.381666    -0.922208
-0.380304    -0.923931
-0.378939    -0.925651
-0.37757    -0.927368
-0.376197    -0.929081
-0.374821    -0.930791
-0.373441    -0.932497
-0.372057    -0.9342
-0.370669    -0.9359
-0.369278    -0.937596
-0.367883    -0.939288
-0.366485    -0.940978
-0.365082    -0.942664
-0.363676    -0.944346
-0.362266    -0.946025
-0.360853    -0.9477
-0.359436    -0.949372
-0.358015    -0.951041
-0.35659    -0.952706
-0.355162    -0.954367
-0.35373    -0.956025
-0.352295    -0.957679
-0.350855    -0.95933
-0.349412    -0.960977
-0.347966    -0.962621
-0.346515    -0.964261
-0.345061    -0.965897
-0.343603    -0.96753
-0.342142    -0.969159
-0.340677    -0.970785
-0.339208    -0.972407
-0.337735    -0.974025
-0.336259    -0.97564
-0.334779    -0.977251
-0.333296    -0.978858
-0.331809    -0.980462
-0.330318    -0.982062
-0.328823    -0.983658
-0.327325    -0.98525
-0.325823    -0.986839
-0.324318    -0.988424
-0.322808    -0.990005
-0.321296    -0.991583
-0.319779    -0.993156
-0.318259    -0.994726
-0.316735    -0.996293
-0.315208    -0.997855
-0.313676    -0.999413
-0.312142    -1.00097
-0.310603    -1.00252
-0.309061    -1.00407
-0.307515    -1.00561
-0.305966    -1.00715
-0.304413    -1.00868
-0.302857    -1.01022
-0.301296    -1.01174
-0.299732    -1.01327
-0.298165    -1.01479
-0.296594    -1.0163
-0.295019    -1.01781
-0.293441    -1.01932
-0.291859    -1.02083
-0.290273    -1.02233
-0.288684    -1.02382
-0.287091    -1.02531
-0.285495    -1.0268
-0.283895    -1.02829
-0.282291    -1.02977
-0.280684    -1.03124
-0.279073    -1.03271
-0.277459    -1.03418
-0.275841    -1.03565
-0.27422    -1.03711
-0.272594    -1.03856
-0.270966    -1.04001
-0.269334    -1.04146
-0.267698    -1.0429
-0.266058    -1.04434
-0.264416    -1.04578
-0.262769    -1.04721
-0.261119    -1.04864
-0.259465    -1.05006
-0.257808    -1.05148
-0.256148    -1.05289
-0.254484    -1.0543
-0.252816    -1.05571
-0.251145    -1.05711
-0.24947    -1.0585
-0.247792    -1.0599
-0.24611    -1.06129
-0.244425    -1.06267
-0.242736    -1.06405
-0.241043    -1.06543
-0.239348    -1.0668
-0.237648    -1.06817
-0.235946    -1.06953
-0.234239    -1.07089
-0.23253    -1.07224
-0.230816    -1.07359
-0.2291    -1.07494
-0.22738    -1.07628
-0.225656    -1.07762
-0.223929    -1.07895
-0.222198    -1.08028
-0.220464    -1.0816
-0.218727    -1.08292
-0.216986    -1.08423
-0.215242    -1.08554
-0.213494    -1.08685
-0.211743    -1.08815
-0.209989    -1.08945
-0.208231    -1.09074
-0.206469    -1.09203
-0.204705    -1.09331
-0.202937    -1.09459
-0.201165    -1.09587
-0.19939    -1.09714
-0.197612    -1.0984
-0.19583    -1.09966
-0.194045    -1.10092
-0.192257    -1.10217
-0.190465    -1.10342
-0.18867    -1.10466
-0.186872    -1.1059
-0.18507    -1.10713
-0.183265    -1.10836
-0.181457    -1.10958
-0.179645    -1.1108
-0.17783    -1.11201
-0.176012    -1.11322
-0.17419    -1.11443
-0.172365    -1.11563
-0.170537    -1.11683
-0.168705    -1.11802
-0.166871    -1.1192
-0.165033    -1.12038
-0.163191    -1.12156
-0.161347    -1.12273
-0.159499    -1.1239
-0.157648    -1.12506
-0.155794    -1.12622
-0.153936    -1.12737
-0.152075    -1.12852
-0.150212    -1.12967
-0.148344    -1.1308
-0.146474    -1.13194
-0.144601    -1.13307
-0.142724    -1.13419
-0.140844    -1.13531
-0.138961    -1.13642
-0.137075    -1.13753
-0.135185    -1.13864
-0.133293    -1.13974
-0.131397    -1.14083
-0.129498    -1.14192
-0.127596    -1.143
-0.125691    -1.14408
-0.123783    -1.14516
-0.121872    -1.14623
-0.119958    -1.14729
-0.11804    -1.14835
-0.11612    -1.14941
-0.114196    -1.15046
-0.112269    -1.1515
-0.11034    -1.15254
-0.108407    -1.15358
-0.106471    -1.15461
-0.104532    -1.15563
-0.102591    -1.15665
-0.100646    -1.15766
-0.0986978    -1.15867
-0.0967469    -1.15968
-0.0947931    -1.16068
-0.0928362    -1.16167
-0.0908764    -1.16266
-0.0889136    -1.16364
-0.0869479    -1.16462
-0.0849792    -1.1656
-0.0830076    -1.16656
-0.081033    -1.16753
-0.0790556    -1.16848
-0.0770752    -1.16944
-0.0750919    -1.17038
-0.0731057    -1.17133
-0.0711166    -1.17226
-0.0691247    -1.17319
-0.0671299    -1.17412
-0.0651322    -1.17504
-0.0631317    -1.17596
-0.0611283    -1.17687
-0.0591221    -1.17777
-0.0571131    -1.17867
-0.0551013    -1.17957
-0.0530866    -1.18046
-0.0510692    -1.18134
-0.049049    -1.18222
-0.047026    -1.1831
-0.0450003    -1.18396
-0.0429718    -1.18483
-0.0409406    -1.18568
-0.0389066    -1.18654
-0.0368699    -1.18738
-0.0348305    -1.18822
-0.0327884    -1.18906
-0.0307436    -1.18989
-0.0286961    -1.19071
-0.0266459    -1.19153
-0.0245931    -1.19235
-0.0225376    -1.19316
-0.0204795    -1.19396
-0.0184187    -1.19476
-0.0163553    -1.19555
-0.0142893    -1.19634
-0.0122207    -1.19712
-0.0101496    -1.19789
-0.00807579    -1.19866
-0.00599945    -1.19943
-0.00392055    -1.20019
-0.00183911    -1.20094
0.000244873    -1.20169
0.00233138    -1.20243
0.00442041    -1.20317
0.00651193    -1.2039
0.00860596    -1.20463
0.0107025    -1.20535
0.0128014    -1.20606
0.0149029    -1.20677
0.0170068    -1.20747
0.0191131    -1.20817
0.0212218    -1.20886
0.023333    -1.20955
0.0254466    -1.21023
0.0275625    -1.2109
0.0296809    -1.21157
0.0318016    -1.21224
0.0339247    -1.2129
0.0360501    -1.21355
0.0381779    -1.2142
0.0403079    -1.21484
0.0424403    -1.21547
0.044575    -1.2161
0.046712    -1.21672
0.0488512    -1.21734
0.0509928    -1.21796
0.0531365    -1.21856
0.0552825    -1.21916
0.0574308    -1.21976
0.0595812    -1.22035
0.0617339    -1.22093
0.0638887    -1.22151
0.0660457    -1.22208
0.0682049    -1.22265
0.0703663    -1.22321
0.0725298    -1.22376
0.0746954    -1.22431
0.0768631    -1.22485
0.0790329    -1.22539
0.0812049    -1.22592
0.0833789    -1.22644
0.0855549    -1.22696
0.0877331    -1.22748
0.0899132    -1.22798
0.0920954    -1.22849
0.0942796    -1.22898
0.0964658    -1.22947
0.098654    -1.22995
0.100844    -1.23043
0.103036    -1.2309
0.10523    -1.23137
0.107426    -1.23183
0.109624    -1.23228
0.111824    -1.23273
0.114026    -1.23318
0.11623    -1.23361
0.118435    -1.23404
0.120643    -1.23447
0.122852    -1.23488
0.125063    -1.2353
0.127276    -1.2357
0.12949    -1.2361
0.131707    -1.2365
0.133925    -1.23689
0.136145    -1.23727
0.138367    -1.23764
0.14059    -1.23801
0.142815    -1.23838
0.145042    -1.23874
0.147271    -1.23909
0.149501    -1.23943
0.151733    -1.23977
0.153967    -1.24011
0.156202    -1.24043
0.158439    -1.24075
0.160677    -1.24107
0.162917    -1.24138
0.165159    -1.24168
0.167402    -1.24198
0.169647    -1.24227
0.171893    -1.24255
0.174141    -1.24283
0.17639    -1.24311
0.178641    -1.24337
0.180893    -1.24363
0.183147    -1.24389
0.185402    -1.24413
0.187659    -1.24438
0.189917    -1.24461
0.192176    -1.24484
0.194437    -1.24506
0.196699    -1.24528
0.198963    -1.24549
0.201228    -1.24569
0.203494    -1.24589
0.205762    -1.24608
0.208031    -1.24627
0.210301    -1.24645
0.212572    -1.24662
0.214845    -1.24679
0.217119    -1.24695
0.219394    -1.24711
0.22167    -1.24725
0.223948    -1.2474
0.226227    -1.24753
0.228507    -1.24766
0.230788    -1.24778
0.23307    -1.2479
0.235353    -1.24801
0.237638    -1.24812
0.239923    -1.24821
0.24221    -1.24831
0.244498    -1.24839
0.246786    -1.24847
0.249076    -1.24854
0.251367    -1.24861
0.253659    -1.24867
0.255951    -1.24872
0.258245    -1.24877
0.26054    -1.24881
0.262835    -1.24885
0.265132    -1.24888
0.267429    -1.2489
0.269728    -1.24892
0.272027    -1.24893
0.274327    -1.24893
0.276628    -1.24893
0.27893    -1.24892
0.281232    -1.2489
0.283535    -1.24888
0.285839    -1.24885
0.288144    -1.24881
0.29045    -1.24877
0.292756    -1.24873
0.295063    -1.24867
0.297371    -1.24861
0.299679    -1.24854
0.301988    -1.24847
0.304298    -1.24839
0.306609    -1.24831
0.308919    -1.24821
0.311231    -1.24812
0.313543    -1.24801
0.315856    -1.2479
0.318169    -1.24778
0.320483    -1.24766
0.322797    -1.24753
0.325112    -1.24739
0.327427    -1.24724
0.329743    -1.24709
0.332059    -1.24694
0.334376    -1.24678
0.336693    -1.24661
0.339011    -1.24643
0.341329    -1.24625
0.343647    -1.24606
0.345965    -1.24586
0.348284    -1.24566
0.350604    -1.24545
0.352923    -1.24524
0.355243    -1.24502
0.357563    -1.24479
0.359884    -1.24456
0.362204    -1.24432
0.364525    -1.24407
0.366846    -1.24382
0.369167    -1.24356
0.371489    -1.24329
0.37381    -1.24302
0.376132    -1.24274
0.378454    -1.24246
0.380776    -1.24217
0.383098    -1.24187
0.38542    -1.24156
0.387742    -1.24125
0.390064    -1.24093
0.392386    -1.24061
0.394708    -1.24028
0.397031    -1.23994
0.399353    -1.2396
0.401675    -1.23925
0.403997    -1.23889
0.406319    -1.23853
0.408641    -1.23816
0.410962    -1.23779
0.413284    -1.2374
0.415605    -1.23702
0.417927    -1.23662
0.420248    -1.23622
0.422569    -1.23581
0.424889    -1.2354
0.42721    -1.23498
0.42953    -1.23455
0.43185    -1.23411
0.43417    -1.23367
0.436489    -1.23323
0.438808    -1.23277
0.441127    -1.23231
> 
1.27766    -0.284513
1.27819    -0.281847
1.27872    -0.27918
1.27924    -0.276512
1.27976    -0.273843
1.28027    -0.271172
1.28078    -0.268501
1.28129    -0.265829
1.28179    -0.263156
1.28228    -0.260482
1.28278    -0.257806
1.28326    -0.25513
1.28375    -0.252453
1.28423    -0.249775
1.2847    -0.247096
1.28517    -0.244416
1.28564    -0.241736
1.2861    -0.239054
1.28656    -0.236372
1.28701    -0.233688
1.28746    -0.231004
1.28791    -0.228319
1.28835    -0.225633
1.28879    -0.222946
1.28922    -0.220258
1.28965    -0.21757
1.29007    -0.214881
1.29049    -0.212191
1.29091    -0.2095
1.29132    -0.206809
1.29173    -0.204116
1.29213    -0.201423
1.29253    -0.19873
1.29292    -0.196035
1.29331    -0.19334
1.2937    -0.190644
1.29408    -0.187948
1.29446    -0.185251
1.29484    -0.182553
1.29521    -0.179854
1.29557    -0.177155
1.29593    -0.174455
1.29629    -0.171755
1.29664    -0.169054
1.29699    -0.166352
1.29734    -0.16365
1.29768    -0.160947
1.29802    -0.158244
1.29835    -0.15554
1.29868    -0.152835
1.299    -0.15013
1.29932    -0.147425
1.29964    -0.144718
1.29995    -0.142012
1.30026    -0.139305
1.30057    -0.136597
1.30087    -0.133889
1.30117    -0.131181
1.30146    -0.128472
1.30175    -0.125762
1.30203    -0.123052
1.30231    -0.120342
1.30259    -0.117631
1.30286    -0.11492
1.30313    -0.112209
1.3034    -0.109497
1.30366    -0.106785
1.30391    -0.104072
1.30417    -0.101359
1.30442    -0.0986456
1.30466    -0.0959319
1.3049    -0.0932179
1.30514    -0.0905036
1.30537    -0.087789
1.3056    -0.085074
1.30583    -0.0823588
1.30605    -0.0796433
1.30627    -0.0769275
1.30648    -0.0742115
1.30669    -0.0714952
1.3069    -0.0687787
1.3071    -0.066062
1.3073    -0.063345
1.30749    -0.0606278
1.30769    -0.0579105
