-0.741692    1.07708
-0.741111    1.0755
-0.740533    1.07392
-0.739957    1.07233
-0.739385    1.07075
-0.738816    1.06916
-0.73825    1.06756
-0.737687    1.06597
-0.737127    1.06437
-0.73657    1.06277
-0.736016    1.06116
-0.735466    1.05956
-0.734918    1.05795
-0.734373    1.05634
-0.733831    1.05472
-0.733293    1.05311
-0.732757    1.05149
-0.732224    1.04986
-0.731695    1.04824
-0.731168    1.04661
-0.730644    1.04498
-0.730123    1.04335
-0.729605    1.04171
-0.72909    1.04007
-0.728578    1.03843
-0.728069    1.03679
-0.727563    1.03514
-0.72706    1.03349
-0.72656    1.03184
-0.726062    1.03019
-0.725568    1.02853
-0.725076    1.02687
-0.724588    1.02521
-0.724102    1.02355
-0.723619    1.02188
-0.723139    1.02021
-0.722661    1.01854
-0.722187    1.01686
-0.721715    1.01519
-0.721247    1.01351
-0.720781    1.01182
-0.720318    1.01014
-0.719857    1.00845
-0.7194    1.00676
-0.718945    1.00507
-0.718493    1.00338
-0.718044    1.00168
-0.717597    0.999978
-0.717154    0.998276
-0.716713    0.996571
-0.716274    0.994864
-0.715839    0.993155
-0.715406    0.991442
-0.714976    0.989728
-0.714549    0.988011
-0.714124    0.986291
-0.713702    0.984569
-0.713283    0.982845
-0.712867    0.981118
-0.712453    0.979389
-0.712041    0.977657
-0.711633    0.975923
-0.711227    0.974186
-0.710824    0.972447
-0.710423    0.970706
-0.710025    0.968962
-0.709629    0.967216
-0.709237    0.965468
-0.708846    0.963717
-0.708459    0.961963
-0.708074    0.960208
-0.707691    0.95845
-0.707311    0.956689
-0.706934    0.954927
-0.706559    0.953161
-0.706187    0.951394
-0.705817    0.949624
-0.70545    0.947852
-0.705085    0.946078
-0.704723    0.944301
-0.704363    0.942522
-0.704006    0.94074
-0.703651    0.938956
-0.703299    0.93717
-0.702949    0.935382
-0.702602    0.933591
-0.702257    0.931798
-0.701915    0.930003
-0.701575    0.928206
-0.701237    0.926406
-0.700902    0.924604
-0.700569    0.922799
-0.700239    0.920993
-0.699911    0.919184
-0.699586    0.917373
-0.699262    0.915559
-0.698942    0.913743
-0.698623    0.911926
-0.698307    0.910105
-0.697993    0.908283
-0.697682    0.906459
-0.697373    0.904632
-0.697066    0.902803
-0.696762    0.900971
-0.696459    0.899138
-0.69616    0.897302
-0.695862    0.895465
-0.695567    0.893624
-0.695274    0.891782
-0.694983    0.889938
-0.694694    0.888091
-0.694408    0.886243
-0.694124    0.884392
-0.693842    0.882538
-0.693563    0.880683
-0.693285    0.878826
-0.69301    0.876966
-0.692737    0.875105
-0.692466    0.873241
-0.692198    0.871375
-0.691931    0.869507
-0.691667    0.867636
-0.691405    0.865764
-0.691145    0.863889
-0.690887    0.862013
-0.690631    0.860134
-0.690378    0.858253
-0.690126    0.85637
-0.689877    0.854485
-0.68963    0.852598
-0.689384    0.850709
-0.689141    0.848818
-0.6889    0.846924
-0.688661    0.845029
-0.688424    0.843131
-0.688189    0.841232
-0.687956    0.83933
-0.687725    0.837426
-0.687497    0.835521
-0.68727    0.833613
-0.687045    0.831703
-0.686822    0.829791
-0.686601    0.827877
-0.686382    0.825961
-0.686165    0.824043
-0.68595    0.822123
-0.685737    0.820201
-0.685526    0.818277
-0.685317    0.816351
-0.685109    0.814423
-0.684904    0.812493
-0.684701    0.810561
-0.684499    0.808627
-0.684299    0.806691
-0.684102    0.804753
-0.683906    0.802813
-0.683712    0.800871
-0.683519    0.798927
-0.683329    0.796982
-0.68314    0.795034
-0.682954    0.793084
-0.682769    0.791132
-0.682586    0.789179
-0.682404    0.787223
-0.682225    0.785265
-0.682047    0.783306
-0.681871    0.781344
-0.681697    0.779381
-0.681525    0.777416
-0.681354    0.775449
-0.681185    0.77348
-0.681018    0.771509
-0.680852    0.769536
-0.680688    0.767561
-0.680526    0.765584
-0.680366    0.763606
-0.680207    0.761625
-0.68005    0.759643
-0.679895    0.757659
-0.679741    0.755673
-0.679589    0.753685
-0.679439    0.751695
-0.67929    0.749703
-0.679143    0.74771
-0.678997    0.745714
-0.678853    0.743717
-0.678711    0.741718
-0.67857    0.739717
-0.678431    0.737714
-0.678293    0.73571
-0.678157    0.733703
-0.678022    0.731695
-0.67789    0.729685
-0.677758    0.727673
-0.677628    0.72566
-0.6775    0.723644
-0.677373    0.721627
-0.677247    0.719608
-0.677124    0.717587
-0.677001    0.715564
-0.67688    0.71354
-0.676761    0.711514
-0.676643    0.709486
-0.676526    0.707456
-0.676411    0.705425
-0.676297    0.703391
-0.676185    0.701356
-0.676074    0.69932
-0.675964    0.697281
-0.675856    0.695241
-0.675749    0.693199
-0.675644    0.691155
-0.67554    0.68911
-0.675437    0.687062
-0.675336    0.685013
-0.675236    0.682963
-0.675137    0.680911
-0.67504    0.678856
-0.674944    0.676801
-0.674849    0.674743
-0.674756    0.672684
-0.674664    0.670623
-0.674573    0.668561
-0.674483    0.666497
-0.674395    0.664431
-0.674308    0.662363
-0.674222    0.660294
-0.674137    0.658223
-0.674054    0.65615
-0.673972    0.654076
-0.673891    0.652
-0.673811    0.649923
-0.673732    0.647844
-0.673655    0.645763
-0.673578    0.64368
-0.673503    0.641596
-0.673429    0.639511
-0.673356    0.637423
-0.673285    0.635334
-0.673214    0.633244
-0.673144    0.631152
-0.673076    0.629058
-0.673009    0.626963
-0.672942    0.624866
-0.672877    0.622767
-0.672813    0.620667
-0.67275    0.618565
-0.672688    0.616462
-0.672627    0.614357
-0.672567    0.612251
-0.672508    0.610143
-0.67245    0.608033
-0.672393    0.605922
-0.672337    0.603809
-0.672282    0.601695
-0.672228    0.599579
-0.672175    0.597462
-0.672123    0.595343
-0.672072    0.593223
-0.672022    0.591101
-0.671973    0.588977
-0.671924    0.586852
-0.671877    0.584726
-0.67183    0.582598
-0.671785    0.580468
-0.67174    0.578337
-0.671696    0.576205
-0.671653    0.574071
-0.671611    0.571936
-0.67157    0.569799
-0.671529    0.56766
-0.671489    0.56552
-0.67145    0.563379
-0.671412    0.561236
-0.671375    0.559092
-0.671339    0.556946
-0.671303    0.554799
-0.671268    0.55265
-0.671234    0.5505
-0.6712    0.548349
-0.671168    0.546196
-0.671136    0.544042
-0.671104    0.541886
-0.671074    0.539729
-0.671044    0.53757
-0.671015    0.53541
-0.670987    0.533249
-0.670959    0.531086
-0.670932    0.528922
-0.670905    0.526756
-0.670879    0.524589
-0.670854    0.522421
-0.67083    0.520251
-0.670806    0.51808
-0.670783    0.515907
-0.67076    0.513733
-0.670738    0.511558
-0.670716    0.509382
-0.670695    0.507204
-0.670675    0.505024
-0.670655    0.502844
-0.670636    0.500662
-0.670617    0.498479
-0.670599    0.496294
-0.670581    0.494108
-0.670564    0.491921
-0.670547    0.489732
-0.670531    0.487542
-0.670515    0.485351
-0.6705    0.483159
-0.670485    0.480965
-0.670471    0.47877
-0.670457    0.476574
-0.670444    0.474376
-0.670431    0.472177
-0.670418    0.469977
-0.670406    0.467775
-0.670394    0.465573
-0.670383    0.463369
-0.670371    0.461164
-0.670361    0.458957
-0.67035    0.45675
-0.67034    0.454541
-0.670331    0.45233
-0.670322    0.450119
-0.670313    0.447906
-0.670304    0.445693
-0.670296    0.443478
-0.670287    0.441261
-0.67028    0.439044
-0.670272    0.436825
-0.670265    0.434605
-0.670258    0.432384
-0.670251    0.430162
-0.670245    0.427939
-0.670238    0.425714
-0.670232    0.423489
-0.670227    0.421262
-0.670221    0.419034
-0.670215    0.416804
-0.67021    0.414574
-0.670205    0.412342
-0.6702    0.41011
-0.670195    0.407876
-0.670191    0.405641
-0.670186    0.403405
-0.670182    0.401168
-0.670178    0.39893
-0.670173    0.39669
-0.670169    0.39445
-0.670165    0.392208
-0.670162    0.389965
-0.670158    0.387722
-0.670154    0.385477
-0.67015    0.383231
-0.670147    0.380984
-0.670143    0.378736
-0.670139    0.376487
-0.670136    0.374236
-0.670132    0.371985
-0.670129    0.369733
-0.670125    0.367479
-0.670121    0.365225
-0.670118    0.36297
-0.670114    0.360713
-0.67011    0.358456
-0.670106    0.356197
-0.670102    0.353938
-0.670099    0.351677
-0.670094    0.349415
-0.67009    0.347153
-0.670086    0.344889
-0.670082    0.342625
-0.670077    0.340359
-0.670072    0.338093
-0.670068    0.335825
-0.670063    0.333557
-0.670058    0.331287
-0.670052    0.329017
-0.670047    0.326746
-0.670041    0.324474
-0.670035    0.3222
-0.670029    0.319926
-0.670023    0.317651
-0.670016    0.315375
-0.67001    0.313098
-0.670003    0.31082
-0.669995    0.308542
-0.669988    0.306262
-0.66998    0.303981
-0.669972    0.3017
-0.669964    0.299418
-0.669955    0.297134
-0.669946    0.29485
-0.669937    0.292565
-0.669927    0.29028
-0.669917    0.287993
-0.669907    0.285705
-0.669896    0.283417
-0.669885    0.281128
-0.669873    0.278837
-0.669862    0.276547
-0.669849    0.274255
-0.669837    0.271962
-0.669824    0.269669
-0.66981    0.267375
-0.669796    0.265079
-0.669782    0.262784
-0.669767    0.260487
-0.669752    0.25819
-0.669736    0.255891
-0.66972    0.253592
-0.669703    0.251293
-0.669686    0.248992
-0.669668    0.246691
-0.66965    0.244389
-0.669631    0.242086
-0.669612    0.239782
-0.669592    0.237478
-0.669572    0.235173
-0.669551    0.232867
-0.669529    0.230561
-0.669507    0.228253
-0.669484    0.225945
-0.669461    0.223637
-0.669437    0.221327
-0.669413    0.219017
-0.669388    0.216706
-0.669362    0.214395
-0.669335    0.212083
-0.669308    0.20977
-0.669281    0.207457
-0.669252    0.205142
-0.669223    0.202828
-0.669193    0.200512
-0.669163    0.198196
-0.669132    0.195879
-0.6691    0.193562
-0.669067    0.191244
-0.669034    0.188925
-0.668999    0.186606
-0.668965    0.184286
-0.668929    0.181966
-0.668892    0.179645
-0.668855    0.177323
-0.668817    0.175001
-0.668778    0.172678
-0.668739    0.170354
-0.668698    0.16803
-0.668657    0.165706
-0.668615    0.163381
-0.668572    0.161055
-0.668528    0.158729
-0.668484    0.156402
-0.668438    0.154075
-0.668392    0.151747
-0.668344    0.149418
-0.668296    0.147089
-0.668247    0.14476
-0.668197    0.14243
-0.668146    0.1401
-0.668094    0.137769
-0.668041    0.135437
-0.667987    0.133105
-0.667933    0.130773
-0.667877    0.12844
-0.66782    0.126107
-0.667762    0.123773
-0.667704    0.121439
-0.667644    0.119104
-0.667583    0.116769
-0.667521    0.114433
-0.667458    0.112097
-0.667395    0.109761
-0.66733    0.107424
-0.667264    0.105087
-0.667197    0.102749
-0.667128    0.100411
-0.667059    0.0980724
-0.666989    0.0957335
-0.666917    0.0933943
-0.666845    0.0910546
-0.666771    0.0887146
-0.666696    0.0863742
-0.66662    0.0840335
-0.666543    0.0816924
-0.666465    0.0793509
-0.666386    0.0770092
-0.666305    0.074667
-0.666223    0.0723246
-0.66614    0.0699818
-0.666056    0.0676387
-0.665971    0.0652953
-0.665884    0.0629516
-0.665796    0.0606076
-0.665707    0.0582633
-0.665616    0.0559187
-0.665525    0.0535738
-0.665432    0.0512287
-0.665338    0.0488833
-0.665242    0.0465376
-0.665146    0.0441917
-0.665047    0.0418455
-0.664948    0.0394991
-0.664847    0.0371524
-0.664745    0.0348055
