-0.448668    -1.22955
-0.446831    -1.22903
-0.444997    -1.22851
-0.443164    -1.22797
-0.441335    -1.22744
-0.439507    -1.2269
-0.437682    -1.22635
-0.43586    -1.2258
-0.43404    -1.22524
-0.432222    -1.22468
-0.430407    -1.22412
-0.428595    -1.22354
-0.426785    -1.22297
-0.424977    -1.22238
-0.423172    -1.2218
-0.42137    -1.22121
-0.41957    -1.22061
-0.417772    -1.22001
-0.415977    -1.2194
-0.414185    -1.21879
-0.412395    -1.21817
-0.410608    -1.21755
-0.408823    -1.21692
-0.407041    -1.21629
-0.405261    -1.21565
-0.403484    -1.21501
-0.40171    -1.21436
-0.399938    -1.21371
-0.398169    -1.21306
-0.396402    -1.21239
-0.394638    -1.21173
-0.392877    -1.21106
-0.391118    -1.21038
-0.389362    -1.2097
-0.387609    -1.20901
-0.385858    -1.20832
-0.38411    -1.20763
-0.382364    -1.20693
-0.380621    -1.20622
-0.378881    -1.20551
-0.377144    -1.20479
-0.375409    -1.20407
-0.373677    -1.20335
-0.371947    -1.20262
-0.37022    -1.20188
-0.368496    -1.20114
-0.366775    -1.2004
-0.365056    -1.19965
-0.36334    -1.1989
-0.361627    -1.19814
-0.359917    -1.19738
-0.358209    -1.19661
-0.356504    -1.19584
-0.354801    -1.19506
-0.353102    -1.19428
-0.351405    -1.19349
-0.349711    -1.1927
-0.34802    -1.1919
-0.346331    -1.1911
-0.344646    -1.19029
-0.342963    -1.18948
-0.341282    -1.18867
-0.339605    -1.18785
-0.33793    -1.18702
-0.336259    -1.18619
-0.33459    -1.18536
-0.332923    -1.18452
-0.33126    -1.18368
-0.329599    -1.18283
-0.327942    -1.18198
-0.326287    -1.18112
-0.324634    -1.18026
-0.322985    -1.1794
-0.321339    -1.17852
-0.319695    -1.17765
-0.318054    -1.17677
-0.316416    -1.17589
-0.314781    -1.175
-0.313149    -1.1741
-0.31152    -1.17321
-0.309893    -1.1723
-0.308269    -1.1714
-0.306649    -1.17048
-0.305031    -1.16957
-0.303416    -1.16865
-0.301804    -1.16772
-0.300194    -1.16679
-0.298588    -1.16586
-0.296984    -1.16492
-0.295384    -1.16398
-0.293786    -1.16303
-0.292191    -1.16208
-0.290599    -1.16112
-0.28901    -1.16016
-0.287424    -1.1592
-0.285841    -1.15823
-0.284261    -1.15726
-0.282684    -1.15628
-0.281109    -1.1553
-0.279538    -1.15431
-0.277969    -1.15332
-0.276404    -1.15232
-0.274841    -1.15132
-0.273281    -1.15032
-0.271725    -1.14931
-0.270171    -1.1483
-0.26862    -1.14728
-0.267072    -1.14626
-0.265527    -1.14523
-0.263985    -1.1442
-0.262446    -1.14317
-0.26091    -1.14213
-0.259376    -1.14109
-0.257846    -1.14004
-0.256319    -1.13899
-0.254795    -1.13793
-0.253274    -1.13687
-0.251755    -1.13581
-0.25024    -1.13474
-0.248728    -1.13367
-0.247218    -1.13259
-0.245712    -1.13151
-0.244208    -1.13043
-0.242708    -1.12934
-0.241211    -1.12824
-0.239716    -1.12715
-0.238225    -1.12605
-0.236736    -1.12494
-0.235251    -1.12383
-0.233769    -1.12272
-0.232289    -1.1216
-0.230813    -1.12048
-0.229339    -1.11935
-0.227869    -1.11822
-0.226402    -1.11708
-0.224937    -1.11595
-0.223476    -1.1148
-0.222017    -1.11366
-0.220562    -1.11251
-0.21911    -1.11135
-0.21766    -1.11019
-0.216214    -1.10903
-0.214771    -1.10786
-0.213331    -1.10669
-0.211893    -1.10552
-0.210459    -1.10434
-0.209028    -1.10315
-0.2076    -1.10197
-0.206175    -1.10078
-0.204753    -1.09958
-0.203334    -1.09838
-0.201918    -1.09718
-0.200505    -1.09597
-0.199095    -1.09476
-0.197688    -1.09355
-0.196284    -1.09233
-0.194883    -1.09111
-0.193485    -1.08988
-0.192091    -1.08865
-0.190699    -1.08742
-0.18931    -1.08618
-0.187924    -1.08494
-0.186542    -1.08369
-0.185162    -1.08244
-0.183786    -1.08119
-0.182412    -1.07993
-0.181042    -1.07867
-0.179674    -1.0774
-0.17831    -1.07613
-0.176949    -1.07486
-0.175591    -1.07358
-0.174235    -1.0723
-0.172883    -1.07102
-0.171534    -1.06973
-0.170188    -1.06844
-0.168845    -1.06714
-0.167505    -1.06585
-0.166168    -1.06454
-0.164834    -1.06324
-0.163503    -1.06193
-0.162175    -1.06061
-0.160851    -1.05929
-0.159529    -1.05797
-0.15821    -1.05665
-0.156895    -1.05532
-0.155582    -1.05398
-0.154273    -1.05265
-0.152966    -1.05131
-0.151663    -1.04996
-0.150362    -1.04862
-0.149065    -1.04727
-0.147771    -1.04591
-0.146479    -1.04455
-0.145191    -1.04319
-0.143906    -1.04183
-0.142624    -1.04046
-0.141345    -1.03908
-0.140069    -1.03771
-0.138796    -1.03633
-0.137526    -1.03494
-0.136259    -1.03356
-0.134995    -1.03217
-0.133734    -1.03077
-0.132476    -1.02937
-0.131221    -1.02797
-0.12997    -1.02657
-0.128721    -1.02516
-0.127475    -1.02375
-0.126233    -1.02233
-0.124993    -1.02091
-0.123756    -1.01949
-0.122523    -1.01806
-0.121292    -1.01663
-0.120065    -1.0152
-0.11884    -1.01376
-0.117619    -1.01232
-0.116401    -1.01088
-0.115185    -1.00943
-0.113973    -1.00798
-0.112763    -1.00653
-0.111557    -1.00507
-0.110354    -1.00361
-0.109153    -1.00215
-0.107956    -1.00068
-0.106762    -0.999207
-0.105571    -0.997732
-0.104382    -0.996255
-0.103197    -0.994773
-0.102015    -0.993289
-0.100836    -0.991801
-0.0996595    -0.990309
-0.0984863    -0.988815
-0.0973161    -0.987317
-0.0961489    -0.985815
-0.0949847    -0.984311
-0.0938235    -0.982803
-0.0926653    -0.981291
-0.0915101    -0.979777
-0.0903578    -0.978259
-0.0892086    -0.976737
-0.0880624    -0.975213
-0.0869191    -0.973685
-0.0857788    -0.972154
-0.0846415    -0.970619
-0.0835072    -0.969082
-0.0823759    -0.967541
-0.0812475    -0.965997
-0.0801221    -0.964449
-0.0789997    -0.962898
-0.0778802    -0.961345
-0.0767638    -0.959787
-0.0756503    -0.958227
-0.0745397    -0.956663
-0.0734321    -0.955097
-0.0723275    -0.953527
-0.0712258    -0.951954
-0.0701271    -0.950377
-0.0690313    -0.948798
-0.0679385    -0.947215
-0.0668487    -0.945629
-0.0657617    -0.94404
-0.0646778    -0.942448
-0.0635967    -0.940853
-0.0625186    -0.939254
-0.0614435    -0.937653
-0.0603712    -0.936048
-0.0593019    -0.93444
-0.0582356    -0.932829
-0.0571721    -0.931215
-0.0561116    -0.929598
-0.055054    -0.927978
-0.0539993    -0.926355
-0.0529475    -0.924728
-0.0518986    -0.923099
-0.0508527    -0.921467
-0.0498096    -0.919831
-0.0487695    -0.918192
-0.0477323    -0.916551
-0.0466979    -0.914906
-0.0456665    -0.913259
-0.0446379    -0.911608
-0.0436122    -0.909954
-0.0425894    -0.908297
-0.0415695    -0.906638
-0.0405525    -0.904975
-0.0395384    -0.903309
-0.0385271    -0.901641
-0.0375187    -0.899969
-0.0365132    -0.898294
-0.0355105    -0.896617
-0.0345107    -0.894936
-0.0335138    -0.893253
-0.0325197    -0.891566
-0.0315284    -0.889877
-0.03054    -0.888185
-0.0295545    -0.886489
-0.0285718    -0.884791
-0.0275919    -0.88309
-0.0266149    -0.881386
-0.0256407    -0.87968
-0.0246693    -0.87797
-0.0237008    -0.876257
-0.0227351    -0.874542
-0.0217722    -0.872823
-0.0208121    -0.871102
-0.0198548    -0.869378
-0.0189003    -0.867651
-0.0179487    -0.865921
-0.0169998    -0.864189
-0.0160538    -0.862453
-0.0151105    -0.860715
-0.01417    -0.858974
-0.0132323    -0.85723
-0.0122974    -0.855483
-0.0113653    -0.853734
-0.0104359    -0.851982
-0.00950934    -0.850227
-0.00858553    -0.848469
-0.00766448    -0.846708
-0.00674619    -0.844945
-0.00583065    -0.843179
-0.00491787    -0.84141
-0.00400784    -0.839638
-0.00310055    -0.837864
-0.002196    -0.836087
-0.0012942    -0.834307
-0.00039512    -0.832524
0.000501226    -0.830739
0.00139485    -0.828951
0.00228575    -0.82716
0.00317393    -0.825367
0.0040594    -0.823571
0.00494216    -0.821772
0.00582221    -0.819971
0.00669957    -0.818167
0.00757422    -0.81636
0.00844619    -0.81455
0.00931546    -0.812738
0.0101821    -0.810924
0.011046    -0.809106
0.0119072    -0.807286
0.0127658    -0.805464
0.0136217    -0.803638
0.0144749    -0.801811
0.0153255    -0.79998
0.0161734    -0.798147
0.0170187    -0.796311
0.0178613    -0.794473
0.0187013    -0.792632
0.0195386    -0.790789
0.0203733    -0.788943
0.0212054    -0.787094
0.0220349    -0.785243
0.0228617    -0.78339
0.0236859    -0.781533
0.0245076    -0.779675
0.0253266    -0.777813
0.026143    -0.775949
0.0269568    -0.774083
0.027768    -0.772214
0.0285767    -0.770343
0.0293827    -0.768469
0.0301862    -0.766593
0.0309871    -0.764714
0.0317854    -0.762833
0.0325812    -0.760949
0.0333744    -0.759063
0.0341651    -0.757174
0.0349532    -0.755283
0.0357387    -0.753389
0.0365217    -0.751493
0.0373022    -0.749594
0.0380802    -0.747693
0.0388556    -0.74579
0.0396285    -0.743884
0.0403989    -0.741976
0.0411668    -0.740065
0.0419322    -0.738152
0.042695    -0.736237
0.0434554    -0.734319
0.0442133    -0.732399
0.0449687    -0.730476
0.0457216    -0.728551
0.0464721    -0.726624
0.0472201    -0.724694
0.0479656    -0.722762
0.0487086    -0.720828
0.0494492    -0.718891
0.0501873    -0.716952
0.050923    -0.715011
0.0516563    -0.713067
0.0523871    -0.711121
0.0531155    -0.709172
0.0538415    -0.707222
0.054565    -0.705269
0.0552862    -0.703314
0.0560049    -0.701356
0.0567212    -0.699396
0.0574351    -0.697434
0.0581466    -0.69547
0.0588558    -0.693503
0.0595625    -0.691534
0.0602669    -0.689563
0.0609689    -0.68759
0.0616686    -0.685614
0.0623658    -0.683636
0.0630608    -0.681656
0.0637533    -0.679674
0.0644436    -0.677689
0.0651314    -0.675703
0.065817    -0.673714
0.0665002    -0.671723
0.0671811    -0.669729
0.0678597    -0.667734
0.068536    -0.665736
0.0692099    -0.663736
0.0698816    -0.661734
0.070551    -0.65973
0.0712181    -0.657724
0.0718829    -0.655715
0.0725454    -0.653705
0.0732056    -0.651692
0.0738636    -0.649677
0.0745193    -0.64766
0.0751728    -0.645641
0.075824    -0.64362
0.076473    -0.641597
0.0771197    -0.639571
0.0777642    -0.637544
0.0784065    -0.635514
0.0790465    -0.633483
0.0796843    -0.631449
0.08032    -0.629413
0.0809534    -0.627375
0.0815846    -0.625335
0.0822136    -0.623293
0.0828405    -0.621249
0.0834651    -0.619203
0.0840876    -0.617155
0.084708    -0.615105
0.0853261    -0.613053
0.0859421    -0.610999
0.086556    -0.608943
0.0871677    -0.606885
0.0877772    -0.604824
0.0883847    -0.602762
0.08899    -0.600698
0.0895932    -0.598632
0.0901942    -0.596564
0.0907932    -0.594494
0.0913901    -0.592422
0.0919848    -0.590348
0.0925775    -0.588273
0.0931681    -0.586195
0.0937566    -0.584115
0.0943431    -0.582033
0.0949274    -0.57995
0.0955097    -0.577864
0.09609    -0.575777
0.0966682    -0.573688
0.0972444    -0.571597
0.0978185    -0.569504
0.0983906    -0.567409
0.0989607    -0.565312
0.0995288    -0.563213
0.100095    -0.561113
0.100659    -0.55901
0.101221    -0.556906
0.101781    -0.5548
0.102339    -0.552692
0.102895    -0.550582
0.103449    -0.548471
0.104002    -0.546357
0.104552    -0.544242
0.1051    -0.542125
0.105646    -0.540006
0.106191    -0.537886
0.106733    -0.535763
0.107274    -0.533639
