0.100141    -0.561708
0.100706    -0.559606
0.101269    -0.557502
0.101829    -0.555397
0.102388    -0.553289
0.102945    -0.55118
0.103499    -0.549069
0.104052    -0.546956
0.104603    -0.544841
0.105152    -0.542724
0.105699    -0.540606
0.106243    -0.538486
0.106786    -0.536364
0.107328    -0.53424
0.107867    -0.532114
0.108404    -0.529987
0.108939    -0.527858
0.109473    -0.525727
0.110004    -0.523594
0.110534    -0.52146
0.111062    -0.519324
0.111587    -0.517186
0.112111    -0.515047
0.112634    -0.512905
0.113154    -0.510762
0.113672    -0.508618
0.114189    -0.506471
0.114704    -0.504323
0.115217    -0.502174
0.115728    -0.500022
0.116237    -0.497869
0.116744    -0.495714
0.11725    -0.493558
0.117754    -0.4914
0.118256    -0.48924
0.118756    -0.487079
0.119255    -0.484916
0.119751    -0.482751
0.120246    -0.480585
0.12074    -0.478417
0.121231    -0.476247
0.121721    -0.474076
0.122209    -0.471904
0.122695    -0.469729
0.12318    -0.467553
0.123662    -0.465376
0.124144    -0.463197
0.124623    -0.461016
0.125101    -0.458834
0.125577    -0.45665
0.126051    -0.454465
0.126524    -0.452278
0.126995    -0.45009
0.127464    -0.4479
0.127932    -0.445709
0.128398    -0.443516
0.128862    -0.441322
0.129325    -0.439126
0.129786    -0.436928
0.130245    -0.43473
0.130703    -0.432529
0.13116    -0.430327
0.131614    -0.428124
0.132067    -0.425919
0.132519    -0.423713
0.132969    -0.421506
0.133417    -0.419297
0.133864    -0.417086
0.134309    -0.414874
0.134753    -0.412661
0.135195    -0.410446
0.135636    -0.40823
0.136075    -0.406012
0.136513    -0.403793
0.136949    -0.401573
0.137383    -0.399351
0.137816    -0.397128
0.138248    -0.394904
0.138678    -0.392678
0.139107    -0.390451
0.139534    -0.388222
0.139959    -0.385992
0.140384    -0.383761
0.140806    -0.381529
0.141228    -0.379295
0.141648    -0.37706
0.142066    -0.374823
0.142483    -0.372585
0.142899    -0.370346
0.143313    -0.368106
0.143726    -0.365864
0.144137    -0.363622
0.144547    -0.361377
0.144956    -0.359132
0.145363    -0.356885
0.145769    -0.354637
0.146174    -0.352388
0.146577    -0.350138
0.146979    -0.347886
0.14738    -0.345634
0.147779    -0.34338
0.148177    -0.341124
0.148574    -0.338868
0.148969    -0.33661
0.149363    -0.334352
0.149756    -0.332092
0.150148    -0.329831
0.150538    -0.327568
0.150927    -0.325305
0.151314    -0.32304
0.151701    -0.320775
0.152086    -0.318508
0.15247    -0.31624
0.152853    -0.313971
0.153234    -0.311701
0.153615    -0.309429
0.153994    -0.307157
0.154372    -0.304884
0.154749    -0.302609
0.155124    -0.300333
0.155499    -0.298057
0.155872    -0.295779
0.156244    -0.2935
0.156615    -0.29122
0.156985    -0.288939
0.157353    -0.286658
0.157721    -0.284375
0.158087    -0.282091
0.158453    -0.279806
0.158817    -0.27752
0.15918    -0.275233
0.159542    -0.272945
0.159903    -0.270656
0.160263    -0.268366
0.160622    -0.266075
0.160979    -0.263783
0.161336    -0.26149
0.161692    -0.259197
0.162046    -0.256902
0.1624    -0.254606
0.162753    -0.25231
0.163104    -0.250012
0.163455    -0.247714
0.163804    -0.245415
0.164153    -0.243115
0.1645    -0.240813
0.164847    -0.238512
0.165193    -0.236209
0.165537    -0.233905
0.165881    -0.231601
0.166224    -0.229295
0.166566    -0.226989
0.166907    -0.224682
0.167247    -0.222374
0.167586    -0.220065
0.167924    -0.217756
0.168262    -0.215446
0.168598    -0.213134
0.168934    -0.210823
0.169269    -0.20851
0.169603    -0.206196
0.169936    -0.203882
0.170268    -0.201567
0.170599    -0.199251
0.17093    -0.196935
0.171259    -0.194618
0.171588    -0.1923
0.171916    -0.189981
0.172244    -0.187662
0.17257    -0.185342
0.172896    -0.183021
0.173221    -0.180699
0.173545    -0.178377
0.173868    -0.176054
0.174191    -0.173731
0.174513    -0.171407
0.174834    -0.169082
0.175155    -0.166756
0.175474    -0.16443
0.175794    -0.162103
0.176112    -0.159776
0.17643    -0.157448
0.176747    -0.155119
0.177063    -0.15279
0.177379    -0.15046
0.177694    -0.14813
0.178008    -0.145799
0.178322    -0.143467
0.178635    -0.141135
0.178947    -0.138803
0.179259    -0.136469
0.17957    -0.134136
0.179881    -0.131801
0.180191    -0.129467
0.1805    -0.127131
0.180809    -0.124795
0.181117    -0.122459
0.181425    -0.120122
0.181732    -0.117785
0.182039    -0.115447
0.182345    -0.113109
0.182651    -0.11077
0.182956    -0.108431
0.18326    -0.106091
0.183564    -0.103751
0.183868    -0.101411
0.184171    -0.0990699
0.184473    -0.0967286
0.184775    -0.0943868
0.185077    -0.0920447
0.185378    -0.0897022
0.185679    -0.0873593
0.185979    -0.085016
0.186279    -0.0826723
0.186579    -0.0803283
0.186878    -0.0779839
0.187176    -0.0756392
0.187475    -0.0732941
0.187772    -0.0709487
0.18807    -0.068603
0.188367    -0.066257
0.188664    -0.0639107
0.18896    -0.0615641
0.189256    -0.0592172
0.189552    -0.05687
0.189847    -0.0545225
0.190142    -0.0521748
0.190437    -0.0498268
0.190732    -0.0474786
0.191026    -0.0451301
0.19132    -0.0427814
0.191613    -0.0404324
0.191907    -0.0380833
0.1922    -0.0357339
0.192492    -0.0333843
0.192785    -0.0310346
0.193077    -0.0286846
0.193369    -0.0263345
0.193661    -0.0239842
0.193953    -0.0216338
0.194245    -0.0192832
0.194536    -0.0169324
0.194827    -0.0145815
0.195118    -0.0122305
0.195409    -0.00987935
0.195699    -0.00752809
0.19599    -0.00517673
0.19628    -0.00282527
0.19657    -0.000473728
0.19686    0.0018779
0.19715    0.0042296
0.19744    0.00658137
0.197729    0.00893319
0.198019    0.0112851
0.198309    0.013637
0.198598    0.0159889
0.198887    0.0183409
0.199177    0.0206929
0.199466    0.0230449
0.199755    0.0253969
0.200044    0.0277489
0.200334    0.0301008
0.200623    0.0324528
0.200912    0.0348047
0.201201    0.0371566
0.20149    0.0395084
0.201779    0.0418602
0.202069    0.0442119
0.202358    0.0465635
0.202647    0.0489151
0.202936    0.0512665
0.203226    0.0536179
0.203515    0.0559692
0.203805    0.0583203
0.204094    0.0606713
0.204384    0.0630222
0.204674    0.065373
0.204964    0.0677236
0.205254    0.0700741
0.205544    0.0724244
0.205834    0.0747745
0.206125    0.0771244
0.206415    0.0794742
0.206706    0.0818238
0.206997    0.0841731
0.207288    0.0865223
0.20758    0.0888712
0.207871    0.0912199
0.208163    0.0935684
0.208455    0.0959166
0.208747    0.0982646
0.209039    0.100612
0.209332    0.10296
0.209625    0.105307
0.209918    0.107654
0.210211    0.11
0.210505    0.112347
0.210799    0.114693
0.211093    0.117038
0.211387    0.119384
0.211682    0.121729
0.211977    0.124073
0.212273    0.126418
0.212569    0.128762
0.212865    0.131105
0.213161    0.133448
0.213458    0.135791
0.213755    0.138134
0.214053    0.140476
0.214351    0.142817
0.214649    0.145159
0.214948    0.147499
0.215247    0.14984
0.215547    0.15218
0.215847    0.154519
0.216147    0.156858
0.216448    0.159197
0.21675    0.161535
0.217052    0.163872
0.217354    0.166209
0.217657    0.168546
0.21796    0.170882
0.218264    0.173218
0.218568    0.175553
0.218873    0.177887
0.219178    0.180221
0.219484    0.182555
0.21979    0.184888
0.220097    0.18722
0.220405    0.189552
0.220713    0.191883
0.221021    0.194214
0.22133    0.196544
0.22164    0.198873
0.22195    0.201202
0.222261    0.20353
0.222573    0.205858
0.222885    0.208184
0.223198    0.210511
0.223512    0.212836
0.223826    0.215161
0.22414    0.217486
0.224456    0.219809
0.224772    0.222132
0.225089    0.224454
0.225406    0.226776
0.225725    0.229097
0.226043    0.231417
0.226363    0.233736
0.226683    0.236055
0.227004    0.238373
0.227326    0.24069
0.227649    0.243006
0.227972    0.245322
0.228296    0.247637
0.228621    0.249951
0.228947    0.252264
0.229273    0.254576
0.229601    0.256888
0.229929    0.259199
0.230258    0.261509
0.230587    0.263818
0.230918    0.266126
0.231249    0.268434
0.231581    0.270741
0.231915    0.273046
0.232249    0.275351
0.232583    0.277655
0.232919    0.279958
0.233256    0.282261
0.233593    0.284562
0.233932    0.286863
0.234271    0.289162
0.234611    0.291461
0.234953    0.293758
0.235295    0.296055
0.235638    0.298351
0.235982    0.300646
0.236327    0.302939
0.236673    0.305232
0.23702    0.307524
0.237368    0.309815
0.237717    0.312105
0.238067    0.314394
0.238418    0.316682
0.23877    0.318968
0.239123    0.321254
0.239478    0.323539
0.239833    0.325823
0.240189    0.328105
0.240546    0.330387
0.240905    0.332667
0.241264    0.334947
0.241625    0.337225
0.241987    0.339502
0.24235    0.341779
0.242714    0.344054
0.243079    0.346327
0.243445    0.3486
0.243812    0.350872
0.244181    0.353142
0.24455    0.355412
0.244921    0.35768
0.245293    0.359947
0.245667    0.362213
0.246041    0.364477
0.246417    0.366741
0.246793    0.369003
0.247171    0.371264
0.247551    0.373524
0.247931    0.375783
0.248313    0.37804
0.248696    0.380296
0.24908    0.382551
0.249466    0.384805
0.249853    0.387057
0.250241    0.389308
0.25063    0.391558
0.251021    0.393807
0.251413    0.396054
0.251806    0.3983
0.252201    0.400545
0.252597    0.402788
0.252994    0.40503
0.253393    0.407271
0.253793    0.40951
0.254194    0.411748
0.254597    0.413985
0.255001    0.41622
0.255407    0.418454
0.255814    0.420686
0.256222    0.422917
0.256632    0.425147
0.257043    0.427375
0.257456    0.429602
0.25787    0.431828
0.258285    0.434052
0.258702    0.436274
0.259121    0.438496
0.25954    0.440715
0.259962    0.442934
0.260385    0.445151
0.260809    0.447366
0.261235    0.44958
0.261662    0.451792
0.262091    0.454003
0.262522    0.456212
0.262954    0.45842
0.263387    0.460627
0.263822    0.462831
0.264259    0.465035
0.264697    0.467236
0.265137    0.469437
0.265578    0.471635
0.266021    0.473832
0.266466    0.476028
0.266912    0.478222
0.26736    0.480414
0.267809    0.482605
0.26826    0.484794
0.268713    0.486981
0.269167    0.489167
0.269623    0.491352
0.270081    0.493534
0.27054    0.495715
0.271001    0.497894
0.271464    0.500072
0.271928    0.502248
0.272394    0.504423
0.272862    0.506595
0.273331    0.508766
0.273802    0.510935
0.274275    0.513103
0.27475    0.515269
0.275226    0.517433
0.275705    0.519595
0.276185    0.521756
0.276666    0.523915
0.27715    0.526072
0.277635    0.528228
0.278122    0.530381
0.278611    0.532533
0.279102    0.534684
0.279594    0.536832
0.280088    0.538978
0.280585    0.541123
0.281083    0.543266
0.281582    0.545407
0.282084    0.547547
0.282588    0.549684
0.283093    0.55182
0.2836    0.553953
0.28411    0.556085
0.284621    0.558215
0.285134    0.560344
0.285648    0.56247
0.286165    0.564594
0.286684    0.566717
0.287205    0.568838
0.287727    0.570956
0.288252    0.573073
0.288778    0.575188
0.289307    0.577301
0.289837    0.579412
0.29037    0.581521
0.290904    0.583628
0.29144    0.585734
0.291979    0.587837
0.292519    0.589938
0.293061    0.592037
0.293606    0.594135
0.294152    0.59623
0.294701    0.598323
0.295251    0.600415
0.295804    0.602504
0.296358    0.604591
0.296915    0.606676
0.297474    0.608759
0.298034    0.610841
0.298597    0.61292
0.299162    0.614997
0.299729    0.617072
0.300299    0.619144
0.30087    0.621215
0.301443    0.623284
0.302019    0.62535
0.302596    0.627415
0.303176    0.629477
0.303758    0.631537
0.304342    0.633596
0.304929    0.635652
0.305517    0.637705
0.306108    0.639757
0.306701    0.641807
0.307296    0.643854
0.307893    0.645899
0.308492    0.647942
0.309094    0.649983
0.309698    0.652022
0.310304    0.654058
0.310912    0.656092
0.311522    0.658124
0.312135    0.660154
0.31275    0.662181
0.313368    0.664207
0.313987    0.66623
0.314609    0.668251
0.315233    0.670269
0.315859    0.672285
0.316488    0.674299
0.317119    0.676311
0.317752    0.67832
0.318388    0.680327
0.319026    0.682332
0.319666    0.684335
0.320309    0.686335
0.320954    0.688333
0.321601    0.690328
0.322251    0.692321
0.322903    0.694312
0.323557    0.696301
0.324214    0.698287
0.324873    0.70027
0.325535    0.702252
0.326199    0.704231
0.326865    0.706207
0.327534    0.708181
0.328205    0.710153
0.328878    0.712123
0.329554    0.714089
0.330233    0.716054
0.330914    0.718016
0.331597    0.719976
0.332283    0.721933
0.332971    0.723887
0.333662    0.72584
0.334355    0.727789
0.33505    0.729737
0.335749    0.731681
0.336449    0.733624
0.337152    0.735563
0.337858    0.737501
0.338566    0.739435
0.339277    0.741367
0.33999    0.743297
0.340706    0.745224
0.341424    0.747149
0.342145    0.749071
0.342868    0.75099
0.343594    0.752907
0.344322    0.754822
0.345053    0.756733
0.345787    0.758642
0.346523    0.760549
0.347262    0.762453
0.348003    0.764354
0.348747    0.766253
0.349494    0.768149
0.350243    0.770042
0.350995    0.771933
0.351749    0.773821
0.352506    0.775707
0.353266    0.777589
0.354028    0.77947
0.354793    0.781347
0.355561    0.783222
0.356331    0.785094
0.357104    0.786963
0.35788    0.78883
0.358658    0.790694
0.359439    0.792555
0.360222    0.794413
0.361009    0.796269
0.361798    0.798122
0.362589    0.799972
0.363384    0.80182
0.364181    0.803664
0.364981    0.805506
0.365784    0.807345
0.366589    0.809182
0.367397    0.811015
0.368208    0.812846
0.369021    0.814674
0.369838    0.816499
0.370657    0.818321
0.371479    0.82014
0.372303    0.821957
0.373131    0.823771
0.373961    0.825581
0.374794    0.827389
0.375629    0.829194
0.376468    0.830997
0.377309    0.832796
0.378154    0.834592
0.379001    0.836386
0.37985    0.838177
0.380703    0.839964
0.381558    0.841749
0.382417    0.843531
0.383278    0.84531
0.384142    0.847085
0.385009    0.848858
0.385878    0.850628
0.386751    0.852395
0.387626    0.854159
0.388505    0.85592
0.389386    0.857678
0.39027    0.859434
0.391157    0.861186
0.392047    0.862935
0.392939    0.86468
0.393835    0.866423
0.394734    0.868163
0.395635    0.8699
0.39654    0.871634
0.397447    0.873365
0.398357    0.875092
0.39927    0.876817
0.400186    0.878538
0.401105    0.880257
0.402027    0.881972
0.402952    0.883684
0.40388    0.885393
0.404811    0.887099
0.405745    0.888802
0.406682    0.890501
0.407621    0.892198
0.408564    0.893891
0.40951    0.895581
0.410459    0.897268
0.41141    0.898952
0.412365    0.900633
0.413323    0.90231
0.414284    0.903984
0.415247    0.905655
0.416214    0.907323
0.417184    0.908987
0.418157    0.910649
0.419132    0.912307
0.420111    0.913962
0.421093    0.915613
0.422078    0.917261
0.423066    0.918906
0.424057    0.920548
0.425051    0.922186
0.426048    0.923821
0.427049    0.925453
0.428052    0.927082
0.429058    0.928707
0.430068    0.930329
0.43108    0.931947
0.432096    0.933562
0.433115    0.935174
0.434136    0.936782
0.435161    0.938387
0.436189    0.939989
0.43722    0.941587
0.438254    0.943182
0.439292    0.944774
0.440332    0.946362
0.441376    0.947946
0.442422    0.949527
0.443472    0.951105
0.444525    0.95268
0.445581    0.95425
0.44664    0.955818
0.447703    0.957382
0.448768    0.958942
0.449837    0.960499
0.450909    0.962053
0.451983    0.963603
0.453062    0.965149
0.454143    0.966692
0.455227    0.968231
0.456315    0.969767
0.457406    0.971299
0.4585    0.972828
0.459597    0.974353
0.460697    0.975875
0.461801    0.977393
0.462907    0.978908
0.464017    0.980419
0.46513    0.981926
0.466246    0.983429
0.467366    0.98493
0.468489    0.986426
0.469615    0.987919
0.470744    0.989408
0.471876    0.990893
0.473011    0.992375
0.47415    0.993853
0.475292    0.995328
0.476437    0.996799
0.477586    0.998266
0.478738    0.999729
0.479893    1.00119
0.481051    1.00264
0.482212    1.0041
0.483377    1.00555
0.484545    1.00699
0.485716    1.00843
0.48689    1.00987
0.488068    1.0113
0.489249    1.01273
0.490433    1.01416
0.49162    1.01558
0.492811    1.017
0.494005    1.01841
0.495202    1.01982
0.496403    1.02123
0.497606    1.02263
0.498813    1.02403
0.500024    1.02543
0.501237    1.02682
0.502454    1.02821
0.503675    1.02959
0.504898    1.03097
0.506125    1.03235
0.507355    1.03372
0.508588    1.03509
0.509825    1.03645
0.511065    1.03781
0.512308    1.03917
0.513555    1.04052
0.514804    1.04187
0.516058    1.04321
0.517314    1.04455
0.518574    1.04589
0.519837    1.04722
0.521103    1.04855
0.522373    1.04987
0.523646    1.05119
0.524922    1.05251
0.526202    1.05382
0.527485    1.05513
0.528771    1.05644
0.530061    1.05774
0.531354    1.05903
0.53265    1.06032
0.53395    1.06161
0.535253    1.06289
0.536559    1.06417
0.537869    1.06545
0.539182    1.06672
0.540498    1.06799
0.541818    1.06925
0.543141    1.07051
0.544467    1.07177
0.545797    1.07302
0.54713    1.07426
0.548466    1.0755
0.549806    1.07674
0.551149    1.07798
0.552495    1.07921
0.553845    1.08043
0.555198    1.08165
0.556554    1.08287
0.557914    1.08408
0.559277    1.08529
0.560643    1.08649
0.562013    1.08769
0.563386    1.08889
0.564763    1.09008
0.566143    1.09127
0.567526    1.09245
0.568912    1.09363
0.570302    1.0948
0.571696    1.09597
0.573092    1.09714
0.574492    1.0983
0.575895    1.09945
0.577302    1.1006
0.578712    1.10175
0.580125    1.1029
0.581542    1.10403
0.582962    1.10517
0.584386    1.1063
0.585812    1.10742
0.587243    1.10854
0.588676    1.10966
0.590113    1.11077
0.591553    1.11188
0.592997    1.11298
0.594444    1.11408
0.595894    1.11518
0.597348    1.11627
0.598804    1.11735
0.600265    1.11843
0.601728    1.11951
0.603195    1.12058
0.604666    1.12165
0.60614    1.12271
0.607617    1.12376
0.609097    1.12482
0.610581    1.12587
0.612068    1.12691
0.613558    1.12795
0.615052    1.12898
0.616549    1.13001
0.61805    1.13104
0.619554    1.13206
0.621061    1.13307
0.622571    1.13409
0.624085    1.13509
0.625602    1.13609
0.627123    1.13709
0.628646    1.13808
0.630174    1.13907
0.631704    1.14005
0.633238    1.14103
0.634775    1.142
0.636316    1.14297
