-0.753339    -1.07027
-0.752876    -1.06858
-0.752415    -1.06689
-0.751957    -1.0652
-0.751502    -1.0635
-0.751049    -1.06181
-0.750599    -1.06011
-0.750151    -1.0584
-0.749706    -1.0567
-0.749264    -1.05499
-0.748824    -1.05328
-0.748386    -1.05157
-0.747951    -1.04985
-0.747518    -1.04813
-0.747088    -1.04641
-0.746661    -1.04469
-0.746236    -1.04296
-0.745813    -1.04123
-0.745393    -1.0395
-0.744975    -1.03776
-0.74456    -1.03603
-0.744147    -1.03429
-0.743736    -1.03255
-0.743328    -1.0308
-0.742922    -1.02905
-0.742519    -1.0273
-0.742118    -1.02555
-0.74172    -1.0238
-0.741323    -1.02204
-0.74093    -1.02028
-0.740538    -1.01852
-0.740149    -1.01675
-0.739762    -1.01498
-0.739378    -1.01321
-0.738995    -1.01144
-0.738615    -1.00966
-0.738238    -1.00789
-0.737863    -1.00611
-0.73749    -1.00432
-0.737119    -1.00254
-0.73675    -1.00075
-0.736384    -0.99896
-0.73602    -0.997168
-0.735658    -0.995372
-0.735299    -0.993575
-0.734941    -0.991774
-0.734586    -0.989972
-0.734233    -0.988166
-0.733882    -0.986359
-0.733534    -0.984549
-0.733187    -0.982736
-0.732843    -0.980921
-0.732501    -0.979104
-0.732161    -0.977284
-0.731823    -0.975461
-0.731487    -0.973637
-0.731153    -0.971809
-0.730822    -0.96998
-0.730492    -0.968148
-0.730165    -0.966313
-0.72984    -0.964477
-0.729517    -0.962637
-0.729196    -0.960796
-0.728876    -0.958952
-0.728559    -0.957105
-0.728244    -0.955256
-0.727931    -0.953405
-0.72762    -0.951552
-0.727311    -0.949696
-0.727004    -0.947837
-0.726699    -0.945977
-0.726396    -0.944114
-0.726095    -0.942248
-0.725796    -0.94038
-0.725499    -0.93851
-0.725204    -0.936638
-0.72491    -0.934763
-0.724619    -0.932886
-0.72433    -0.931007
-0.724042    -0.929125
-0.723756    -0.927241
-0.723473    -0.925355
-0.723191    -0.923466
-0.722911    -0.921575
-0.722632    -0.919682
-0.722356    -0.917786
-0.722082    -0.915888
-0.721809    -0.913988
-0.721538    -0.912086
-0.721269    -0.910181
-0.721002    -0.908274
-0.720736    -0.906365
-0.720473    -0.904453
-0.720211    -0.902539
-0.719951    -0.900623
-0.719692    -0.898705
-0.719436    -0.896784
-0.719181    -0.894862
-0.718928    -0.892937
-0.718676    -0.891009
-0.718426    -0.88908
-0.718178    -0.887148
-0.717932    -0.885214
-0.717687    -0.883278
-0.717444    -0.88134
-0.717203    -0.879399
-0.716963    -0.877456
-0.716725    -0.875511
-0.716489    -0.873564
-0.716254    -0.871615
-0.716021    -0.869663
-0.715789    -0.86771
-0.715559    -0.865754
-0.715331    -0.863796
-0.715104    -0.861835
-0.714879    -0.859873
-0.714655    -0.857908
-0.714433    -0.855942
-0.714212    -0.853973
-0.713993    -0.852002
-0.713775    -0.850028
-0.713559    -0.848053
-0.713345    -0.846076
-0.713131    -0.844096
-0.71292    -0.842114
-0.71271    -0.84013
-0.712501    -0.838144
-0.712294    -0.836156
-0.712088    -0.834166
-0.711884    -0.832174
-0.711681    -0.83018
-0.711479    -0.828183
-0.711279    -0.826184
-0.71108    -0.824184
-0.710883    -0.822181
-0.710687    -0.820176
-0.710492    -0.818169
-0.710299    -0.81616
-0.710107    -0.814149
-0.709917    -0.812136
-0.709728    -0.810121
-0.70954    -0.808104
-0.709353    -0.806084
-0.709168    -0.804063
-0.708984    -0.80204
-0.708801    -0.800014
-0.708619    -0.797987
-0.708439    -0.795958
-0.70826    -0.793926
-0.708083    -0.791893
-0.707906    -0.789857
-0.707731    -0.78782
-0.707557    -0.78578
-0.707384    -0.783739
-0.707212    -0.781695
-0.707042    -0.77965
-0.706872    -0.777602
-0.706704    -0.775553
-0.706537    -0.773501
-0.706371    -0.771448
-0.706207    -0.769392
-0.706043    -0.767335
-0.705881    -0.765276
-0.705719    -0.763214
-0.705559    -0.761151
-0.7054    -0.759086
-0.705242    -0.757019
-0.705085    -0.75495
-0.704929    -0.752879
-0.704774    -0.750806
-0.70462    -0.748731
-0.704467    -0.746654
-0.704315    -0.744575
-0.704164    -0.742495
-0.704014    -0.740412
-0.703865    -0.738328
-0.703717    -0.736241
-0.70357    -0.734153
-0.703424    -0.732063
-0.703279    -0.729971
-0.703135    -0.727877
-0.702992    -0.725781
-0.70285    -0.723684
-0.702709    -0.721584
-0.702568    -0.719483
-0.702429    -0.71738
-0.70229    -0.715275
-0.702152    -0.713168
-0.702015    -0.711059
-0.701879    -0.708948
-0.701744    -0.706836
-0.70161    -0.704722
-0.701476    -0.702605
-0.701343    -0.700488
-0.701211    -0.698368
-0.70108    -0.696246
-0.70095    -0.694123
-0.70082    -0.691998
-0.700691    -0.689871
-0.700563    -0.687742
-0.700436    -0.685611
-0.700309    -0.683479
-0.700183    -0.681345
-0.700058    -0.679209
-0.699933    -0.677071
-0.69981    -0.674932
-0.699686    -0.672791
-0.699564    -0.670648
-0.699442    -0.668503
-0.699321    -0.666357
-0.699201    -0.664208
-0.699081    -0.662058
-0.698962    -0.659907
-0.698843    -0.657753
-0.698725    -0.655598
-0.698607    -0.653441
-0.698491    -0.651283
-0.698374    -0.649123
-0.698259    -0.646961
-0.698144    -0.644797
-0.698029    -0.642631
-0.697915    -0.640464
-0.697801    -0.638296
-0.697688    -0.636125
-0.697576    -0.633953
-0.697464    -0.631779
-0.697352    -0.629604
-0.697241    -0.627427
-0.697131    -0.625248
-0.697021    -0.623068
-0.696911    -0.620886
-0.696802    -0.618702
-0.696693    -0.616516
-0.696584    -0.61433
-0.696476    -0.612141
-0.696369    -0.609951
-0.696262    -0.607759
-0.696155    -0.605565
-0.696048    -0.60337
-0.695942    -0.601174
-0.695836    -0.598975
-0.695731    -0.596776
-0.695626    -0.594574
-0.695521    -0.592371
-0.695417    -0.590167
-0.695313    -0.58796
-0.695209    -0.585753
-0.695105    -0.583543
-0.695002    -0.581332
-0.694899    -0.57912
-0.694796    -0.576906
-0.694693    -0.574691
-0.694591    -0.572474
-0.694489    -0.570255
-0.694387    -0.568035
-0.694285    -0.565813
-0.694183    -0.56359
-0.694082    -0.561366
-0.693981    -0.559139
-0.69388    -0.556912
-0.693779    -0.554683
-0.693678    -0.552452
-0.693577    -0.55022
-0.693477    -0.547986
-0.693377    -0.545751
-0.693276    -0.543515
-0.693176    -0.541277
-0.693076    -0.539037
-0.692976    -0.536797
-0.692876    -0.534554
-0.692776    -0.53231
-0.692676    -0.530065
-0.692576    -0.527819
-0.692476    -0.525571
-0.692376    -0.523321
-0.692276    -0.52107
-0.692177    -0.518818
-0.692077    -0.516564
-0.691977    -0.514309
-0.691877    -0.512053
-0.691777    -0.509795
-0.691677    -0.507535
-0.691577    -0.505275
-0.691476    -0.503013
-0.691376    -0.500749
-0.691276    -0.498485
-0.691175    -0.496219
-0.691074    -0.493951
-0.690974    -0.491682
-0.690873    -0.489412
-0.690772    -0.487141
-0.690671    -0.484868
-0.690569    -0.482594
-0.690468    -0.480319
-0.690366    -0.478042
-0.690264    -0.475764
-0.690162    -0.473485
-0.690059    -0.471204
-0.689957    -0.468922
-0.689854    -0.466639
-0.689751    -0.464355
-0.689648    -0.462069
-0.689544    -0.459782
-0.68944    -0.457494
-0.689336    -0.455204
-0.689231    -0.452914
-0.689127    -0.450622
-0.689022    -0.448329
-0.688916    -0.446034
-0.68881    -0.443739
-0.688704    -0.441442
-0.688598    -0.439144
-0.688491    -0.436844
-0.688384    -0.434544
-0.688276    -0.432242
-0.688168    -0.42994
-0.68806    -0.427636
-0.687951    -0.42533
-0.687842    -0.423024
-0.687732    -0.420717
-0.687622    -0.418408
-0.687512    -0.416098
-0.687401    -0.413787
-0.687289    -0.411475
-0.687177    -0.409162
-0.687065    -0.406848
-0.686952    -0.404532
-0.686838    -0.402216
-0.686724    -0.399898
-0.68661    -0.397579
-0.686495    -0.39526
-0.686379    -0.392939
-0.686263    -0.390617
-0.686146    -0.388294
-0.686029    -0.385969
-0.685911    -0.383644
-0.685793    -0.381318
-0.685673    -0.378991
-0.685554    -0.376662
-0.685433    -0.374333
-0.685312    -0.372003
-0.685191    -0.369671
-0.685068    -0.367339
-0.684945    -0.365005
-0.684822    -0.362671
-0.684697    -0.360335
-0.684572    -0.357999
-0.684446    -0.355662
-0.68432    -0.353323
-0.684193    -0.350984
-0.684065    -0.348643
-0.683936    -0.346302
-0.683807    -0.34396
-0.683677    -0.341617
-0.683546    -0.339273
-0.683414    -0.336927
-0.683281    -0.334581
-0.683148    -0.332235
-0.683014    -0.329887
-0.682879    -0.327538
-0.682743    -0.325188
-0.682606    -0.322838
-0.682469    -0.320487
-0.68233    -0.318134
-0.682191    -0.315781
-0.682051    -0.313427
-0.68191    -0.311072
-0.681768    -0.308717
-0.681625    -0.30636
-0.681482    -0.304003
-0.681337    -0.301644
-0.681191    -0.299285
-0.681045    -0.296925
-0.680897    -0.294565
-0.680749    -0.292203
-0.680599    -0.289841
-0.680449    -0.287478
-0.680298    -0.285114
-0.680145    -0.282749
-0.679992    -0.280384
-0.679837    -0.278018
-0.679682    -0.275651
-0.679525    -0.273283
-0.679368    -0.270915
-0.679209    -0.268546
-0.67905    -0.266176
-0.678889    -0.263805
-0.678727    -0.261434
-0.678564    -0.259062
-0.6784    -0.25669
-0.678235    -0.254316
-0.678068    -0.251942
-0.677901    -0.249567
-0.677732    -0.247192
-0.677563    -0.244816
-0.677392    -0.242439
-0.67722    -0.240062
-0.677046    -0.237684
-0.676872    -0.235305
-0.676696    -0.232926
-0.67652    -0.230546
-0.676341    -0.228166
-0.676162    -0.225785
-0.675982    -0.223403
-0.6758    -0.221021
-0.675617    -0.218638
-0.675433    -0.216254
-0.675247    -0.21387
-0.67506    -0.211486
-0.674872    -0.209101
-0.674683    -0.206715
-0.674492    -0.204329
-0.6743    -0.201942
-0.674106    -0.199555
-0.673912    -0.197167
-0.673716    -0.194779
-0.673518    -0.19239
-0.673319    -0.190001
-0.673119    -0.187611
-0.672918    -0.185221
-0.672715    -0.18283
-0.67251    -0.180439
-0.672305    -0.178047
-0.672098    -0.175655
-0.671889    -0.173263
-0.671679    -0.17087
-0.671467    -0.168476
-0.671255    -0.166083
-0.67104    -0.163689
-0.670824    -0.161294
-0.670607    -0.158899
-0.670388    -0.156504
-0.670168    -0.154108
-0.669946    -0.151712
-0.669723    -0.149315
-0.669498    -0.146919
-0.669271    -0.144521
-0.669043    -0.142124
-0.668814    -0.139726
-0.668583    -0.137328
-0.66835    -0.134929
-0.668116    -0.132531
-0.66788    -0.130132
-0.667643    -0.127732
-0.667404    -0.125333
-0.667163    -0.122933
-0.666921    -0.120532
-0.666677    -0.118132
-0.666432    -0.115731
-0.666184    -0.11333
-0.665936    -0.110929
-0.665685    -0.108528
-0.665433    -0.106126
-0.665179    -0.103724
-0.664924    -0.101322
-0.664666    -0.0989199
-0.664407    -0.0965174
-0.664147    -0.0941148
-0.663884    -0.091712
-0.66362    -0.0893091
-0.663354    -0.086906
-0.663087    -0.0845027
-0.662818    -0.0820993
-0.662546    -0.0796958
-0.662273    -0.0772921
-0.661999    -0.0748883
-0.661722    -0.0724845
-0.661444    -0.0700805
-0.661164    -0.0676764
-0.660882    -0.0652723
-0.660598    -0.0628681
-0.660313    -0.0604638
-0.660025    -0.0580594
-0.659736    -0.055655
-0.659445    -0.0532506
-0.659152    -0.0508461
-0.658857    -0.0484416
-0.65856    -0.0460371
-0.658262    -0.0436326
-0.657961    -0.0412281
-0.657658    -0.0388236
-0.657354    -0.0364191
-0.657048    -0.0340146
-0.65674    -0.0316102
-0.656429    -0.0292058
-0.656117    -0.0268015
-0.655803    -0.0243972
-0.655487    -0.021993
-0.655169    -0.0195888
-0.654849    -0.0171848
-0.654527    -0.0147808
-0.654203    -0.012377
-0.653877    -0.00997323
-0.653549    -0.0075696
-0.653219    -0.00516609
