-0.652887    -0.00276272
-0.652552    -0.000359499
-0.652216    0.00204357
-0.651878    0.00444649
-0.651538    0.00684923
-0.651195    0.00925179
-0.650851    0.0116542
-0.650504    0.0140564
-0.650156    0.0164583
-0.649805    0.0188601
-0.649452    0.0212616
-0.649097    0.023663
-0.64874    0.026064
-0.648381    0.0284649
-0.648019    0.0308655
-0.647656    0.0332658
-0.64729    0.0356658
-0.646922    0.0380656
-0.646552    0.040465
-0.64618    0.0428642
-0.645806    0.0452631
-0.645429    0.0476616
-0.64505    0.0500598
-0.644669    0.0524577
-0.644286    0.0548553
-0.643901    0.0572525
-0.643513    0.0596493
-0.643123    0.0620458
-0.642731    0.0644418
-0.642336    0.0668375
-0.64194    0.0692328
-0.641541    0.0716278
-0.641139    0.0740222
-0.640736    0.0764163
-0.64033    0.0788099
-0.639922    0.0812031
-0.639511    0.0835959
-0.639099    0.0859882
-0.638684    0.08838
-0.638266    0.0907713
-0.637846    0.0931622
-0.637424    0.0955526
-0.637    0.0979425
-0.636573    0.100332
-0.636144    0.102721
-0.635712    0.105109
-0.635278    0.107497
-0.634842    0.109884
-0.634403    0.112271
-0.633962    0.114657
-0.633519    0.117042
-0.633073    0.119427
-0.632624    0.121812
-0.632174    0.124195
-0.63172    0.126579
-0.631265    0.128961
-0.630807    0.131343
-0.630346    0.133724
-0.629883    0.136105
-0.629417    0.138485
-0.628949    0.140864
-0.628479    0.143243
-0.628006    0.145621
-0.62753    0.147998
-0.627052    0.150374
-0.626572    0.15275
-0.626089    0.155125
-0.625603    0.1575
-0.625115    0.159874
-0.624625    0.162246
-0.624131    0.164619
-0.623636    0.16699
-0.623137    0.169361
-0.622637    0.17173
-0.622133    0.1741
-0.621627    0.176468
-0.621118    0.178835
-0.620607    0.181202
-0.620093    0.183568
-0.619577    0.185933
-0.619058    0.188297
-0.618536    0.19066
-0.618012    0.193022
-0.617485    0.195384
-0.616956    0.197744
-0.616424    0.200104
-0.615889    0.202463
-0.615351    0.204821
-0.614811    0.207178
-0.614268    0.209534
-0.613723    0.211889
-0.613174    0.214243
-0.612624    0.216597
-0.61207    0.218949
-0.611514    0.2213
-0.610955    0.22365
-0.610393    0.226
-0.609829    0.228348
-0.609262    0.230695
-0.608692    0.233041
-0.608119    0.235387
-0.607544    0.237731
-0.606966    0.240074
-0.606385    0.242416
-0.605801    0.244757
-0.605215    0.247097
-0.604625    0.249436
-0.604034    0.251773
-0.603439    0.25411
-0.602841    0.256446
-0.602241    0.25878
-0.601638    0.261113
-0.601032    0.263445
-0.600423    0.265776
-0.599812    0.268106
-0.599197    0.270435
-0.59858    0.272762
-0.59796    0.275088
-0.597337    0.277413
-0.596711    0.279737
-0.596082    0.28206
-0.595451    0.284381
-0.594817    0.286701
-0.594179    0.28902
-0.593539    0.291337
-0.592896    0.293654
-0.592251    0.295969
-0.591602    0.298283
-0.59095    0.300595
-0.590296    0.302906
-0.589638    0.305216
-0.588978    0.307525
-0.588314    0.309832
-0.587648    0.312138
-0.586979    0.314442
-0.586307    0.316745
-0.585632    0.319047
-0.584954    0.321347
-0.584273    0.323646
-0.583589    0.325944
-0.582902    0.32824
-0.582212    0.330535
-0.58152    0.332828
-0.580824    0.33512
-0.580125    0.33741
-0.579423    0.339699
-0.578719    0.341987
-0.578011    0.344273
-0.5773    0.346557
-0.576586    0.34884
-0.57587    0.351122
-0.57515    0.353402
-0.574427    0.35568
-0.573701    0.357957
-0.572972    0.360232
-0.572241    0.362506
-0.571506    0.364778
-0.570768    0.367049
-0.570027    0.369318
-0.569283    0.371586
-0.568536    0.373851
-0.567785    0.376116
-0.567032    0.378378
-0.566276    0.380639
-0.565516    0.382899
-0.564754    0.385156
-0.563988    0.387412
-0.56322    0.389667
-0.562448    0.391919
-0.561673    0.39417
-0.560895    0.39642
-0.560114    0.398667
-0.55933    0.400913
-0.558543    0.403157
-0.557752    0.4054
-0.556959    0.40764
-0.556162    0.409879
-0.555362    0.412116
-0.554559    0.414352
-0.553753    0.416585
-0.552944    0.418817
-0.552132    0.421047
-0.551316    0.423275
-0.550498    0.425501
-0.549676    0.427726
-0.548851    0.429948
-0.548023    0.432169
-0.547191    0.434388
-0.546357    0.436605
-0.545519    0.43882
-0.544678    0.441033
-0.543834    0.443244
-0.542987    0.445454
-0.542137    0.447661
-0.541283    0.449867
-0.540426    0.45207
-0.539566    0.454272
-0.538703    0.456472
-0.537836    0.458669
-0.536967    0.460865
-0.536094    0.463059
-0.535218    0.46525
-0.534338    0.46744
-0.533456    0.469628
-0.53257    0.471813
-0.531681    0.473997
-0.530788    0.476178
-0.529893    0.478358
-0.528994    0.480535
-0.528092    0.48271
-0.527187    0.484884
-0.526278    0.487055
-0.525366    0.489224
-0.524451    0.491391
-0.523533    0.493555
-0.522611    0.495718
-0.521686    0.497878
-0.520758    0.500037
-0.519827    0.502193
-0.518892    0.504347
-0.517954    0.506498
-0.517013    0.508648
-0.516068    0.510795
-0.51512    0.51294
-0.514169    0.515083
-0.513214    0.517224
-0.512257    0.519362
-0.511296    0.521498
-0.510331    0.523632
-0.509363    0.525763
-0.508392    0.527893
-0.507418    0.53002
-0.50644    0.532144
-0.505459    0.534267
-0.504475    0.536386
-0.503487    0.538504
-0.502496    0.540619
-0.501502    0.542732
-0.500505    0.544843
-0.499504    0.546951
-0.498499    0.549057
-0.497492    0.55116
-0.496481    0.553261
-0.495466    0.55536
-0.494449    0.557456
-0.493428    0.55955
-0.492403    0.561641
-0.491376    0.56373
-0.490344    0.565816
-0.48931    0.5679
-0.488272    0.569981
-0.487231    0.57206
-0.486186    0.574136
-0.485139    0.57621
-0.484087    0.578281
-0.483033    0.58035
-0.481975    0.582416
-0.480913    0.58448
-0.479849    0.586541
-0.47878    0.588599
-0.477709    0.590655
-0.476634    0.592709
-0.475556    0.594759
-0.474474    0.596807
-0.473389    0.598853
-0.472301    0.600896
-0.471209    0.602936
-0.470114    0.604973
-0.469015    0.607008
-0.467913    0.60904
-0.466808    0.61107
-0.465699    0.613096
-0.464587    0.61512
-0.463471    0.617142
-0.462352    0.61916
-0.46123    0.621176
-0.460104    0.623189
-0.458975    0.6252
-0.457842    0.627207
-0.456706    0.629212
-0.455567    0.631214
-0.454424    0.633213
-0.453278    0.63521
-0.452128    0.637203
-0.450975    0.639194
-0.449819    0.641182
-0.448659    0.643167
-0.447495    0.645149
-0.446329    0.647128
-0.445159    0.649105
-0.443985    0.651078
-0.442808    0.653049
-0.441628    0.655017
-0.440444    0.656982
-0.439257    0.658944
-0.438066    0.660903
-0.436872    0.662859
-0.435675    0.664812
-0.434474    0.666762
-0.433269    0.668709
-0.432062    0.670653
-0.430851    0.672594
-0.429636    0.674532
-0.428418    0.676467
-0.427197    0.6784
-0.425972    0.680329
-0.424743    0.682255
-0.423512    0.684178
-0.422277    0.686097
-0.421038    0.688014
-0.419796    0.689928
-0.418551    0.691839
-0.417302    0.693746
-0.41605    0.69565
-0.414794    0.697552
-0.413535    0.69945
-0.412272    0.701345
-0.411006    0.703237
-0.409737    0.705125
-0.408464    0.707011
-0.407188    0.708893
-0.405908    0.710772
-0.404625    0.712648
-0.403339    0.714521
-0.402049    0.71639
-0.400756    0.718256
-0.399459    0.720119
-0.398159    0.721979
-0.396855    0.723835
-0.395548    0.725688
-0.394238    0.727538
-0.392924    0.729385
-0.391607    0.731228
-0.390286    0.733068
-0.388962    0.734904
-0.387634    0.736738
-0.386303    0.738568
-0.384969    0.740394
-0.383631    0.742217
-0.38229    0.744037
-0.380946    0.745854
-0.379598    0.747667
-0.378246    0.749476
-0.376891    0.751282
-0.375533    0.753085
-0.374171    0.754884
-0.372806    0.75668
-0.371438    0.758473
-0.370066    0.760262
-0.368691    0.762047
-0.367312    0.763829
-0.36593    0.765608
-0.364545    0.767383
-0.363156    0.769154
-0.361764    0.770922
-0.360368    0.772687
-0.358969    0.774448
-0.357567    0.776205
-0.356161    0.777959
-0.354752    0.779709
-0.353339    0.781455
-0.351923    0.783198
-0.350504    0.784938
-0.349081    0.786674
-0.347655    0.788406
-0.346226    0.790134
-0.344793    0.791859
-0.343357    0.79358
-0.341917    0.795298
-0.340474    0.797012
-0.339028    0.798722
-0.337578    0.800428
-0.336125    0.802131
-0.334669    0.80383
-0.333209    0.805526
-0.331746    0.807217
-0.330279    0.808905
-0.32881    0.810589
-0.327337    0.81227
-0.32586    0.813946
-0.32438    0.815619
-0.322897    0.817288
-0.32141    0.818953
-0.319921    0.820615
-0.318427    0.822272
-0.316931    0.823926
-0.315431    0.825576
-0.313928    0.827222
-0.312421    0.828864
-0.310912    0.830502
-0.309398    0.832137
-0.307882    0.833767
-0.306362    0.835394
-0.304839    0.837017
-0.303313    0.838636
-0.301783    0.840251
-0.30025    0.841861
-0.298714    0.843468
-0.297174    0.845072
-0.295632    0.846671
-0.294085    0.848266
-0.292536    0.849857
-0.290983    0.851444
-0.289427    0.853027
-0.287868    0.854606
-0.286306    0.856181
-0.28474    0.857752
-0.283171    0.859319
-0.281599    0.860882
-0.280023    0.862441
-0.278444    0.863996
-0.276862    0.865547
-0.275277    0.867093
-0.273688    0.868636
-0.272097    0.870174
-0.270502    0.871708
-0.268903    0.873238
-0.267302    0.874764
-0.265697    0.876286
-0.264089    0.877804
-0.262478    0.879318
-0.260864    0.880827
-0.259246    0.882332
-0.257626    0.883833
-0.256002    0.88533
-0.254375    0.886822
-0.252744    0.888311
-0.251111    0.889795
-0.249474    0.891274
-0.247834    0.89275
-0.246191    0.894221
-0.244545    0.895688
-0.242896    0.897151
-0.241243    0.898609
-0.239588    0.900064
-0.237929    0.901513
-0.236267    0.902959
-0.234602    0.9044
-0.232934    0.905837
-0.231262    0.907269
-0.229588    0.908698
-0.22791    0.910121
-0.22623    0.911541
-0.224546    0.912956
-0.222859    0.914366
-0.221169    0.915772
-0.219476    0.917174
-0.21778    0.918572
-0.21608    0.919964
-0.214378    0.921353
-0.212673    0.922737
-0.210964    0.924116
-0.209253    0.925492
-0.207538    0.926862
-0.20582    0.928228
-0.2041    0.92959
-0.202376    0.930947
-0.200649    0.9323
-0.198919    0.933648
-0.197186    0.934991
-0.19545    0.93633
-0.193712    0.937665
-0.19197    0.938994
-0.190225    0.94032
-0.188477    0.94164
-0.186726    0.942956
-0.184972    0.944268
-0.183215    0.945575
-0.181456    0.946877
-0.179693    0.948175
-0.177927    0.949468
-0.176158    0.950756
-0.174387    0.95204
-0.172612    0.953319
-0.170835    0.954594
-0.169054    0.955863
-0.167271    0.957128
-0.165484    0.958389
-0.163695    0.959644
-0.161903    0.960895
-0.160108    0.962141
-0.15831    0.963383
-0.156509    0.96462
-0.154706    0.965851
-0.152899    0.967079
-0.15109    0.968301
-0.149277    0.969519
-0.147462    0.970732
-0.145644    0.97194
-0.143824    0.973143
-0.142    0.974341
-0.140174    0.975535
-0.138344    0.976724
-0.136512    0.977908
-0.134677    0.979087
-0.13284    0.980261
-0.130999    0.981431
-0.129156    0.982595
-0.12731    0.983755
-0.125461    0.98491
-0.12361    0.986059
-0.121755    0.987204
-0.119898    0.988344
-0.118038    0.98948
-0.116176    0.99061
-0.114311    0.991735
-0.112443    0.992855
-0.110572    0.993971
-0.108699    0.995081
-0.106823    0.996186
-0.104944    0.997287
-0.103062    0.998382
-0.101178    0.999473
-0.0992915    1.00056
-0.0974021    1.00164
-0.09551    1.00271
-0.0936153    1.00378
-0.091718    1.00485
-0.089818    1.00591
-0.0879155    1.00696
-0.0860103    1.00802
-0.0841025    1.00906
-0.0821922    1.0101
-0.0802792    1.01113
-0.0783637    1.01216
-0.0764456    1.01319
-0.074525    1.01421
-0.0726018    1.01522
-0.0706761    1.01623
-0.0687478    1.01724
-0.0668171    1.01824
-0.0648838    1.01923
-0.062948    1.02022
-0.0610097    1.0212
-0.0590689    1.02218
-0.0571256    1.02315
-0.0551799    1.02412
-0.0532317    1.02508
-0.051281    1.02604
-0.0493279    1.02699
-0.0473724    1.02794
-0.0454144    1.02888
-0.043454    1.02982
-0.0414912    1.03075
-0.039526    1.03168
-0.0375584    1.0326
-0.0355885    1.03351
-0.0336161    1.03442
-0.0316414    1.03533
-0.0296644    1.03623
-0.027685    1.03712
-0.0257032    1.03801
-0.0237192    1.0389
-0.0217328    1.03978
-0.0197441    1.04065
-0.0177531    1.04152
-0.0157598    1.04238
-0.0137643    1.04324
-0.0117664    1.04409
-0.00976636    1.04494
-0.00776402    1.04578
-0.00575944    1.04661
-0.00375263    1.04744
-0.0017436    1.04827
0.00026764    1.04909
0.00228108    1.0499
0.00429672    1.05071
0.00631453    1.05151
0.00833452    1.05231
0.0103567    1.0531
0.012381    1.05389
0.0144074    1.05467
0.016436    1.05545
0.0184667    1.05622
0.0204995    1.05698
0.0225344    1.05774
0.0245714    1.0585
0.0266105    1.05925
0.0286516    1.05999
0.0306948    1.06073
0.0327401    1.06146
0.0347874    1.06219
0.0368367    1.06291
0.0388881    1.06362
0.0409414    1.06433
0.0429968    1.06504
0.0450541    1.06574
0.0471134    1.06643
0.0491747    1.06712
0.0512379    1.0678
0.0533031    1.06848
0.0553702    1.06915
0.0574392    1.06981
0.0595102    1.07047
0.061583    1.07113
0.0636578    1.07178
0.0657344    1.07242
0.0678128    1.07306
0.0698932    1.07369
0.0719753    1.07432
0.0740594    1.07494
0.0761452    1.07555
0.0782328    1.07616
0.0803223    1.07676
0.0824135    1.07736
0.0845065    1.07796
0.0866013    1.07854
0.0886978    1.07912
0.0907961    1.0797
0.0928961    1.08027
0.0949978    1.08083
0.0971013    1.08139
0.0992064    1.08194
0.101313    1.08249
0.103422    1.08303
0.105532    1.08357
0.107644    1.0841
0.109757    1.08462
0.111872    1.08514
0.113989    1.08565
0.116107    1.08616
0.118227    1.08666
0.120349    1.08715
0.122472    1.08764
0.124596    1.08813
0.126722    1.0886
0.12885    1.08908
0.130979    1.08954
0.13311    1.09
0.135242    1.09046
0.137376    1.09091
0.139511    1.09135
0.141648    1.09179
0.143786    1.09222
0.145925    1.09265
0.148066    1.09307
0.150209    1.09348
0.152352    1.09389
0.154498    1.09429
0.156644    1.09469
0.158792    1.09508
0.160941    1.09546
0.163092    1.09584
0.165244    1.09621
0.167397    1.09658
0.169551    1.09694
0.171707    1.0973
0.173864    1.09765
0.176023    1.09799
0.178182    1.09833
0.180343    1.09866
0.182505    1.09899
0.184668    1.09931
0.186833    1.09962
0.188998    1.09993
0.191165    1.10023
0.193333    1.10053
0.195502    1.10082
0.197673    1.1011
0.199844    1.10138
0.202017    1.10166
0.20419    1.10192
0.206365    1.10218
0.208541    1.10244
0.210717    1.10269
0.212895    1.10293
0.215074    1.10317
0.217254    1.1034
0.219435    1.10363
0.221617    1.10384
0.2238    1.10406
0.225984    1.10427
0.228168    1.10447
0.230354    1.10466
0.232541    1.10485
0.234728    1.10504
0.236917    1.10521
0.239106    1.10538
0.241297    1.10555
0.243488    1.10571
0.24568    1.10586
0.247872    1.10601
0.250066    1.10615
0.25226    1.10629
0.254456    1.10642
0.256652    1.10654
0.258848    1.10666
0.261046    1.10677
0.263244    1.10687
0.265443    1.10697
0.267643    1.10707
0.269843    1.10715
0.272044    1.10724
0.274246    1.10731
0.276448    1.10738
0.278651    1.10744
0.280855    1.1075
0.283059    1.10755
0.285264    1.1076
0.28747    1.10764
0.289676    1.10767
0.291882    1.1077
0.29409    1.10772
0.296297    1.10773
0.298505    1.10774
0.300714    1.10774
0.302923    1.10774
0.305133    1.10773
0.307343    1.10772
0.309554    1.10769
0.311765    1.10767
0.313976    1.10763
0.316188    1.10759
0.3184    1.10755
0.320613    1.1075
0.322826    1.10744
0.325039    1.10737
0.327253    1.1073
0.329467    1.10723
0.331682    1.10715
0.333896    1.10706
0.336111    1.10696
0.338326    1.10686
0.340542    1.10676
0.342757    1.10664
0.344973    1.10653
0.347189    1.1064
0.349406    1.10627
0.351622    1.10613
0.353839    1.10599
0.356056    1.10584
0.358273    1.10569
0.36049    1.10552
0.362707    1.10536
0.364924    1.10518
0.367142    1.105
0.369359    1.10482
0.371577    1.10463
0.373794    1.10443
0.376012    1.10423
0.378229    1.10402
0.380447    1.1038
0.382664    1.10358
0.384882    1.10335
0.387099    1.10311
0.389317    1.10287
0.391534    1.10263
0.393752    1.10238
0.395969    1.10212
0.398186    1.10185
0.400403    1.10158
0.40262    1.1013
0.404836    1.10102
0.407053    1.10073
0.409269    1.10044
0.411485    1.10014
0.413701    1.09983
0.415916    1.09951
0.418132    1.0992
0.420347    1.09887
0.422562    1.09854
0.424776    1.0982
0.42699    1.09786
0.429204    1.09751
0.431418    1.09715
0.433631    1.09679
0.435844    1.09642
0.438057    1.09605
0.440269    1.09567
0.44248    1.09528
0.444692    1.09489
0.446903    1.09449
0.449113    1.09408
0.451323    1.09367
0.453532    1.09326
0.455741    1.09283
0.45795    1.0924
0.460158    1.09197
0.462365    1.09153
0.464572    1.09108
0.466778    1.09063
0.468984    1.09017
0.471189    1.0897
0.473394    1.08923
0.475598    1.08876
0.477801    1.08827
0.480004    1.08778
0.482206    1.08729
0.484407    1.08679
0.486607    1.08628
0.488807    1.08576
0.491007    1.08525
0.493205    1.08472
0.495403    1.08419
0.4976    1.08365
0.499796    1.08311
0.501991    1.08256
0.504186    1.082
0.506379    1.08144
0.508572    1.08087
0.510764    1.0803
0.512955    1.07972
0.515146    1.07913
0.517335    1.07854
0.519523    1.07794
0.521711    1.07734
0.523898    1.07673
0.526083    1.07611
0.528268    1.07549
0.530452    1.07486
0.532634    1.07423
0.534816    1.07359
0.536997    1.07295
0.539177    1.07229
0.541355    1.07164
0.543533    1.07097
0.545709    1.0703
0.547885    1.06963
0.550059    1.06895
0.552232    1.06826
0.554404    1.06757
0.556575    1.06687
0.558745    1.06616
0.560913    1.06545
0.56308    1.06473
0.565247    1.06401
0.567411    1.06328
0.569575    1.06255
0.571737    1.06181
0.573899    1.06106
0.576059    1.06031
0.578217    1.05955
0.580374    1.05878
0.58253    1.05801
0.584685    1.05724
0.586838    1.05646
0.58899    1.05567
0.591141    1.05487
0.59329    1.05407
0.595438    1.05327
0.597584    1.05246
0.599729    1.05164
0.601872    1.05082
0.604014    1.04999
0.606155    1.04915
0.608294    1.04831
0.610431    1.04747
0.612567    1.04661
0.614702    1.04576
0.616835    1.04489
0.618966    1.04402
0.621096    1.04315
0.623224    1.04227
0.625351    1.04138
0.627476    1.04049
0.629599    1.03959
0.631721    1.03868
0.633841    1.03777
0.63596    1.03686
0.638077    1.03594
0.640192    1.03501
0.642305    1.03408
0.644417    1.03314
0.646527    1.03219
0.648635    1.03124
0.650741    1.03028
0.652846    1.02932
0.654949    1.02836
0.65705    1.02738
0.659149    1.0264
0.661247    1.02542
0.663342    1.02443
0.665436    1.02343
0.667528    1.02243
0.669618    1.02142
0.671706    1.02041
0.673792    1.01939
0.675877    1.01837
0.677959    1.01734
0.68004    1.0163
0.682118    1.01526
0.684195    1.01421
0.686269    1.01316
0.688342    1.0121
0.690412    1.01104
0.692481    1.00997
0.694547    1.00889
0.696611    1.00781
0.698674    1.00673
0.700734    1.00564
0.702792    1.00454
0.704848    1.00344
0.706902    1.00233
0.708954    1.00121
0.711004    1.00009
0.713052    0.998969
0.715097    0.997838
0.71714    0.996702
0.719181    0.995561
0.72122    0.994414
0.723257    0.993261
0.725291    0.992103
0.727323    0.990939
0.729353    0.98977
0.731381    0.988596
0.733406    0.987416
0.735429    0.986231
0.73745    0.98504
0.739469    0.983844
0.741485    0.982642
0.743499    0.981435
0.74551    0.980222
0.747519    0.979005
0.749526    0.977781
0.75153    0.976553
0.753532    0.975318
0.755532    0.974079
0.757529    0.972834
0.759524    0.971584
0.761516    0.970329
0.763506    0.969068
0.765493    0.967802
0.767478    0.96653
0.76946    0.965253
0.77144    0.963971
0.773417    0.962684
0.775392    0.961391
0.777364    0.960093
0.779334    0.95879
0.781301    0.957481
0.783266    0.956167
0.785228    0.954848
0.787187    0.953524
0.789144    0.952194
0.791098    0.95086
0.79305    0.94952
0.794998    0.948175
0.796945    0.946824
0.798888    0.945469
0.800829    0.944108
0.802767    0.942742
0.804703    0.941371
0.806636    0.939995
0.808566    0.938614
0.810493    0.937227
0.812418    0.935835
0.81434    0.934439
0.816259    0.933037
0.818175    0.93163
0.820088    0.930218
0.821999    0.928801
0.823907    0.927379
0.825812    0.925951
0.827714    0.924519
0.829614    0.923082
0.83151    0.921639
0.833404    0.920192
0.835295    0.91874
0.837183    0.917282
0.839068    0.91582
0.84095    0.914352
0.842829    0.91288
0.844706    0.911403
0.846579    0.90992
0.848449    0.908433
0.850317    0.906941
0.852181    0.905444
0.854043    0.903942
0.855901    0.902435
0.857757    0.900923
0.85961    0.899406
0.861459    0.897885
0.863306    0.896358
0.865149    0.894827
0.866989    0.893291
0.868827    0.89175
0.870661    0.890204
0.872492    0.888653
0.87432    0.887098
0.876145    0.885537
0.877967    0.883972
0.879786    0.882402
0.881602    0.880828
0.883414    0.879248
0.885224    0.877664
0.88703    0.876075
0.888833    0.874482
0.890633    0.872883
0.89243    0.87128
0.894223    0.869672
0.896014    0.86806
0.897801    0.866443
0.899585    0.864821
0.901366    0.863195
0.903143    0.861564
0.904917    0.859928
0.906688    0.858288
0.908456    0.856643
0.91022    0.854993
0.911982    0.853339
0.913739    0.85168
0.915494    0.850017
0.917245    0.848349
0.918993    0.846676
0.920738    0.844999
0.922479    0.843318
0.924217    0.841632
0.925952    0.839941
0.927683    0.838246
0.929411    0.836547
0.931135    0.834843
0.932856    0.833134
0.934574    0.831421
0.936288    0.829704
0.937999    0.827982
0.939707    0.826256
0.941411    0.824525
0.943112    0.82279
0.944809    0.821051
0.946503    0.819307
0.948193    0.817559
0.94988    0.815806
0.951563    0.814049
0.953243    0.812288
0.954919    0.810523
0.956592    0.808753
0.958262    0.806979
0.959928    0.8052
0.96159    0.803417
0.963249    0.80163
0.964904    0.799839
0.966556    0.798044
0.968204    0.796244
0.969849    0.79444
0.97149    0.792632
0.973128    0.79082
0.974762    0.789003
0.976392    0.787182
0.978019    0.785357
0.979642    0.783528
0.981262    0.781695
0.982878    0.779858
0.98449    0.778016
0.986099    0.776171
0.987704    0.774321
0.989305    0.772467
0.990903    0.77061
0.992497    0.768748
0.994088    0.766882
0.995675    0.765012
0.997258    0.763138
0.998838    0.76126
1.00041    0.759378
1.00199    0.757492
1.00355    0.755602
1.00512    0.753708
1.00668    0.75181
1.00824    0.749908
1.00979    0.748002
1.01134    0.746092
1.01289    0.744179
1.01443    0.742261
1.01597    0.740339
1.0175    0.738414
1.01903    0.736485
1.02056    0.734552
1.02208    0.732615
1.0236    0.730674
1.02512    0.72873
1.02663    0.726781
1.02814    0.724829
1.02965    0.722873
1.03115    0.720913
1.03264    0.71895
1.03414    0.716983
1.03563    0.715012
1.03711    0.713037
1.03859    0.711059
1.04007    0.709077
1.04155    0.707091
1.04302    0.705101
1.04448    0.703108
1.04595    0.701111
1.0474    0.699111
1.04886    0.697107
1.05031    0.695099
1.05176    0.693088
1.0532    0.691073
1.05464    0.689054
1.05607    0.687032
1.05751    0.685007
1.05893    0.682978
1.06036    0.680945
1.06178    0.678909
1.06319    0.676869
1.06461    0.674826
1.06601    0.672779
1.06742    0.670729
1.06882    0.668675
1.07021    0.666618
1.07161    0.664557
1.07299    0.662494
1.07438    0.660426
1.07576    0.658355
1.07714    0.656281
1.07851    0.654204
1.07988    0.652123
1.08124    0.650038
1.0826    0.647951
1.08396    0.64586
1.08531    0.643765
1.08666    0.641668
1.08801    0.639567
1.08935    0.637463
1.09068    0.635355
1.09202    0.633245
1.09335    0.631131
1.09467    0.629014
1.09599    0.626893
1.09731    0.624769
1.09862    0.622643
1.09993    0.620513
1.10123    0.618379
1.10253    0.616243
1.10383    0.614104
1.10512    0.611961
1.10641    0.609815
1.1077    0.607666
1.10898    0.605514
1.11025    0.603359
1.11153    0.601201
1.1128    0.59904
1.11406    0.596876
1.11532    0.594708
1.11658    0.592538
1.11783    0.590365
1.11908    0.588188
1.12032    0.586009
1.12156    0.583827
1.1228    0.581641
1.12403    0.579453
1.12526    0.577262
1.12648    0.575068
1.1277    0.57287
1.12892    0.570671
1.13013    0.568468
1.13134    0.566262
1.13254    0.564053
1.13374    0.561842
1.13493    0.559627
1.13612    0.55741
1.13731    0.55519
1.13849    0.552967
1.13967    0.550742
1.14085    0.548513
1.14202    0.546282
1.14319    0.544048
1.14435    0.541811
1.14551    0.539572
1.14666    0.53733
1.14781    0.535085
1.14896    0.532837
1.1501    0.530587
1.15124    0.528334
1.15237    0.526078
1.1535    0.52382
1.15463    0.521559
1.15575    0.519296
1.15687    0.517029
1.15798    0.51476
1.15909    0.512489
1.16019    0.510215
1.16129    0.507939
1.16239    0.505659
1.16348    0.503378
1.16457    0.501093
1.16566    0.498807
1.16674    0.496517
1.16781    0.494226
1.16888    0.491931
1.16995    0.489635
1.17102    0.487336
1.17208    0.485034
1.17313    0.48273
1.17418    0.480423
1.17523    0.478114
1.17627    0.475803
1.17731    0.473489
1.17835    0.471173
1.17938    0.468855
1.1804    0.466534
1.18143    0.464211
1.18245    0.461885
1.18346    0.459557
1.18447    0.457227
1.18548    0.454895
1.18648    0.45256
1.18748    0.450223
1.18847    0.447883
1.18946    0.445542
1.19044    0.443198
1.19143    0.440852
1.1924    0.438504
1.19338    0.436153
1.19434    0.433801
1.19531    0.431446
1.19627    0.429089
1.19723    0.42673
1.19818    0.424368
1.19913    0.422005
1.20007    0.419639
1.20101    0.417272
1.20195    0.414902
1.20288    0.41253
1.20381    0.410156
1.20473    0.40778
1.20565    0.405402
1.20657    0.403022
1.20748    0.40064
1.20838    0.398256
1.20929    0.39587
1.21019    0.393481
1.21108    0.391091
1.21197    0.388699
1.21286    0.386305
1.21374    0.383909
1.21462    0.381511
1.21549    0.379111
1.21636    0.376709
1.21723    0.374305
1.21809    0.3719
1.21895    0.369492
1.2198    0.367083
1.22065    0.364672
1.2215    0.362259
1.22234    0.359844
1.22318    0.357427
1.22401    0.355008
1.22484    0.352588
1.22567    0.350166
1.22649    0.347742
1.2273    0.345316
1.22812    0.342889
1.22893    0.34046
1.22973    0.338029
1.23053    0.335596
1.23133    0.333162
1.23212    0.330726
1.23291    0.328288
1.23369    0.325848
1.23448    0.323407
1.23525    0.320964
1.23602    0.31852
1.23679    0.316074
1.23756    0.313626
1.23832    0.311177
1.23907    0.308726
1.23982    0.306274
1.24057    0.30382
1.24132    0.301364
1.24206    0.298907
1.24279    0.296448
1.24353    0.293988
1.24425    0.291526
1.24498    0.289063
1.2457    0.286598
1.24641    0.284131
1.24712    0.281664
1.24783    0.279194
1.24854    0.276724
1.24924    0.274252
1.24993    0.271778
1.25062    0.269303
1.25131    0.266827
1.252    0.264349
1.25268    0.26187
1.25335    0.259389
1.25402    0.256907
1.25469    0.254424
1.25536    0.251939
1.25602    0.249453
1.25667    0.246965
1.25732    0.244477
1.25797    0.241987
1.25862    0.239496
1.25926    0.237003
1.25989    0.234509
1.26052    0.232014
1.26115    0.229518
1.26178    0.22702
1.2624    0.224521
1.26301    0.222021
1.26363    0.21952
1.26423    0.217017
1.26484    0.214514
1.26544    0.212009
1.26604    0.209503
1.26663    0.206996
1.26722    0.204487
1.2678    0.201978
1.26839    0.199467
1.26896    0.196956
1.26954    0.194443
1.27011    0.191929
1.27067    0.189414
1.27123    0.186898
1.27179    0.184381
1.27235    0.181862
1.2729    0.179343
1.27344    0.176823
1.27398    0.174302
1.27452    0.171779
1.27506    0.169256
1.27559    0.166732
1.27612    0.164206
1.27664    0.16168
1.27716    0.159153
1.27767    0.156624
1.27819    0.154095
1.27869    0.151565
1.2792    0.149034
1.2797    0.146502
1.28019    0.143969
1.28069    0.141436
1.28118    0.138901
1.28166    0.136366
1.28214    0.133829
1.28262    0.131292
1.28309    0.128754
1.28356    0.126215
1.28403    0.123675
1.28449    0.121135
1.28495    0.118594
1.28541    0.116051
1.28586    0.113509
1.28631    0.110965
1.28675    0.10842
1.28719    0.105875
1.28763    0.103329
1.28806    0.100783
1.28849    0.0982352
1.28891    0.095687
1.28933    0.0931382
1.28975    0.0905887
1.29017    0.0880384
1.29058    0.0854875
1.29098    0.0829359
1.29139    0.0803837
1.29179    0.0778308
1.29218    0.0752773
1.29257    0.0727231
1.29296    0.0701683
1.29335    0.0676129
1.29373    0.0650569
1.2941    0.0625004
1.29448    0.0599432
1.29485    0.0573854
1.29522    0.0548271
1.29558    0.0522682
1.29594    0.0497088
1.29629    0.0471488
1.29665    0.0445884
1.29699    0.0420273
1.29734    0.0394658
1.29768    0.0369038
1.29802    0.0343413
1.29835    0.0317783
1.29868    0.0292148
1.29901    0.0266509
1.29933    0.0240865
1.29965    0.0215217
1.29997    0.0189564
1.30028    0.0163907
1.30059    0.0138246
1.3009    0.0112581
1.3012    0.00869118
1.3015    0.00612386
1.3018    0.00355616
1.30209    0.000988088
1.30238    -0.00158035
1.30266    -0.00414914
1.30294    -0.00671828
1.30322    -0.00928776
1.30349    -0.0118576
1.30377    -0.0144277
1.30403    -0.0169981
1.3043    -0.0195689
1.30456    -0.0221399
1.30481    -0.0247112
1.30507    -0.0272828
1.30532    -0.0298547
1.30557    -0.0324268
1.30581    -0.0349992
1.30605    -0.0375718
1.30629    -0.0401447
1.30652    -0.0427178
1.30675    -0.045291
1.30698    -0.0478645
1.3072    -0.0504382
1.30742    -0.0530121
1.30764    -0.0555862
