-0.606581    -1.15884
-0.605639    -1.15742
-0.604701    -1.15599
-0.603766    -1.15457
-0.602834    -1.15313
-0.601906    -1.1517
-0.600982    -1.15026
-0.60006    -1.14882
-0.599143    -1.14737
-0.598228    -1.14592
-0.597317    -1.14447
-0.596409    -1.14301
-0.595505    -1.14156
-0.594604    -1.14009
-0.593707    -1.13863
-0.592813    -1.13716
-0.591922    -1.13569
-0.591034    -1.13421
-0.59015    -1.13273
-0.589269    -1.13125
-0.588392    -1.12976
-0.587518    -1.12828
-0.586647    -1.12678
-0.58578    -1.12529
-0.584915    -1.12379
-0.584055    -1.12229
-0.583197    -1.12078
-0.582343    -1.11928
-0.581492    -1.11776
-0.580644    -1.11625
-0.579799    -1.11473
-0.578958    -1.11321
-0.57812    -1.11169
-0.577286    -1.11016
-0.576454    -1.10863
-0.575626    -1.1071
-0.574801    -1.10556
-0.573979    -1.10402
-0.573161    -1.10248
-0.572345    -1.10093
-0.571533    -1.09938
-0.570724    -1.09783
-0.569919    -1.09627
-0.569116    -1.09471
-0.568317    -1.09315
-0.567521    -1.09159
-0.566728    -1.09002
-0.565938    -1.08845
-0.565151    -1.08687
-0.564368    -1.0853
-0.563587    -1.08372
-0.56281    -1.08213
-0.562036    -1.08055
-0.561265    -1.07896
-0.560497    -1.07737
-0.559732    -1.07577
-0.55897    -1.07417
-0.558212    -1.07257
-0.557456    -1.07097
-0.556704    -1.06936
-0.555954    -1.06775
-0.555208    -1.06613
-0.554465    -1.06452
-0.553725    -1.0629
-0.552988    -1.06128
-0.552254    -1.05965
-0.551522    -1.05802
-0.550794    -1.05639
-0.550069    -1.05476
-0.549347    -1.05312
-0.548628    -1.05148
-0.547912    -1.04984
-0.547199    -1.04819
-0.546489    -1.04654
-0.545782    -1.04489
-0.545078    -1.04324
-0.544377    -1.04158
-0.543679    -1.03992
-0.542984    -1.03826
-0.542291    -1.03659
-0.541602    -1.03492
-0.540916    -1.03325
-0.540232    -1.03158
-0.539552    -1.0299
-0.538874    -1.02822
-0.538199    -1.02653
-0.537527    -1.02485
-0.536858    -1.02316
-0.536192    -1.02147
-0.535529    -1.01977
-0.534869    -1.01808
-0.534211    -1.01638
-0.533556    -1.01467
-0.532905    -1.01297
-0.532256    -1.01126
-0.531609    -1.00955
-0.530966    -1.00784
-0.530325    -1.00612
-0.529688    -1.0044
-0.529053    -1.00268
-0.52842    -1.00095
-0.527791    -0.999227
-0.527164    -0.997497
-0.526541    -0.995764
-0.52592    -0.994028
-0.525301    -0.99229
-0.524686    -0.990549
-0.524073    -0.988805
-0.523463    -0.987059
-0.522855    -0.98531
-0.52225    -0.983558
-0.521648    -0.981804
-0.521049    -0.980047
-0.520452    -0.978287
-0.519859    -0.976525
-0.519267    -0.97476
-0.518679    -0.972992
-0.518093    -0.971222
-0.517509    -0.969449
-0.516929    -0.967674
-0.516351    -0.965896
-0.515775    -0.964115
-0.515203    -0.962332
-0.514632    -0.960546
-0.514065    -0.958757
-0.5135    -0.956966
-0.512938    -0.955173
-0.512378    -0.953376
-0.511821    -0.951578
-0.511266    -0.949776
-0.510714    -0.947972
-0.510164    -0.946166
-0.509617    -0.944357
-0.509073    -0.942545
-0.508531    -0.940731
-0.507992    -0.938914
-0.507455    -0.937095
-0.50692    -0.935274
-0.506388    -0.933449
-0.505859    -0.931623
-0.505332    -0.929794
-0.504807    -0.927962
-0.504285    -0.926128
-0.503766    -0.924291
-0.503249    -0.922452
-0.502734    -0.92061
-0.502222    -0.918766
-0.501712    -0.91692
-0.501205    -0.915071
-0.5007    -0.913219
-0.500197    -0.911366
-0.499697    -0.909509
-0.499199    -0.90765
-0.498704    -0.905789
-0.49821    -0.903926
-0.49772    -0.90206
-0.497231    -0.900191
-0.496745    -0.89832
-0.496261    -0.896447
-0.49578    -0.894571
-0.495301    -0.892693
-0.494824    -0.890813
-0.49435    -0.88893
-0.493878    -0.887045
-0.493408    -0.885158
-0.49294    -0.883268
-0.492475    -0.881375
-0.492012    -0.879481
-0.491551    -0.877584
-0.491092    -0.875685
-0.490636    -0.873783
-0.490182    -0.871879
-0.48973    -0.869973
-0.48928    -0.868064
-0.488832    -0.866153
-0.488387    -0.86424
-0.487944    -0.862324
-0.487503    -0.860407
-0.487064    -0.858487
-0.486627    -0.856564
-0.486193    -0.854639
-0.485761    -0.852712
-0.48533    -0.850783
-0.484902    -0.848852
-0.484476    -0.846918
-0.484052    -0.844982
-0.483631    -0.843044
-0.483211    -0.841103
-0.482793    -0.83916
-0.482378    -0.837215
-0.481964    -0.835268
-0.481553    -0.833319
-0.481143    -0.831367
-0.480736    -0.829413
-0.480331    -0.827457
-0.479927    -0.825499
-0.479526    -0.823538
-0.479127    -0.821576
-0.47873    -0.819611
-0.478334    -0.817644
-0.477941    -0.815675
-0.47755    -0.813703
-0.47716    -0.81173
-0.476773    -0.809754
-0.476387    -0.807776
-0.476004    -0.805796
-0.475622    -0.803814
-0.475242    -0.80183
-0.474865    -0.799843
-0.474489    -0.797855
-0.474115    -0.795864
-0.473743    -0.793871
-0.473372    -0.791876
-0.473004    -0.789879
-0.472637    -0.78788
-0.472273    -0.785879
-0.47191    -0.783876
-0.471549    -0.78187
-0.47119    -0.779863
-0.470832    -0.777853
-0.470477    -0.775841
-0.470123    -0.773828
-0.469771    -0.771812
-0.469421    -0.769794
-0.469072    -0.767774
-0.468726    -0.765752
-0.468381    -0.763728
-0.468038    -0.761702
-0.467696    -0.759674
-0.467356    -0.757644
-0.467018    -0.755612
-0.466682    -0.753578
-0.466348    -0.751542
-0.466015    -0.749504
-0.465683    -0.747464
-0.465354    -0.745422
-0.465026    -0.743378
-0.4647    -0.741332
-0.464375    -0.739284
-0.464052    -0.737234
-0.463731    -0.735182
-0.463411    -0.733128
-0.463093    -0.731072
-0.462777    -0.729014
-0.462462    -0.726955
-0.462148    -0.724893
-0.461837    -0.722829
-0.461526    -0.720764
-0.461218    -0.718696
-0.460911    -0.716627
-0.460605    -0.714555
-0.460301    -0.712482
-0.459999    -0.710407
-0.459698    -0.70833
-0.459398    -0.706251
-0.4591    -0.70417
-0.458804    -0.702088
-0.458509    -0.700003
-0.458215    -0.697917
-0.457923    -0.695828
-0.457632    -0.693738
-0.457343    -0.691646
-0.457055    -0.689552
-0.456769    -0.687457
-0.456484    -0.685359
-0.4562    -0.68326
-0.455918    -0.681158
-0.455637    -0.679055
-0.455358    -0.67695
-0.45508    -0.674844
-0.454803    -0.672735
-0.454528    -0.670625
-0.454254    -0.668513
-0.453981    -0.666399
-0.45371    -0.664284
-0.45344    -0.662166
-0.453171    -0.660047
-0.452903    -0.657926
-0.452637    -0.655803
-0.452372    -0.653679
-0.452109    -0.651552
-0.451846    -0.649424
-0.451585    -0.647295
-0.451325    -0.645163
-0.451067    -0.64303
-0.450809    -0.640895
-0.450553    -0.638759
-0.450298    -0.63662
-0.450044    -0.63448
-0.449792    -0.632338
-0.44954    -0.630195
-0.44929    -0.62805
-0.449041    -0.625903
-0.448793    -0.623754
-0.448546    -0.621604
-0.4483    -0.619452
-0.448055    -0.617299
-0.447812    -0.615143
-0.447569    -0.612987
-0.447328    -0.610828
-0.447088    -0.608668
-0.446849    -0.606506
-0.44661    -0.604343
-0.446373    -0.602178
-0.446137    -0.600011
-0.445902    -0.597843
-0.445668    -0.595673
-0.445435    -0.593501
-0.445203    -0.591328
-0.444973    -0.589154
-0.444743    -0.586977
-0.444514    -0.584799
-0.444286    -0.58262
-0.444059    -0.580439
-0.443832    -0.578256
-0.443607    -0.576072
-0.443383    -0.573887
-0.44316    -0.571699
-0.442937    -0.569511
-0.442716    -0.56732
-0.442495    -0.565128
-0.442276    -0.562935
-0.442057    -0.56074
-0.441839    -0.558544
-0.441622    -0.556346
-0.441405    -0.554147
-0.44119    -0.551946
-0.440975    -0.549743
-0.440762    -0.547539
-0.440549    -0.545334
-0.440337    -0.543127
-0.440125    -0.540919
-0.439915    -0.538709
-0.439705    -0.536498
-0.439496    -0.534285
-0.439287    -0.532071
-0.43908    -0.529856
-0.438873    -0.527639
-0.438667    -0.52542
-0.438462    -0.5232
-0.438257    -0.520979
-0.438053    -0.518757
-0.43785    -0.516533
-0.437647    -0.514307
-0.437445    -0.51208
-0.437244    -0.509852
-0.437043    -0.507622
-0.436844    -0.505391
-0.436644    -0.503159
-0.436446    -0.500925
-0.436247    -0.49869
-0.43605    -0.496454
-0.435853    -0.494216
-0.435657    -0.491977
-0.435461    -0.489737
-0.435266    -0.487495
-0.435071    -0.485252
-0.434877    -0.483008
-0.434684    -0.480762
-0.434491    -0.478515
-0.434298    -0.476267
-0.434106    -0.474017
-0.433915    -0.471766
-0.433724    -0.469514
-0.433533    -0.467261
-0.433343    -0.465006
-0.433154    -0.46275
-0.432965    -0.460493
-0.432776    -0.458234
-0.432588    -0.455975
-0.4324    -0.453714
-0.432213    -0.451452
-0.432026    -0.449188
-0.431839    -0.446924
-0.431653    -0.444658
-0.431467    -0.442391
-0.431282    -0.440123
-0.431097    -0.437854
-0.430912    -0.435583
-0.430728    -0.433311
-0.430544    -0.431039
-0.43036    -0.428765
-0.430177    -0.426489
-0.429993    -0.424213
-0.429811    -0.421935
-0.429628    -0.419657
-0.429446    -0.417377
-0.429264    -0.415096
-0.429082    -0.412814
-0.428901    -0.410531
-0.428719    -0.408247
-0.428538    -0.405961
-0.428358    -0.403675
-0.428177    -0.401387
-0.427997    -0.399099
-0.427816    -0.396809
-0.427636    -0.394518
-0.427457    -0.392227
-0.427277    -0.389934
-0.427097    -0.38764
-0.426918    -0.385345
-0.426739    -0.383049
-0.42656    -0.380752
-0.426381    -0.378454
-0.426202    -0.376155
-0.426023    -0.373855
-0.425844    -0.371553
-0.425666    -0.369251
-0.425487    -0.366948
-0.425309    -0.364644
-0.42513    -0.362339
-0.424952    -0.360033
-0.424773    -0.357726
-0.424595    -0.355418
-0.424417    -0.353109
-0.424238    -0.3508
-0.42406    -0.348489
-0.423881    -0.346177
-0.423703    -0.343865
-0.423525    -0.341551
-0.423346    -0.339237
-0.423168    -0.336921
-0.422989    -0.334605
-0.42281    -0.332288
-0.422632    -0.32997
-0.422453    -0.327651
-0.422274    -0.325331
-0.422095    -0.323011
-0.421916    -0.320689
-0.421736    -0.318367
-0.421557    -0.316044
-0.421377    -0.31372
-0.421198    -0.311395
-0.421018    -0.309069
-0.420838    -0.306743
-0.420657    -0.304415
-0.420477    -0.302087
-0.420296    -0.299759
-0.420115    -0.297429
-0.419934    -0.295098
-0.419753    -0.292767
-0.419571    -0.290435
-0.41939    -0.288102
-0.419208    -0.285769
-0.419025    -0.283435
-0.418843    -0.2811
-0.41866    -0.278764
-0.418477    -0.276428
-0.418293    -0.274091
-0.418109    -0.271753
-0.417925    -0.269414
-0.417741    -0.267075
-0.417556    -0.264735
-0.417371    -0.262394
-0.417185    -0.260053
-0.416999    -0.257711
-0.416813    -0.255368
-0.416626    -0.253025
-0.416439    -0.250681
-0.416252    -0.248337
-0.416064    -0.245991
-0.415876    -0.243646
-0.415687    -0.241299
-0.415498    -0.238952
-0.415308    -0.236604
-0.415118    -0.234256
-0.414928    -0.231907
-0.414737    -0.229558
-0.414545    -0.227208
-0.414353    -0.224857
-0.414161    -0.222506
-0.413968    -0.220155
-0.413774    -0.217802
-0.41358    -0.21545
-0.413385    -0.213096
-0.41319    -0.210742
-0.412994    -0.208388
-0.412798    -0.206033
-0.412601    -0.203678
-0.412404    -0.201322
-0.412205    -0.198966
-0.412007    -0.196609
-0.411807    -0.194252
-0.411607    -0.191894
-0.411407    -0.189536
-0.411206    -0.187177
-0.411004    -0.184818
-0.410801    -0.182459
-0.410598    -0.180099
-0.410394    -0.177738
-0.41019    -0.175377
-0.409984    -0.173016
-0.409778    -0.170655
-0.409572    -0.168293
-0.409364    -0.16593
-0.409156    -0.163568
-0.408947    -0.161205
-0.408738    -0.158841
-0.408527    -0.156477
-0.408316    -0.154113
-0.408104    -0.151749
-0.407891    -0.149384
-0.407678    -0.147019
-0.407463    -0.144653
-0.407248    -0.142287
-0.407032    -0.139921
-0.406815    -0.137555
-0.406598    -0.135188
-0.406379    -0.132821
-0.40616    -0.130454
-0.40594    -0.128087
-0.405719    -0.125719
-0.405497    -0.123351
-0.405274    -0.120983
-0.40505    -0.118615
-0.404825    -0.116246
-0.4046    -0.113877
-0.404373    -0.111508
-0.404146    -0.109139
-0.403917    -0.106769
-0.403688    -0.1044
-0.403457    -0.10203
-0.403226    -0.0996599
-0.402994    -0.0972897
-0.40276    -0.0949194
-0.402526    -0.092549
-0.402291    -0.0901784
-0.402054    -0.0878077
-0.401817    -0.0854368
-0.401579    -0.0830659
-0.401339    -0.0806948
-0.401099    -0.0783237
-0.400857    -0.0759524
-0.400615    -0.0735811
-0.400371    -0.0712097
-0.400126    -0.0688382
-0.39988    -0.0664667
-0.399633    -0.0640951
-0.399385    -0.0617234
-0.399136    -0.0593518
-0.398886    -0.0569801
-0.398634    -0.0546083
-0.398382    -0.0522366
-0.398128    -0.0498649
-0.397873    -0.0474931
-0.397617    -0.0451214
-0.39736    -0.0427497
-0.397101    -0.040378
-0.396841    -0.0380064
-0.39658    -0.0356348
-0.396318    -0.0332632
-0.396055    -0.0308917
-0.395791    -0.0285203
-0.395525    -0.026149
-0.395258    -0.0237777
-0.394989    -0.0214065
-0.39472    -0.0190354
-0.394449    -0.0166645
-0.394177    -0.0142936
-0.393903    -0.0119228
-0.393629    -0.00955223
-0.393353    -0.00718176
-0.393075    -0.00481143
-0.392797    -0.00244126
-0.392517    -7.12456e-05
-0.392235    0.0022986
-0.391953    0.00466826
-0.391669    0.00703774
-0.391383    0.00940702
-0.391097    0.0117761
-0.390808    0.014145
-0.390519    0.0165136
-0.390228    0.0188821
-0.389935    0.0212503
-0.389642    0.0236182
-0.389347    0.0259859
-0.38905    0.0283534
-0.388752    0.0307205
-0.388452    0.0330874
-0.388151    0.0354541
-0.387849    0.0378204
-0.387545    0.0401864
-0.38724    0.0425521
-0.386933    0.0449175
-0.386624    0.0472826
-0.386314    0.0496474
-0.386003    0.0520118
-0.38569    0.0543759
-0.385376    0.0567396
-0.38506    0.0591029
-0.384742    0.0614659
-0.384423    0.0638285
-0.384103    0.0661907
-0.38378    0.0685525
-0.383457    0.0709139
-0.383131    0.0732749
-0.382804    0.0756355
-0.382476    0.0779956
-0.382145    0.0803553
-0.381814    0.0827146
-0.38148    0.0850734
-0.381145    0.0874318
-0.380809    0.0897896
-0.38047    0.092147
-0.38013    0.094504
-0.379789    0.0968604
-0.379445    0.0992163
-0.3791    0.101572
-0.378754    0.103927
-0.378405    0.106281
-0.378055    0.108635
-0.377703    0.110988
-0.37735    0.113341
-0.376995    0.115693
-0.376638    0.118045
-0.376279    0.120396
-0.375918    0.122746
-0.375556    0.125096
-0.375192    0.127445
-0.374826    0.129794
-0.374459    0.132142
-0.37409    0.134489
-0.373718    0.136836
-0.373345    0.139182
-0.372971    0.141527
-0.372594    0.143872
-0.372216    0.146216
-0.371836    0.14856
-0.371454    0.150903
-0.37107    0.153245
-0.370684    0.155586
-0.370296    0.157927
-0.369907    0.160267
-0.369515    0.162606
-0.369122    0.164945
-0.368727    0.167282
-0.36833    0.169619
-0.367931    0.171956
-0.36753    0.174291
-0.367127    0.176626
-0.366723    0.17896
-0.366316    0.181293
-0.365907    0.183625
-0.365497    0.185957
-0.365084    0.188287
-0.36467    0.190617
-0.364254    0.192946
-0.363835    0.195275
-0.363415    0.197602
-0.362992    0.199929
-0.362568    0.202254
-0.362141    0.204579
-0.361713    0.206903
-0.361283    0.209226
-0.36085    0.211548
-0.360416    0.213869
-0.359979    0.216189
-0.35954    0.218509
-0.3591    0.220827
-0.358657    0.223145
-0.358212    0.225461
-0.357765    0.227777
-0.357316    0.230091
-0.356865    0.232405
-0.356412    0.234718
-0.355957    0.237029
-0.3555    0.23934
-0.35504    0.24165
-0.354578    0.243958
-0.354115    0.246266
-0.353649    0.248573
-0.353181    0.250878
-0.35271    0.253183
-0.352238    0.255486
-0.351763    0.257788
-0.351287    0.26009
-0.350808    0.26239
-0.350327    0.264689
-0.349843    0.266987
-0.349358    0.269284
-0.34887    0.27158
-0.34838    0.273875
-0.347888    0.276168
-0.347394    0.278461
-0.346897    0.280752
-0.346398    0.283042
-0.345897    0.285331
-0.345394    0.287619
-0.344888    0.289905
-0.344381    0.292191
-0.34387    0.294475
-0.343358    0.296758
-0.342843    0.29904
-0.342326    0.30132
-0.341807    0.303599
-0.341285    0.305878
-0.340761    0.308154
-0.340235    0.31043
-0.339706    0.312704
-0.339176    0.314977
-0.338642    0.317249
-0.338107    0.319519
-0.337569    0.321789
-0.337028    0.324057
-0.336486    0.326323
-0.335941    0.328588
-0.335393    0.330852
-0.334843    0.333115
-0.334291    0.335376
-0.333737    0.337636
-0.33318    0.339894
-0.33262    0.342151
-0.332058    0.344407
-0.331494    0.346661
-0.330928    0.348914
-0.330358    0.351166
-0.329787    0.353416
-0.329213    0.355665
-0.328636    0.357912
-0.328058    0.360158
-0.327476    0.362402
-0.326892    0.364645
-0.326306    0.366886
-0.325717    0.369126
-0.325126    0.371365
-0.324532    0.373602
-0.323936    0.375837
-0.323337    0.378071
-0.322736    0.380304
-0.322132    0.382534
-0.321526    0.384764
-0.320917    0.386992
-0.320306    0.389218
-0.319692    0.391443
-0.319076    0.393666
-0.318457    0.395888
-0.317835    0.398108
-0.317211    0.400326
-0.316584    0.402543
-0.315955    0.404758
-0.315323    0.406972
-0.314689    0.409184
-0.314052    0.411394
-0.313412    0.413603
-0.31277    0.41581
-0.312125    0.418015
-0.311478    0.420219
-0.310828    0.422421
-0.310175    0.424621
-0.30952    0.42682
-0.308862    0.429017
-0.308201    0.431212
-0.307538    0.433406
-0.306872    0.435598
-0.306204    0.437788
-0.305533    0.439976
-0.304859    0.442163
-0.304183    0.444348
-0.303503    0.446531
-0.302822    0.448712
-0.302137    0.450892
-0.30145    0.453069
-0.30076    0.455245
-0.300067    0.457419
-0.299372    0.459592
-0.298674    0.461762
-0.297973    0.463931
-0.29727    0.466098
-0.296564    0.468263
-0.295855    0.470426
-0.295143    0.472587
-0.294429    0.474746
-0.293711    0.476904
-0.292992    0.479059
-0.292269    0.481213
-0.291544    0.483365
-0.290815    0.485515
-0.290084    0.487662
-0.289351    0.489808
-0.288614    0.491953
-0.287875    0.494095
-0.287133    0.496235
-0.286388    0.498373
-0.28564    0.500509
-0.28489    0.502643
-0.284136    0.504775
-0.28338    0.506906
-0.282621    0.509034
-0.28186    0.51116
-0.281095    0.513284
-0.280328    0.515406
-0.279557    0.517526
-0.278784    0.519644
-0.278008    0.52176
-0.27723    0.523874
-0.276448    0.525986
-0.275664    0.528096
-0.274876    0.530203
-0.274086    0.532309
-0.273293    0.534412
-0.272497    0.536514
-0.271698    0.538613
-0.270896    0.54071
-0.270092    0.542805
-0.269284    0.544898
-0.268474    0.546988
-0.26766    0.549077
-0.266844    0.551163
-0.266025    0.553247
-0.265203    0.555329
-0.264378    0.557408
-0.26355    0.559486
-0.262719    0.561561
-0.261886    0.563634
-0.261049    0.565705
-0.260209    0.567773
-0.259367    0.569839
-0.258521    0.571903
-0.257673    0.573965
-0.256821    0.576025
-0.255967    0.578082
-0.25511    0.580137
-0.254249    0.582189
-0.253386    0.584239
-0.25252    0.586287
-0.251651    0.588333
-0.250778    0.590376
-0.249903    0.592417
-0.249025    0.594456
-0.248144    0.596492
-0.24726    0.598526
-0.246372    0.600557
-0.245482    0.602586
-0.244589    0.604613
-0.243693    0.606637
-0.242794    0.608659
-0.241891    0.610678
-0.240986    0.612695
-0.240078    0.61471
-0.239167    0.616722
-0.238252    0.618732
-0.237335    0.620739
-0.236415    0.622743
-0.235491    0.624746
-0.234565    0.626745
-0.233635    0.628743
-0.232702    0.630737
-0.231767    0.63273
-0.230828    0.634719
-0.229886    0.636706
-0.228941    0.638691
-0.227994    0.640673
-0.227043    0.642653
-0.226089    0.64463
-0.225131    0.646604
-0.224171    0.648576
-0.223208    0.650545
-0.222242    0.652511
-0.221272    0.654475
-0.2203    0.656437
-0.219324    0.658396
-0.218345    0.660352
-0.217363    0.662305
-0.216378    0.664256
-0.21539    0.666204
-0.214399    0.66815
-0.213405    0.670092
-0.212407    0.672033
-0.211407    0.67397
-0.210403    0.675905
-0.209397    0.677837
-0.208387    0.679766
-0.207374    0.681693
-0.206358    0.683616
-0.205338    0.685537
-0.204316    0.687456
-0.20329    0.689371
-0.202262    0.691284
-0.20123    0.693194
-0.200195    0.695101
-0.199157    0.697006
-0.198115    0.698908
-0.197071    0.700806
-0.196023    0.702702
-0.194973    0.704596
-0.193919    0.706486
-0.192862    0.708373
-0.191802    0.710258
-0.190738    0.71214
-0.189672    0.714019
-0.188602    0.715895
-0.187529    0.717768
-0.186453    0.719638
-0.185374    0.721505
-0.184291    0.72337
-0.183206    0.725231
-0.182117    0.72709
-0.181025    0.728945
-0.17993    0.730798
-0.178831    0.732648
-0.17773    0.734494
-0.176625    0.736338
-0.175517    0.738179
-0.174406    0.740017
-0.173292    0.741851
-0.172174    0.743683
-0.171053    0.745512
-0.16993    0.747338
-0.168802    0.74916
-0.167672    0.75098
-0.166539    0.752797
-0.165402    0.75461
-0.164262    0.756421
-0.163119    0.758228
-0.161972    0.760032
-0.160823    0.761833
-0.15967    0.763631
-0.158514    0.765426
-0.157355    0.767218
-0.156192    0.769007
-0.155027    0.770793
-0.153858    0.772575
-0.152685    0.774354
-0.15151    0.77613
-0.150332    0.777903
-0.14915    0.779673
-0.147965    0.78144
-0.146776    0.783203
-0.145585    0.784963
-0.14439    0.78672
-0.143192    0.788474
-0.141991    0.790224
-0.140787    0.791971
-0.139579    0.793715
-0.138368    0.795456
-0.137154    0.797194
-0.135937    0.798928
-0.134716    0.800659
-0.133492    0.802386
-0.132265    0.80411
-0.131035    0.805831
-0.129801    0.807549
-0.128564    0.809263
-0.127324    0.810974
-0.126081    0.812682
-0.124835    0.814386
-0.123585    0.816087
-0.122332    0.817785
-0.121076    0.819479
-0.119816    0.821169
-0.118553    0.822857
-0.117287    0.824541
-0.116018    0.826221
-0.114746    0.827898
-0.11347    0.829572
-0.112191    0.831242
-0.110909    0.832909
-0.109623    0.834572
-0.108334    0.836232
-0.107043    0.837889
-0.105747    0.839541
-0.104449    0.841191
-0.103147    0.842837
-0.101842    0.844479
-0.100534    0.846118
-0.0992226    0.847753
-0.0979079    0.849385
-0.09659    0.851013
-0.0952688    0.852638
-0.0939444    0.854259
-0.0926167    0.855876
-0.0912858    0.85749
-0.0899516    0.859101
-0.0886142    0.860707
-0.0872736    0.86231
-0.0859297    0.86391
-0.0845826    0.865506
-0.0832322    0.867098
-0.0818786    0.868687
-0.0805218    0.870272
-0.0791617    0.871853
-0.0777984    0.87343
-0.0764318    0.875004
-0.075062    0.876575
-0.073689    0.878141
-0.0723127    0.879704
-0.0709332    0.881263
-0.0695504    0.882818
-0.0681645    0.88437
-0.0667753    0.885918
-0.0653828    0.887462
-0.0639871    0.889003
-0.0625882    0.890539
-0.0611861    0.892072
-0.0597808    0.893601
-0.0583722    0.895126
-0.0569604    0.896648
-0.0555453    0.898165
-0.0541271    0.899679
-0.0527056    0.901189
-0.0512809    0.902695
-0.049853    0.904198
-0.0484219    0.905696
-0.0469875    0.907191
-0.04555    0.908682
-0.0441092    0.910168
-0.0426652    0.911651
-0.0412181    0.91313
-0.0397677    0.914605
-0.0383141    0.916077
-0.0368573    0.917544
-0.0353973    0.919007
-0.033934    0.920467
-0.0324676    0.921922
-0.030998    0.923374
-0.0295252    0.924821
-0.0280492    0.926265
-0.0265701    0.927704
-0.0250877    0.92914
-0.0236021    0.930571
-0.0221134    0.931999
-0.0206215    0.933422
-0.0191264    0.934842
-0.0176281    0.936257
-0.0161266    0.937669
-0.014622    0.939076
-0.0131142    0.940479
-0.0116032    0.941878
-0.0100891    0.943273
-0.00857176    0.944664
-0.00705129    0.946051
-0.00552766    0.947434
-0.00400088    0.948813
-0.00247094    0.950187
-0.000937846    0.951558
0.000598395    0.952924
0.00213778    0.954286
0.00368031    0.955644
0.00522598    0.956998
0.00677479    0.958347
0.00832674    0.959693
0.00988182    0.961034
0.01144    0.962371
0.0130014    0.963703
0.0145658    0.965032
0.0161334    0.966356
0.0177041    0.967676
0.0192779    0.968992
0.0208548    0.970304
0.0224349    0.971611
0.024018    0.972914
0.0256042    0.974212
0.0271936    0.975507
0.028786    0.976797
0.0303815    0.978083
0.0319801    0.979364
0.0335818    0.980641
0.0351866    0.981914
0.0367944    0.983182
0.0384054    0.984446
0.0400194    0.985706
0.0416364    0.986961
0.0432566    0.988212
0.0448797    0.989459
0.046506    0.990701
0.0481353    0.991939
0.0497676    0.993172
0.051403    0.994401
0.0530414    0.995625
0.0546829    0.996845
0.0563274    0.998061
0.0579749    0.999272
0.0596255    1.00048
0.061279    1.00168
0.0629356    1.00288
0.0645952    1.00407
0.0662578    1.00526
0.0679234    1.00644
0.069592    1.00762
0.0712636    1.0088
0.0729382    1.00997
0.0746157    1.01114
0.0762963    1.0123
0.0779798    1.01345
0.0796663    1.01461
0.0813558    1.01575
0.0830482    1.0169
0.0847436    1.01803
0.0864419    1.01917
0.0881432    1.0203
0.0898474    1.02142
0.0915546    1.02254
0.0932647    1.02366
0.0949777    1.02477
0.0966937    1.02587
0.0984126    1.02698
0.100134    1.02807
0.101859    1.02916
0.103587    1.03025
0.105317    1.03133
0.10705    1.03241
0.108787    1.03349
0.110526    1.03455
0.112268    1.03562
0.114013    1.03668
0.115761    1.03773
0.117511    1.03878
0.119265    1.03982
0.121021    1.04086
0.12278    1.0419
0.124542    1.04293
0.126307    1.04396
0.128075    1.04498
0.129845    1.04599
0.131618    1.047
0.133395    1.04801
0.135173    1.04901
0.136955    1.05001
0.13874    1.051
0.140527    1.05198
0.142317    1.05297
0.14411    1.05394
0.145905    1.05492
0.147704    1.05588
0.149505    1.05684
0.151309    1.0578
0.153115    1.05875
0.154925    1.0597
0.156737    1.06064
0.158552    1.06158
0.160369    1.06251
0.162189    1.06344
0.164012    1.06436
0.165838    1.06528
0.167666    1.06619
0.169497    1.0671
0.171331    1.06801
0.173167    1.0689
0.175006    1.0698
0.176848    1.07068
0.178692    1.07157
0.180539    1.07244
0.182388    1.07331
0.184241    1.07418
0.186095    1.07504
0.187953    1.0759
0.189813    1.07675
0.191675    1.0776
0.193541    1.07844
0.195408    1.07928
0.197279    1.08011
0.199152    1.08094
0.201027    1.08176
0.202905    1.08257
0.204786    1.08338
0.206669    1.08419
0.208555    1.08499
0.210443    1.08579
0.212333    1.08658
0.214227    1.08736
0.216122    1.08814
0.218021    1.08892
0.219921    1.08969
0.221824    1.09045
0.22373    1.09121
0.225638    1.09196
0.227549    1.09271
0.229462    1.09345
0.231377    1.09419
0.233295    1.09492
0.235215    1.09565
0.237138    1.09637
0.239063    1.09709
0.24099    1.0978
0.24292    1.09851
0.244852    1.09921
0.246787    1.09991
0.248724    1.1006
0.250663    1.10128
0.252605    1.10196
0.254549    1.10263
0.256495    1.1033
0.258444    1.10397
0.260395    1.10462
0.262348    1.10528
0.264303    1.10592
0.266261    1.10657
0.268221    1.1072
0.270184    1.10783
0.272148    1.10846
0.274115    1.10908
0.276084    1.10969
0.278055    1.1103
0.280029    1.11091
0.282005    1.1115
0.283982    1.1121
0.285963    1.11268
0.287945    1.11327
0.289929    1.11384
0.291916    1.11441
0.293905    1.11498
0.295896    1.11554
0.297889    1.11609
0.299884    1.11664
0.301881    1.11719
0.303881    1.11772
0.305882    1.11826
0.307886    1.11878
0.309891    1.1193
0.311899    1.11982
0.313909    1.12033
0.315921    1.12083
0.317934    1.12133
0.31995    1.12183
0.321968    1.12231
0.323988    1.1228
0.32601    1.12327
0.328034    1.12374
0.33006    1.12421
0.332087    1.12467
0.334117    1.12512
0.336149    1.12557
0.338182    1.12601
0.340218    1.12645
0.342256    1.12688
0.344295    1.12731
0.346336    1.12773
0.348379    1.12814
0.350424    1.12855
0.352471    1.12895
0.35452    1.12935
0.35657    1.12974
0.358623    1.13013
0.360677    1.13051
0.362733    1.13088
0.364791    1.13125
0.36685    1.13161
0.368912    1.13197
0.370975    1.13232
0.37304    1.13267
0.375106    1.13301
0.377175    1.13334
0.379245    1.13367
0.381316    1.13399
0.38339    1.13431
0.385465    1.13462
0.387542    1.13493
0.38962    1.13522
0.3917    1.13552
0.393782    1.13581
0.395865    1.13609
0.39795    1.13636
0.400037    1.13663
0.402125    1.1369
0.404215    1.13716
0.406306    1.13741
0.408399    1.13766
0.410493    1.1379
0.412589    1.13813
0.414687    1.13836
0.416786    1.13859
0.418886    1.1388
0.420988    1.13902
0.423092    1.13922
0.425196    1.13942
0.427303    1.13961
0.429411    1.1398
0.43152    1.13999
0.43363    1.14016
0.435742    1.14033
0.437856    1.1405
0.43997    1.14065
0.442087    1.14081
0.444204    1.14095
0.446323    1.14109
0.448443    1.14123
0.450565    1.14136
0.452687    1.14148
0.454811    1.1416
0.456937    1.14171
0.459063    1.14181
0.461191    1.14191
0.46332    1.14201
0.46545    1.14209
0.467582    1.14217
0.469715    1.14225
0.471849    1.14232
0.473984    1.14238
0.47612    1.14244
0.478257    1.14249
0.480396    1.14253
0.482536    1.14257
0.484676    1.14261
0.486818    1.14263
0.488961    1.14265
0.491105    1.14267
0.49325    1.14268
0.495396    1.14268
0.497544    1.14268
0.499692    1.14267
0.501841    1.14265
0.503991    1.14263
0.506142    1.1426
0.508294    1.14257
0.510447    1.14253
0.512601    1.14248
0.514756    1.14243
0.516912    1.14237
0.519069    1.14231
0.521227    1.14224
0.523385    1.14216
0.525544    1.14208
0.527705    1.14199
0.529866    1.1419
0.532028    1.1418
0.53419    1.14169
0.536354    1.14158
0.538518    1.14146
0.540683    1.14133
0.542849    1.1412
0.545015    1.14107
0.547182    1.14092
0.54935    1.14077
0.551519    1.14062
0.553688    1.14046
0.555858    1.14029
0.558029    1.14011
0.5602    1.13993
0.562372    1.13975
0.564544    1.13955
0.566717    1.13936
0.568891    1.13915
0.571065    1.13894
0.57324    1.13872
0.575415    1.1385
0.577591    1.13827
0.579768    1.13803
0.581944    1.13779
0.584122    1.13754
0.5863    1.13729
0.588478    1.13703
0.590656    1.13676
0.592836    1.13649
0.595015    1.13621
0.597195    1.13593
0.599375    1.13564
0.601556    1.13534
0.603737    1.13504
0.605919    1.13473
0.6081    1.13441
0.610282    1.13409
0.612465    1.13376
0.614647    1.13342
0.61683    1.13308
0.619013    1.13274
0.621197    1.13238
0.62338    1.13203
0.625564    1.13166
0.627748    1.13129
0.629932    1.13091
0.632117    1.13053
0.634301    1.13014
0.636486    1.12974
0.63867    1.12934
0.640855    1.12893
0.64304    1.12851
0.645225    1.12809
0.64741    1.12766
0.649596    1.12723
0.651781    1.12679
0.653966    1.12634
0.656151    1.12589
0.658336    1.12543
0.660521    1.12497
0.662707    1.1245
0.664892    1.12402
0.667077    1.12354
0.669261    1.12305
0.671446    1.12255
0.673631    1.12205
