-0.406325    -1.2443
-0.404182    -1.24408
-0.40204    -1.24385
-0.399901    -1.24361
-0.397762    -1.24336
-0.395626    -1.24311
-0.393491    -1.24285
-0.391357    -1.24259
-0.389226    -1.24232
-0.387096    -1.24205
-0.384968    -1.24177
-0.382842    -1.24148
-0.380718    -1.24119
-0.378595    -1.24089
-0.376474    -1.24059
-0.374355    -1.24028
-0.372238    -1.23996
-0.370122    -1.23964
-0.368009    -1.23931
-0.365897    -1.23898
-0.363787    -1.23864
-0.361679    -1.23829
-0.359573    -1.23794
-0.357469    -1.23758
-0.355367    -1.23722
-0.353267    -1.23685
-0.351169    -1.23647
-0.349072    -1.23609
-0.346978    -1.23571
-0.344886    -1.23531
-0.342795    -1.23492
-0.340707    -1.23451
-0.33862    -1.2341
-0.336536    -1.23369
-0.334454    -1.23327
-0.332373    -1.23284
-0.330295    -1.23241
-0.328219    -1.23197
-0.326145    -1.23152
-0.324073    -1.23107
-0.322003    -1.23062
-0.319935    -1.23015
-0.31787    -1.22969
-0.315806    -1.22921
-0.313745    -1.22874
-0.311685    -1.22825
-0.309628    -1.22776
-0.307574    -1.22726
-0.305521    -1.22676
-0.30347    -1.22626
-0.301422    -1.22574
-0.299376    -1.22522
-0.297332    -1.2247
-0.295291    -1.22417
-0.293251    -1.22363
-0.291214    -1.22309
-0.28918    -1.22255
-0.287147    -1.22199
-0.285117    -1.22144
-0.283089    -1.22087
-0.281063    -1.2203
-0.27904    -1.21973
-0.277019    -1.21915
-0.275    -1.21856
-0.272984    -1.21797
-0.27097    -1.21737
-0.268959    -1.21677
-0.26695    -1.21616
-0.264943    -1.21555
-0.262939    -1.21493
-0.260937    -1.2143
-0.258937    -1.21367
-0.25694    -1.21304
-0.254946    -1.2124
-0.252953    -1.21175
-0.250964    -1.2111
-0.248976    -1.21044
-0.246992    -1.20978
-0.245009    -1.20911
-0.24303    -1.20843
-0.241052    -1.20775
-0.239077    -1.20707
-0.237105    -1.20638
-0.235135    -1.20568
-0.233168    -1.20498
-0.231204    -1.20427
-0.229241    -1.20356
-0.227282    -1.20284
-0.225325    -1.20212
-0.223371    -1.20139
-0.221419    -1.20066
-0.21947    -1.19992
-0.217523    -1.19918
-0.215579    -1.19843
-0.213638    -1.19767
-0.211699    -1.19691
-0.209763    -1.19615
-0.20783    -1.19538
-0.205899    -1.1946
-0.203971    -1.19382
-0.202046    -1.19303
-0.200123    -1.19224
-0.198203    -1.19144
-0.196286    -1.19064
-0.194371    -1.18983
-0.192459    -1.18902
-0.19055    -1.1882
-0.188643    -1.18738
-0.18674    -1.18655
-0.184839    -1.18572
-0.18294    -1.18488
-0.181045    -1.18404
-0.179152    -1.18319
-0.177262    -1.18233
-0.175375    -1.18147
-0.173491    -1.18061
-0.171609    -1.17974
-0.169731    -1.17886
-0.167855    -1.17798
-0.165982    -1.1771
-0.164111    -1.17621
-0.162244    -1.17531
-0.160379    -1.17441
-0.158518    -1.17351
-0.156659    -1.1726
-0.154803    -1.17168
-0.152949    -1.17076
-0.151099    -1.16984
-0.149252    -1.1689
-0.147407    -1.16797
-0.145566    -1.16703
-0.143727    -1.16608
-0.141891    -1.16513
-0.140058    -1.16418
-0.138228    -1.16322
-0.136401    -1.16225
-0.134577    -1.16128
-0.132756    -1.1603
-0.130937    -1.15932
-0.129122    -1.15834
-0.12731    -1.15735
-0.1255    -1.15635
-0.123694    -1.15535
-0.121891    -1.15435
-0.12009    -1.15334
-0.118293    -1.15232
-0.116498    -1.1513
-0.114707    -1.15028
-0.112918    -1.14925
-0.111133    -1.14822
-0.10935    -1.14718
-0.107571    -1.14613
-0.105794    -1.14509
-0.104021    -1.14403
-0.102251    -1.14297
-0.100483    -1.14191
-0.0987192    -1.14084
-0.0969581    -1.13977
-0.0951999    -1.13869
-0.0934449    -1.13761
-0.0916929    -1.13652
-0.089944    -1.13543
-0.0881981    -1.13434
-0.0864554    -1.13324
-0.0847157    -1.13213
-0.0829792    -1.13102
-0.0812457    -1.12991
-0.0795153    -1.12879
-0.0777881    -1.12766
-0.0760639    -1.12653
-0.0743429    -1.1254
-0.072625    -1.12426
-0.0709103    -1.12312
-0.0691986    -1.12197
-0.0674901    -1.12082
-0.0657848    -1.11966
-0.0640825    -1.1185
-0.0623835    -1.11734
-0.0606876    -1.11617
-0.0589948    -1.11499
-0.0573052    -1.11381
-0.0556188    -1.11263
-0.0539355    -1.11144
-0.0522555    -1.11025
-0.0505786    -1.10905
-0.0489048    -1.10785
-0.0472343    -1.10664
-0.045567    -1.10543
-0.0439028    -1.10421
-0.0422419    -1.10299
-0.0405841    -1.10177
-0.0389296    -1.10054
-0.0372783    -1.09931
-0.0356301    -1.09807
-0.0339852    -1.09683
-0.0323436    -1.09558
-0.0307051    -1.09433
-0.0290699    -1.09307
-0.0274379    -1.09181
-0.0258091    -1.09055
-0.0241836    -1.08928
-0.0225613    -1.08801
-0.0209422    -1.08673
-0.0193264    -1.08545
-0.0177139    -1.08416
-0.0161046    -1.08287
-0.0144986    -1.08158
-0.0128958    -1.08028
-0.0112963    -1.07897
-0.0097    -1.07767
-0.00810701    -1.07636
-0.00651729    -1.07504
-0.00493085    -1.07372
-0.00334768    -1.07239
-0.00176779    -1.07107
-0.000191185    -1.06973
0.00138214    -1.0684
0.00295218    -1.06705
0.00451893    -1.06571
0.00608239    -1.06436
0.00764255    -1.06301
0.00919942    -1.06165
0.010753    -1.06028
0.0123033    -1.05892
0.0138502    -1.05755
0.0153939    -1.05617
0.0169342    -1.05479
0.0184713    -1.05341
0.020005    -1.05202
0.0215354    -1.05063
0.0230625    -1.04924
0.0245863    -1.04784
0.0261068    -1.04643
0.0276239    -1.04503
0.0291377    -1.04362
0.0306482    -1.0422
0.0321554    -1.04078
0.0336592    -1.03936
0.0351598    -1.03793
0.0366569    -1.0365
0.0381508    -1.03506
0.0396413    -1.03362
0.0411285    -1.03218
0.0426123    -1.03073
0.0440928    -1.02928
0.0455699    -1.02782
0.0470438    -1.02636
0.0485142    -1.0249
0.0499813    -1.02343
0.0514451    -1.02196
0.0529056    -1.02049
0.0543626    -1.01901
0.0558164    -1.01753
0.0572668    -1.01604
0.0587138    -1.01455
0.0601575    -1.01305
0.0615978    -1.01156
0.0630348    -1.01005
0.0644684    -1.00855
0.0658986    -1.00704
0.0673255    -1.00552
0.0687491    -1.00401
0.0701693    -1.00249
0.0715861    -1.00096
0.0729996    -0.999431
0.0744097    -0.997899
0.0758164    -0.996362
0.0772198    -0.994822
0.0786198    -0.993278
0.0800165    -0.991731
0.0814098    -0.99018
0.0827997    -0.988625
0.0841863    -0.987066
0.0855695    -0.985503
0.0869493    -0.983937
0.0883258    -0.982368
0.0896989    -0.980794
0.0910687    -0.979217
0.0924351    -0.977636
0.0937981    -0.976052
0.0951577    -0.974464
0.096514    -0.972872
0.0978669    -0.971277
0.0992165    -0.969678
0.100563    -0.968076
0.101906    -0.96647
0.103245    -0.96486
0.104581    -0.963247
0.105914    -0.96163
0.107243    -0.96001
0.108569    -0.958386
0.109892    -0.956759
0.111211    -0.955128
0.112527    -0.953494
0.11384    -0.951856
0.115149    -0.950214
0.116455    -0.948569
0.117757    -0.946921
0.119056    -0.945269
0.120352    -0.943614
0.121644    -0.941955
0.122933    -0.940293
0.124219    -0.938627
0.125501    -0.936958
0.12678    -0.935286
0.128056    -0.93361
0.129328    -0.931931
0.130597    -0.930248
0.131863    -0.928562
0.133125    -0.926872
0.134384    -0.92518
0.135639    -0.923483
0.136892    -0.921784
0.13814    -0.920081
0.139386    -0.918375
0.140628    -0.916666
0.141867    -0.914953
0.143102    -0.913237
0.144334    -0.911517
0.145563    -0.909795
0.146789    -0.908069
0.148011    -0.906339
0.149229    -0.904607
0.150445    -0.902871
0.151657    -0.901132
0.152866    -0.89939
0.154071    -0.897645
0.155273    -0.895896
0.156472    -0.894144
0.157667    -0.892389
0.158859    -0.890631
0.160048    -0.88887
0.161234    -0.887105
0.162416    -0.885337
0.163595    -0.883567
0.16477    -0.881793
0.165943    -0.880015
0.167111    -0.878235
0.168277    -0.876452
0.169439    -0.874665
0.170598    -0.872876
0.171754    -0.871083
0.172906    -0.869287
0.174056    -0.867488
0.175201    -0.865686
0.176344    -0.863881
0.177483    -0.862073
0.178619    -0.860262
0.179752    -0.858448
0.180881    -0.856631
0.182007    -0.854811
0.18313    -0.852988
0.184249    -0.851161
0.185365    -0.849332
0.186478    -0.8475
0.187588    -0.845665
0.188695    -0.843827
0.189798    -0.841986
0.190898    -0.840142
0.191994    -0.838295
0.193087    -0.836445
0.194178    -0.834593
0.195264    -0.832737
0.196348    -0.830878
0.197428    -0.829017
0.198505    -0.827153
0.199579    -0.825285
0.20065    -0.823415
0.201717    -0.821542
0.202781    -0.819666
0.203842    -0.817788
0.2049    -0.815906
0.205954    -0.814022
0.207006    -0.812135
0.208054    -0.810245
0.209099    -0.808352
0.21014    -0.806457
0.211178    -0.804558
0.212214    -0.802657
0.213246    -0.800753
0.214274    -0.798847
0.2153    -0.796937
0.216322    -0.795025
0.217341    -0.79311
0.218357    -0.791193
0.21937    -0.789272
0.22038    -0.787349
0.221386    -0.785424
0.222389    -0.783495
0.223389    -0.781564
0.224386    -0.77963
0.22538    -0.777694
0.226371    -0.775755
0.227358    -0.773813
0.228342    -0.771869
0.229323    -0.769922
0.230301    -0.767972
0.231276    -0.76602
0.232248    -0.764065
0.233216    -0.762107
0.234182    -0.760147
0.235144    -0.758185
0.236103    -0.756219
0.237059    -0.754252
0.238012    -0.752281
0.238962    -0.750308
0.239908    -0.748333
0.240852    -0.746355
0.241792    -0.744374
0.24273    -0.742391
0.243664    -0.740406
0.244595    -0.738418
0.245523    -0.736427
0.246448    -0.734434
0.24737    -0.732439
0.248289    -0.730441
0.249204    -0.72844
0.250117    -0.726437
0.251027    -0.724432
0.251933    -0.722424
0.252837    -0.720414
0.253737    -0.718401
0.254634    -0.716386
0.255529    -0.714369
0.25642    -0.712349
0.257308    -0.710327
0.258193    -0.708302
0.259076    -0.706275
0.259955    -0.704246
0.260831    -0.702214
0.261704    -0.70018
0.262574    -0.698144
0.263441    -0.696105
0.264305    -0.694064
0.265167    -0.692021
0.266025    -0.689975
0.26688    -0.687927
0.267732    -0.685877
0.268581    -0.683824
0.269427    -0.68177
0.27027    -0.679713
0.271111    -0.677653
0.271948    -0.675592
0.272782    -0.673528
0.273614    -0.671462
0.274442    -0.669394
0.275268    -0.667323
0.27609    -0.665251
0.27691    -0.663176
0.277726    -0.661099
0.27854    -0.659019
0.279351    -0.656938
0.280159    -0.654854
0.280964    -0.652769
0.281766    -0.650681
0.282565    -0.648591
0.283362    -0.646499
0.284155    -0.644404
0.284945    -0.642308
0.285733    -0.640209
0.286518    -0.638109
0.2873    -0.636006
0.288079    -0.633901
0.288855    -0.631794
0.289628    -0.629685
0.290399    -0.627574
0.291166    -0.625461
0.291931    -0.623346
0.292693    -0.621229
0.293452    -0.61911
0.294209    -0.616989
0.294962    -0.614865
0.295713    -0.61274
0.296461    -0.610613
0.297206    -0.608484
0.297948    -0.606352
0.298687    -0.604219
0.299424    -0.602084
0.300158    -0.599947
0.300889    -0.597808
0.301617    -0.595667
0.302343    -0.593524
0.303066    -0.591379
0.303786    -0.589232
0.304503    -0.587084
0.305218    -0.584933
0.305929    -0.582781
0.306638    -0.580626
0.307345    -0.57847
0.308048    -0.576312
0.308749    -0.574152
0.309448    -0.57199
0.310143    -0.569827
0.310836    -0.567661
0.311526    -0.565494
0.312213    -0.563325
0.312898    -0.561154
0.31358    -0.558981
0.314259    -0.556806
0.314936    -0.55463
0.31561    -0.552452
0.316282    -0.550272
0.31695    -0.54809
0.317616    -0.545907
0.31828    -0.543722
0.318941    -0.541535
0.319599    -0.539346
0.320255    -0.537156
0.320908    -0.534964
0.321558    -0.53277
0.322206    -0.530575
0.322851    -0.528377
0.323493    -0.526178
0.324133    -0.523978
0.324771    -0.521776
0.325406    -0.519572
0.326038    -0.517366
0.326668    -0.515159
0.327295    -0.51295
0.327919    -0.51074
0.328541    -0.508528
0.329161    -0.506314
0.329778    -0.504099
0.330392    -0.501882
0.331004    -0.499663
0.331614    -0.497443
0.332221    -0.495222
0.332825    -0.492999
0.333427    -0.490774
0.334027    -0.488548
0.334624    -0.48632
0.335218    -0.48409
0.33581    -0.481859
0.3364    -0.479627
0.336987    -0.477393
0.337572    -0.475158
0.338154    -0.472921
0.338734    -0.470682
0.339311    -0.468442
0.339886    -0.466201
0.340458    -0.463958
0.341029    -0.461714
0.341596    -0.459468
0.342162    -0.457221
0.342725    -0.454973
0.343285    -0.452723
0.343843    -0.450471
0.344399    -0.448218
0.344953    -0.445964
0.345504    -0.443709
0.346052    -0.441452
0.346599    -0.439193
0.347143    -0.436934
0.347684    -0.434672
0.348224    -0.43241
0.348761    -0.430146
0.349296    -0.427881
0.349828    -0.425615
0.350358    -0.423347
0.350886    -0.421078
0.351412    -0.418808
0.351935    -0.416536
0.352456    -0.414263
0.352975    -0.411989
0.353491    -0.409713
0.354006    -0.407437
0.354518    -0.405159
0.355027    -0.402879
0.355535    -0.400599
0.35604    -0.398317
0.356543    -0.396034
0.357044    -0.39375
0.357543    -0.391465
0.35804    -0.389178
0.358534    -0.38689
0.359026    -0.384602
0.359516    -0.382311
0.360004    -0.38002
0.360489    -0.377728
0.360973    -0.375434
0.361454    -0.37314
0.361933    -0.370844
0.36241    -0.368547
0.362885    -0.366249
0.363358    -0.363949
0.363829    -0.361649
0.364297    -0.359348
0.364764    -0.357045
0.365228    -0.354742
0.365691    -0.352437
0.366151    -0.350132
0.366609    -0.347825
