0.360498    -0.378415
0.360982    -0.376122
0.361464    -0.373828
0.361944    -0.371532
0.362422    -0.369235
0.362897    -0.366938
0.363371    -0.364639
0.363842    -0.362339
0.364311    -0.360038
0.364778    -0.357735
0.365243    -0.355432
0.365706    -0.353128
0.366167    -0.350822
0.366625    -0.348516
0.367082    -0.346208
0.367537    -0.3439
0.367989    -0.34159
0.36844    -0.33928
0.368888    -0.336968
0.369335    -0.334655
0.369779    -0.332342
0.370222    -0.330027
0.370662    -0.327711
0.3711    -0.325395
0.371537    -0.323077
0.371971    -0.320759
0.372404    -0.318439
0.372834    -0.316119
0.373263    -0.313797
0.373689    -0.311475
0.374114    -0.309152
0.374537    -0.306828
0.374958    -0.304503
0.375376    -0.302177
0.375793    -0.29985
0.376208    -0.297522
0.376622    -0.295194
0.377033    -0.292865
0.377442    -0.290534
0.37785    -0.288203
0.378255    -0.285871
0.378659    -0.283538
0.379061    -0.281205
0.379461    -0.27887
0.379859    -0.276535
0.380255    -0.274199
0.38065    -0.271862
0.381043    -0.269525
0.381433    -0.267186
0.381823    -0.264847
0.38221    -0.262507
0.382595    -0.260167
0.382979    -0.257825
0.383361    -0.255483
0.383741    -0.25314
0.38412    -0.250797
0.384496    -0.248452
0.384871    -0.246107
0.385245    -0.243762
0.385616    -0.241415
0.385986    -0.239068
0.386354    -0.236721
0.38672    -0.234372
0.387085    -0.232023
0.387448    -0.229674
0.387809    -0.227323
0.388169    -0.224972
0.388527    -0.222621
0.388883    -0.220269
0.389238    -0.217916
0.389591    -0.215562
0.389942    -0.213208
0.390292    -0.210854
0.39064    -0.208499
0.390987    -0.206143
0.391332    -0.203787
0.391675    -0.20143
0.392017    -0.199073
0.392357    -0.196715
0.392696    -0.194356
0.393033    -0.191997
0.393369    -0.189638
0.393702    -0.187278
0.394035    -0.184918
0.394366    -0.182557
0.394695    -0.180195
0.395023    -0.177833
0.39535    -0.175471
0.395675    -0.173108
0.395998    -0.170745
0.39632    -0.168381
0.39664    -0.166017
0.396959    -0.163653
0.397277    -0.161288
0.397593    -0.158922
0.397908    -0.156557
0.398221    -0.154191
0.398533    -0.151824
0.398843    -0.149457
0.399152    -0.14709
0.39946    -0.144722
0.399766    -0.142354
0.400071    -0.139986
0.400374    -0.137617
0.400676    -0.135248
0.400977    -0.132879
0.401277    -0.13051
0.401575    -0.12814
0.401871    -0.12577
0.402167    -0.123399
0.402461    -0.121028
0.402754    -0.118657
0.403045    -0.116286
0.403335    -0.113914
0.403624    -0.111543
0.403912    -0.109171
0.404198    -0.106798
0.404483    -0.104426
0.404767    -0.102053
0.40505    -0.0996804
0.405331    -0.0973073
0.405612    -0.094934
0.405891    -0.0925605
0.406168    -0.0901869
0.406445    -0.0878131
0.40672    -0.0854391
0.406995    -0.083065
0.407268    -0.0806907
0.40754    -0.0783163
0.40781    -0.0759418
0.40808    -0.0735671
0.408348    -0.0711924
0.408616    -0.0688175
0.408882    -0.0664426
0.409147    -0.0640675
0.409411    -0.0616924
0.409674    -0.0593172
0.409936    -0.056942
0.410196    -0.0545666
0.410456    -0.0521913
0.410715    -0.0498159
0.410972    -0.0474404
0.411229    -0.045065
0.411484    -0.0426895
0.411739    -0.040314
0.411992    -0.0379385
0.412245    -0.0355631
0.412496    -0.0331876
0.412746    -0.0308122
0.412996    -0.0284367
0.413244    -0.0260614
0.413492    -0.023686
0.413738    -0.0213108
0.413984    -0.0189356
0.414229    -0.0165604
0.414473    -0.0141854
0.414715    -0.0118104
0.414957    -0.00943549
0.415198    -0.00706071
0.415438    -0.00468603
0.415678    -0.00231147
0.415916    6.29622e-05
0.416153    0.00243726
0.41639    0.00481143
0.416626    0.00718544
0.416861    0.0095593
0.417095    0.011933
0.417328    0.0143065
0.417561    0.0166799
0.417792    0.019053
0.418023    0.021426
0.418253    0.0237988
0.418482    0.0261713
0.418711    0.0285436
0.418939    0.0309158
0.419166    0.0332876
0.419392    0.0356593
0.419617    0.0380307
0.419842    0.0404018
0.420066    0.0427727
0.420289    0.0451433
0.420512    0.0475136
0.420734    0.0498836
0.420955    0.0522534
0.421176    0.0546228
0.421396    0.0569919
0.421615    0.0593607
0.421834    0.0617292
0.422052    0.0640974
0.422269    0.0664652
0.422486    0.0688326
0.422702    0.0711997
0.422917    0.0735665
0.423132    0.0759328
0.423347    0.0782988
0.42356    0.0806644
0.423773    0.0830296
0.423986    0.0853945
0.424198    0.0877589
0.42441    0.0901228
0.424621    0.0924864
0.424831    0.0948495
0.425041    0.0972122
0.42525    0.0995745
0.425459    0.101936
0.425668    0.104298
0.425876    0.106658
0.426083    0.109019
0.42629    0.111379
0.426497    0.113738
0.426703    0.116097
0.426909    0.118455
0.427114    0.120813
0.427319    0.123171
0.427524    0.125528
0.427728    0.127884
0.427931    0.13024
0.428135    0.132595
0.428337    0.134949
0.42854    0.137303
0.428742    0.139657
0.428944    0.14201
0.429146    0.144362
0.429347    0.146714
0.429548    0.149065
0.429748    0.151416
0.429949    0.153766
0.430149    0.156115
0.430348    0.158463
0.430548    0.160811
0.430747    0.163159
0.430946    0.165506
0.431145    0.167852
0.431343    0.170197
0.431541    0.172542
0.431739    0.174886
0.431937    0.177229
0.432135    0.179572
0.432332    0.181913
0.432529    0.184255
0.432726    0.186595
0.432923    0.188935
0.43312    0.191274
0.433316    0.193612
0.433513    0.19595
0.433709    0.198286
0.433905    0.200623
0.434101    0.202958
0.434297    0.205292
0.434493    0.207626
0.434689    0.209959
0.434885    0.212291
0.43508    0.214622
0.435276    0.216953
0.435472    0.219282
0.435667    0.221611
0.435863    0.223939
0.436058    0.226266
0.436254    0.228592
0.436449    0.230918
0.436645    0.233242
0.43684    0.235566
0.437036    0.237889
0.437231    0.240211
0.437427    0.242532
0.437623    0.244852
0.437818    0.247171
0.438014    0.249489
0.43821    0.251807
0.438406    0.254123
0.438602    0.256439
0.438798    0.258753
0.438994    0.261067
0.439191    0.26338
0.439387    0.265692
0.439584    0.268002
0.439781    0.270312
0.439978    0.272621
0.440175    0.274929
0.440373    0.277236
0.44057    0.279541
0.440768    0.281846
0.440966    0.28415
0.441164    0.286453
0.441362    0.288754
0.441561    0.291055
0.44176    0.293355
0.441959    0.295653
0.442159    0.297951
0.442358    0.300247
0.442558    0.302543
0.442758    0.304837
0.442959    0.30713
0.44316    0.309423
0.443361    0.311714
0.443563    0.314004
0.443764    0.316292
0.443967    0.31858
0.444169    0.320867
0.444372    0.323152
0.444575    0.325436
0.444779    0.32772
0.444983    0.330002
0.445187    0.332282
0.445392    0.334562
0.445597    0.336841
0.445803    0.339118
0.446009    0.341394
0.446216    0.343669
0.446423    0.345943
0.44663    0.348216
0.446838    0.350487
0.447047    0.352757
0.447256    0.355026
0.447465    0.357294
0.447675    0.35956
0.447885    0.361825
0.448096    0.364089
0.448308    0.366352
0.44852    0.368613
0.448732    0.370874
0.448946    0.373132
0.449159    0.37539
0.449374    0.377646
0.449588    0.379901
0.449804    0.382155
0.45002    0.384407
0.450237    0.386659
0.450454    0.388908
0.450672    0.391157
0.450891    0.393404
0.45111    0.39565
0.45133    0.397894
0.45155    0.400137
0.451772    0.402379
0.451993    0.404619
0.452216    0.406858
0.452439    0.409096
0.452663    0.411332
0.452888    0.413567
0.453114    0.4158
0.45334    0.418032
0.453567    0.420263
0.453795    0.422492
0.454023    0.42472
0.454253    0.426946
0.454483    0.429171
0.454713    0.431394
0.454945    0.433616
0.455178    0.435837
0.455411    0.438056
0.455645    0.440274
0.45588    0.44249
0.456116    0.444704
0.456352    0.446918
0.45659    0.449129
0.456828    0.45134
0.457068    0.453548
0.457308    0.455755
0.457549    0.457961
0.457791    0.460165
0.458034    0.462368
0.458277    0.464569
0.458522    0.466769
0.458768    0.468967
0.459014    0.471163
0.459262    0.473358
0.459511    0.475551
0.45976    0.477743
0.460011    0.479933
0.460262    0.482122
0.460515    0.484309
0.460768    0.486494
0.461023    0.488678
0.461278    0.49086
0.461535    0.493041
0.461793    0.49522
0.462052    0.497397
0.462311    0.499573
0.462572    0.501747
0.462834    0.503919
0.463097    0.50609
0.463361    0.508259
0.463627    0.510427
0.463893    0.512593
0.464161    0.514757
0.464429    0.516919
0.464699    0.51908
0.46497    0.521239
0.465242    0.523397
0.465515    0.525552
0.46579    0.527707
0.466065    0.529859
0.466342    0.532009
0.46662    0.534158
0.466899    0.536305
0.46718    0.538451
0.467462    0.540594
0.467745    0.542736
0.468029    0.544877
0.468314    0.547015
0.468601    0.549152
0.468889    0.551286
0.469178    0.553419
0.469469    0.555551
0.46976    0.55768
0.470054    0.559808
0.470348    0.561934
0.470644    0.564058
0.470941    0.56618
0.471239    0.568301
0.471539    0.57042
0.47184    0.572536
0.472143    0.574651
0.472447    0.576765
0.472752    0.578876
0.473059    0.580985
0.473367    0.583093
0.473676    0.585199
0.473987    0.587303
0.474299    0.589405
0.474613    0.591505
0.474928    0.593603
0.475245    0.5957
0.475563    0.597794
0.475883    0.599887
0.476204    0.601977
0.476526    0.604066
0.47685    0.606153
0.477176    0.608238
0.477503    0.610321
0.477831    0.612402
0.478161    0.614481
0.478493    0.616558
0.478826    0.618634
0.479161    0.620707
0.479497    0.622778
0.479835    0.624848
0.480174    0.626915
0.480515    0.62898
0.480858    0.631044
0.481202    0.633105
0.481548    0.635165
0.481895    0.637222
0.482244    0.639277
0.482595    0.641331
0.482947    0.643382
0.483301    0.645432
0.483656    0.647479
0.484014    0.649524
0.484373    0.651568
0.484733    0.653609
0.485095    0.655648
0.485459    0.657685
0.485825    0.65972
0.486192    0.661753
0.486562    0.663784
0.486932    0.665813
0.487305    0.66784
0.487679    0.669864
0.488055    0.671887
0.488433    0.673907
0.488813    0.675926
0.489194    0.677942
0.489577    0.679956
0.489962    0.681968
0.490349    0.683978
0.490738    0.685986
0.491128    0.687992
0.49152    0.689995
0.491914    0.691996
0.49231    0.693996
0.492708    0.695993
0.493107    0.697988
0.493509    0.69998
0.493912    0.701971
0.494317    0.703959
0.494725    0.705945
0.495134    0.707929
0.495544    0.709911
0.495957    0.711891
0.496372    0.713868
0.496789    0.715843
0.497207    0.717816
0.497628    0.719787
0.49805    0.721755
0.498475    0.723722
0.498901    0.725686
0.499329    0.727647
0.49976    0.729607
0.500192    0.731564
0.500626    0.733519
0.501063    0.735472
0.501501    0.737422
0.501941    0.73937
0.502384    0.741316
0.502828    0.74326
0.503275    0.745201
0.503723    0.74714
0.504174    0.749077
0.504626    0.751011
0.505081    0.752943
0.505538    0.754873
0.505997    0.756801
0.506458    0.758726
0.506921    0.760648
0.507386    0.762569
0.507853    0.764487
0.508323    0.766403
0.508794    0.768316
0.509268    0.770227
0.509744    0.772136
0.510222    0.774042
0.510702    0.775946
0.511184    0.777847
0.511669    0.779746
0.512155    0.781643
0.512644    0.783537
0.513135    0.785429
0.513629    0.787318
0.514124    0.789206
0.514622    0.79109
0.515122    0.792972
0.515624    0.794852
0.516128    0.796729
0.516635    0.798604
0.517144    0.800477
0.517655    0.802347
0.518169    0.804214
0.518684    0.806079
0.519202    0.807942
0.519723    0.809802
0.520245    0.811659
0.52077    0.813514
0.521297    0.815367
0.521827    0.817217
0.522359    0.819065
0.522893    0.82091
0.52343    0.822752
0.523969    0.824592
0.52451    0.82643
0.525054    0.828265
0.5256    0.830097
0.526148    0.831927
0.526699    0.833754
0.527252    0.835579
0.527807    0.837401
0.528365    0.839221
0.528926    0.841038
0.529489    0.842853
0.530054    0.844664
0.530622    0.846474
0.531192    0.84828
0.531764    0.850085
0.532339    0.851886
0.532917    0.853685
0.533497    0.855481
0.534079    0.857275
0.534664    0.859066
0.535251    0.860854
0.535841    0.86264
0.536433    0.864423
0.537028    0.866204
0.537626    0.867981
0.538226    0.869756
0.538828    0.871529
0.539433    0.873299
0.540041    0.875066
0.540651    0.87683
0.541263    0.878592
0.541878    0.880351
0.542496    0.882107
0.543117    0.883861
0.543739    0.885612
0.544365    0.88736
0.544993    0.889105
0.545624    0.890848
0.546257    0.892588
0.546893    0.894325
0.547531    0.89606
0.548173    0.897791
0.548816    0.89952
0.549463    0.901247
0.550112    0.90297
0.550764    0.904691
0.551418    0.906409
0.552075    0.908124
0.552735    0.909836
0.553397    0.911545
0.554062    0.913252
0.55473    0.914956
0.5554    0.916657
0.556074    0.918355
0.556749    0.92005
0.557428    0.921743
0.558109    0.923433
0.558793    0.925119
0.55948    0.926803
0.56017    0.928485
0.560862    0.930163
0.561557    0.931838
0.562255    0.933511
0.562955    0.93518
0.563659    0.936847
0.564365    0.938511
0.565073    0.940172
0.565785    0.94183
0.5665    0.943485
0.567217    0.945137
0.567937    0.946786
0.56866    0.948432
0.569385    0.950076
0.570114    0.951716
0.570845    0.953354
0.571579    0.954988
0.572316    0.95662
0.573056    0.958248
0.573799    0.959874
0.574544    0.961496
0.575293    0.963116
0.576044    0.964733
0.576798    0.966346
0.577555    0.967957
0.578315    0.969564
0.579078    0.971169
0.579844    0.97277
0.580612    0.974369
0.581384    0.975964
0.582158    0.977557
0.582936    0.979146
0.583716    0.980732
0.584499    0.982316
0.585286    0.983896
0.586075    0.985473
0.586867    0.987047
0.587662    0.988618
0.58846    0.990186
0.589261    0.99175
0.590065    0.993312
0.590871    0.99487
0.591681    0.996426
0.592494    0.997978
0.59331    0.999527
0.594129    1.00107
0.594951    1.00262
0.595776    1.00416
0.596603    1.00569
0.597434    1.00723
0.598268    1.00876
0.599105    1.01028
0.599945    1.01181
0.600788    1.01333
0.601634    1.01484
0.602483    1.01636
0.603335    1.01787
0.60419    1.01938
0.605049    1.02088
0.60591    1.02238
0.606774    1.02388
0.607642    1.02537
0.608512    1.02687
0.609386    1.02835
0.610263    1.02984
0.611143    1.03132
0.612026    1.0328
0.612912    1.03427
0.613801    1.03575
0.614693    1.03721
0.615588    1.03868
0.616487    1.04014
0.617389    1.0416
0.618293    1.04306
0.619201    1.04451
0.620112    1.04596
0.621027    1.0474
0.621944    1.04884
0.622865    1.05028
0.623788    1.05172
0.624715    1.05315
0.625645    1.05458
0.626578    1.056
0.627515    1.05742
0.628454    1.05884
0.629397    1.06025
0.630343    1.06167
0.631292    1.06307
0.632245    1.06448
0.6332    1.06588
0.634159    1.06728
0.635121    1.06867
0.636086    1.07006
0.637054    1.07145
0.638026    1.07283
0.639001    1.07421
0.639979    1.07559
0.64096    1.07696
0.641945    1.07833
0.642933    1.0797
0.643924    1.08106
0.644918    1.08242
0.645916    1.08377
0.646917    1.08512
0.647921    1.08647
0.648928    1.08782
0.649939    1.08916
0.650953    1.0905
0.65197    1.09183
0.652991    1.09316
0.654015    1.09449
0.655042    1.09581
0.656072    1.09713
0.657106    1.09845
0.658143    1.09976
0.659183    1.10107
0.660227    1.10237
0.661274    1.10367
0.662324    1.10497
0.663378    1.10626
0.664435    1.10755
0.665495    1.10884
0.666559    1.11012
0.667626    1.1114
0.668696    1.11268
0.66977    1.11395
0.670847    1.11522
0.671927    1.11648
0.673011    1.11774
0.674098    1.119
0.675188    1.12025
