-0.542793    1.19099
-0.54098    1.19032
-0.539171    1.18964
-0.537365    1.18896
-0.535561    1.18828
-0.533761    1.18759
-0.531964    1.18689
-0.53017    1.18619
-0.528378    1.18548
-0.52659    1.18477
-0.524805    1.18405
-0.523023    1.18333
-0.521244    1.1826
-0.519468    1.18187
-0.517695    1.18113
-0.515926    1.18038
-0.514159    1.17964
-0.512395    1.17888
-0.510635    1.17812
-0.508877    1.17736
-0.507123    1.17659
-0.505372    1.17581
-0.503624    1.17503
-0.501879    1.17425
-0.500137    1.17346
-0.498398    1.17266
-0.496663    1.17186
-0.494931    1.17105
-0.493201    1.17024
-0.491475    1.16943
-0.489752    1.1686
-0.488033    1.16778
-0.486316    1.16695
-0.484602    1.16611
-0.482892    1.16527
-0.481185    1.16442
-0.479481    1.16357
-0.477781    1.16271
-0.476083    1.16185
-0.474389    1.16098
-0.472698    1.16011
-0.47101    1.15924
-0.469325    1.15835
-0.467644    1.15747
-0.465965    1.15658
-0.46429    1.15568
-0.462619    1.15478
-0.46095    1.15387
-0.459285    1.15296
-0.457623    1.15204
-0.455964    1.15112
-0.454308    1.15019
-0.452656    1.14926
-0.451007    1.14833
-0.449361    1.14739
-0.447718    1.14644
-0.446079    1.14549
-0.444443    1.14453
-0.44281    1.14357
-0.441181    1.14261
-0.439555    1.14164
-0.437932    1.14066
-0.436312    1.13969
-0.434696    1.1387
-0.433083    1.13771
-0.431473    1.13672
-0.429867    1.13572
-0.428264    1.13472
-0.426664    1.13371
-0.425067    1.13269
-0.423474    1.13168
-0.421884    1.13065
-0.420297    1.12963
-0.418714    1.1286
-0.417134    1.12756
-0.415558    1.12652
-0.413984    1.12547
-0.412414    1.12442
-0.410848    1.12337
-0.409285    1.12231
-0.407725    1.12124
-0.406168    1.12017
-0.404615    1.1191
-0.403065    1.11802
-0.401518    1.11694
-0.399975    1.11585
-0.398435    1.11476
-0.396899    1.11366
-0.395366    1.11256
-0.393836    1.11146
-0.392309    1.11035
-0.390786    1.10923
-0.389267    1.10811
-0.38775    1.10699
-0.386237    1.10586
-0.384728    1.10473
-0.383221    1.10359
-0.381719    1.10245
-0.380219    1.10131
-0.378723    1.10015
-0.37723    1.099
-0.375741    1.09784
-0.374255    1.09668
-0.372772    1.09551
-0.371293    1.09434
-0.369817    1.09316
-0.368345    1.09198
-0.366876    1.09079
-0.36541    1.0896
-0.363948    1.08841
-0.362489    1.08721
-0.361034    1.086
-0.359582    1.0848
-0.358133    1.08359
-0.356688    1.08237
-0.355246    1.08115
-0.353807    1.07992
-0.352372    1.07869
-0.350941    1.07746
-0.349512    1.07622
-0.348087    1.07498
-0.346666    1.07374
-0.345248    1.07248
-0.343833    1.07123
-0.342422    1.06997
-0.341014    1.06871
-0.33961    1.06744
-0.338208    1.06617
-0.336811    1.06489
-0.335417    1.06361
-0.334026    1.06233
-0.332638    1.06104
-0.331254    1.05975
-0.329874    1.05845
-0.328496    1.05715
-0.327123    1.05585
-0.325752    1.05454
-0.324385    1.05322
-0.323022    1.05191
-0.321662    1.05059
-0.320305    1.04926
-0.318951    1.04793
-0.317601    1.0466
-0.316255    1.04526
-0.314912    1.04392
-0.313572    1.04257
-0.312236    1.04122
-0.310903    1.03987
-0.309573    1.03851
-0.308247    1.03715
-0.306925    1.03578
-0.305605    1.03441
-0.304289    1.03304
-0.302977    1.03166
-0.301668    1.03028
-0.300362    1.0289
-0.29906    1.02751
-0.297761    1.02611
-0.296466    1.02472
-0.295174    1.02331
-0.293885    1.02191
-0.2926    1.0205
-0.291318    1.01909
-0.290039    1.01767
-0.288764    1.01625
-0.287493    1.01482
-0.286224    1.0134
-0.284959    1.01196
-0.283698    1.01053
-0.28244    1.00909
-0.281185    1.00764
-0.279934    1.0062
-0.278686    1.00474
-0.277441    1.00329
-0.2762    1.00183
-0.274962    1.00037
-0.273728    0.9989
-0.272497    0.997429
-0.271269    0.995955
-0.270045    0.994477
-0.268824    0.992995
-0.267607    0.99151
-0.266393    0.990021
-0.265182    0.988528
-0.263975    0.987031
-0.262771    0.985531
-0.26157    0.984027
-0.260373    0.982519
-0.259179    0.981008
-0.257988    0.979492
-0.256801    0.977974
-0.255617    0.976451
-0.254437    0.974925
-0.25326    0.973396
-0.252086    0.971862
-0.250916    0.970325
-0.249749    0.968785
-0.248585    0.967241
-0.247424    0.965693
-0.246267    0.964142
-0.245114    0.962587
-0.243963    0.961028
-0.242816    0.959466
-0.241673    0.957901
-0.240533    0.956332
-0.239396    0.954759
-0.238262    0.953183
-0.237132    0.951603
-0.236005    0.95002
-0.234881    0.948433
-0.23376    0.946843
-0.232643    0.945249
-0.23153    0.943652
-0.230419    0.942051
-0.229312    0.940447
-0.228208    0.938839
-0.227108    0.937228
-0.226011    0.935614
-0.224917    0.933996
-0.223826    0.932375
-0.222739    0.93075
-0.221655    0.929122
-0.220574    0.92749
-0.219497    0.925855
-0.218422    0.924217
-0.217352    0.922575
-0.216284    0.92093
-0.21522    0.919281
-0.214159    0.917629
-0.213101    0.915974
-0.212046    0.914315
-0.210995    0.912654
-0.209947    0.910988
-0.208902    0.90932
-0.207861    0.907648
-0.206823    0.905973
-0.205788    0.904294
-0.204756    0.902613
-0.203727    0.900928
-0.202702    0.899239
-0.20168    0.897548
-0.200661    0.895853
-0.199646    0.894155
-0.198633    0.892454
-0.197624    0.890749
-0.196618    0.889042
-0.195615    0.887331
-0.194616    0.885616
-0.19362    0.883899
-0.192627    0.882179
-0.191637    0.880455
-0.19065    0.878728
-0.189667    0.876998
-0.188686    0.875265
-0.187709    0.873528
-0.186735    0.871789
-0.185764    0.870046
-0.184797    0.8683
-0.183833    0.866551
-0.182871    0.864799
-0.181913    0.863044
-0.180958    0.861286
-0.180007    0.859524
-0.179058    0.85776
-0.178112    0.855992
-0.17717    0.854222
-0.176231    0.852448
-0.175295    0.850671
-0.174362    0.848891
-0.173432    0.847108
-0.172506    0.845323
-0.171582    0.843534
-0.170662    0.841742
-0.169744    0.839947
-0.16883    0.838149
-0.167919    0.836348
-0.167011    0.834544
-0.166106    0.832737
-0.165205    0.830927
-0.164306    0.829114
-0.16341    0.827299
-0.162518    0.82548
-0.161628    0.823658
-0.160742    0.821833
-0.159859    0.820006
-0.158978    0.818175
-0.158101    0.816342
-0.157227    0.814506
-0.156356    0.812666
-0.155488    0.810824
-0.154623    0.808979
-0.153761    0.807131
-0.152902    0.805281
-0.152046    0.803427
-0.151193    0.80157
-0.150343    0.799711
-0.149496    0.797849
-0.148652    0.795984
-0.147811    0.794116
-0.146974    0.792245
-0.146139    0.790372
-0.145307    0.788496
-0.144478    0.786616
-0.143652    0.784735
-0.142829    0.78285
-0.142009    0.780962
-0.141192    0.779072
-0.140378    0.777179
-0.139567    0.775283
-0.138759    0.773385
-0.137954    0.771484
-0.137151    0.76958
-0.136352    0.767673
-0.135556    0.765764
-0.134762    0.763852
-0.133972    0.761937
-0.133184    0.760019
-0.132399    0.758099
-0.131617    0.756176
-0.130838    0.754251
-0.130062    0.752322
-0.129289    0.750391
-0.128519    0.748458
-0.127752    0.746522
-0.126987    0.744583
-0.126226    0.742641
-0.125467    0.740697
-0.124711    0.73875
-0.123958    0.736801
-0.123208    0.734849
-0.12246    0.732895
-0.121716    0.730937
-0.120974    0.728978
-0.120235    0.727015
-0.119499    0.72505
-0.118766    0.723083
-0.118036    0.721113
-0.117308    0.719141
-0.116583    0.717165
-0.115861    0.715188
-0.115142    0.713208
-0.114425    0.711225
-0.113712    0.70924
-0.113001    0.707252
-0.112293    0.705262
-0.111587    0.703269
-0.110885    0.701274
-0.110185    0.699277
-0.109488    0.697276
-0.108793    0.695274
-0.108102    0.693269
-0.107413    0.691261
-0.106727    0.689252
-0.106043    0.687239
-0.105362    0.685224
-0.104684    0.683207
-0.104009    0.681188
-0.103336    0.679166
-0.102666    0.677141
-0.101999    0.675114
-0.101334    0.673085
-0.100672    0.671054
-0.100013    0.66902
-0.0993562    0.666983
-0.0987022    0.664945
-0.0980508    0.662904
-0.097402    0.66086
-0.0967559    0.658815
-0.0961124    0.656767
-0.0954716    0.654716
-0.0948333    0.652664
-0.0941977    0.650609
-0.0935646    0.648552
-0.0929342    0.646492
-0.0923063    0.64443
-0.0916811    0.642366
-0.0910584    0.6403
-0.0904382    0.638231
-0.0898207    0.63616
-0.0892057    0.634087
-0.0885932    0.632012
-0.0879833    0.629934
-0.0873759    0.627854
-0.0867711    0.625772
-0.0861688    0.623688
-0.085569    0.621601
-0.0849717    0.619513
-0.0843769    0.617422
-0.0837846    0.615329
-0.0831949    0.613233
-0.0826076    0.611136
-0.0820228    0.609036
-0.0814404    0.606935
-0.0808606    0.604831
-0.0802832    0.602725
-0.0797082    0.600617
-0.0791357    0.598506
-0.0785657    0.596394
-0.0779981    0.594279
-0.0774329    0.592163
-0.0768701    0.590044
-0.0763098    0.587923
-0.0757518    0.5858
-0.0751963    0.583675
-0.0746431    0.581548
-0.0740924    0.579419
-0.073544    0.577288
-0.072998    0.575154
-0.0724544    0.573019
-0.0719131    0.570882
-0.0713742    0.568742
-0.0708377    0.566601
-0.0703035    0.564457
-0.0697716    0.562312
-0.069242    0.560164
-0.0687148    0.558015
-0.0681899    0.555864
-0.0676673    0.55371
-0.067147    0.551555
-0.066629    0.549398
-0.0661133    0.547238
-0.0655998    0.545077
-0.0650886    0.542914
-0.0645797    0.540749
-0.0640731    0.538582
-0.0635687    0.536413
-0.0630666    0.534242
-0.0625667    0.532069
-0.062069    0.529894
-0.0615736    0.527718
-0.0610803    0.525539
-0.0605893    0.523359
-0.0601005    0.521176
-0.0596139    0.518992
-0.0591294    0.516806
-0.0586472    0.514619
-0.0581671    0.512429
-0.0576892    0.510237
-0.0572135    0.508044
-0.0567399    0.505849
-0.0562684    0.503652
-0.0557991    0.501453
-0.0553319    0.499253
-0.0548669    0.49705
-0.054404    0.494846
-0.0539431    0.49264
-0.0534844    0.490432
-0.0530278    0.488223
-0.0525733    0.486012
-0.0521208    0.483799
-0.0516704    0.481584
-0.0512221    0.479368
-0.0507758    0.477149
-0.0503316    0.47493
-0.0498895    0.472708
-0.0494493    0.470485
-0.0490112    0.46826
-0.0485752    0.466033
-0.0481411    0.463804
-0.047709    0.461574
-0.047279    0.459343
-0.0468509    0.457109
-0.0464248    0.454874
-0.0460007    0.452637
-0.0455786    0.450399
-0.0451584    0.448159
-0.0447402    0.445918
-0.0443239    0.443674
-0.0439096    0.441429
-0.0434972    0.439183
-0.0430867    0.436935
-0.0426782    0.434685
-0.0422715    0.432434
-0.0418667    0.430181
-0.0414639    0.427927
-0.0410629    0.425671
-0.0406638    0.423414
-0.0402666    0.421155
-0.0398712    0.418894
-0.0394777    0.416632
-0.039086    0.414368
-0.0386962    0.412103
-0.0383082    0.409837
-0.037922    0.407569
-0.0375377    0.405299
-0.0371551    0.403028
-0.0367744    0.400755
-0.0363954    0.398481
-0.0360183    0.396206
-0.0356429    0.393929
-0.0352692    0.39165
-0.0348974    0.389371
-0.0345273    0.387089
-0.0341589    0.384807
-0.0337923    0.382522
-0.0334274    0.380237
-0.0330642    0.37795
-0.0327027    0.375662
-0.032343    0.373372
-0.0319849    0.371081
-0.0316285    0.368788
-0.0312738    0.366494
-0.0309208    0.364199
-0.0305695    0.361903
-0.0302198    0.359605
-0.0298717    0.357306
-0.0295253    0.355005
-0.0291805    0.352703
-0.0288374    0.3504
-0.0284959    0.348096
-0.0281559    0.34579
-0.0278176    0.343483
-0.0274809    0.341174
-0.0271457    0.338865
-0.0268122    0.336554
-0.0264802    0.334242
-0.0261497    0.331928
-0.0258208    0.329614
-0.0254935    0.327298
-0.0251677    0.324981
-0.0248434    0.322662
-0.0245206    0.320343
-0.0241994    0.318022
-0.0238797    0.3157
-0.0235614    0.313377
-0.0232446    0.311053
-0.0229293    0.308727
-0.0226155    0.3064
-0.0223032    0.304073
-0.0219923    0.301744
-0.0216828    0.299413
-0.0213748    0.297082
-0.0210682    0.29475
-0.020763    0.292416
-0.0204592    0.290082
-0.0201569    0.287746
-0.0198559    0.285409
-0.0195563    0.283071
-0.0192581    0.280732
-0.0189613    0.278392
-0.0186658    0.276051
-0.0183717    0.273709
-0.0180789    0.271366
-0.0177875    0.269021
-0.0174974    0.266676
-0.0172086    0.26433
-0.0169211    0.261982
-0.0166349    0.259634
-0.01635    0.257284
-0.0160664    0.254934
-0.0157841    0.252583
-0.015503    0.25023
-0.0152232    0.247877
-0.0149447    0.245523
-0.0146674    0.243167
-0.0143913    0.240811
-0.0141165    0.238454
-0.0138429    0.236096
-0.0135704    0.233737
-0.0132992    0.231377
-0.0130292    0.229016
-0.0127603    0.226655
-0.0124927    0.224292
-0.0122261    0.221928
-0.0119608    0.219564
-0.0116966    0.217199
-0.0114335    0.214833
-0.0111716    0.212466
-0.0109108    0.210098
-0.0106511    0.207729
-0.0103925    0.20536
-0.010135    0.202989
-0.00987857    0.200618
-0.00962323    0.198246
-0.00936897    0.195874
-0.00911577    0.1935
-0.00886362    0.191126
-0.00861251    0.188751
-0.00836244    0.186375
-0.00811339    0.183998
-0.00786536    0.181621
-0.00761834    0.179243
-0.00737232    0.176864
-0.00712729    0.174484
-0.00688324    0.172104
-0.00664017    0.169723
-0.00639806    0.167341
-0.00615691    0.164959
-0.0059167    0.162576
-0.00567743    0.160192
-0.00543909    0.157807
-0.00520168    0.155422
-0.00496517    0.153037
-0.00472957    0.15065
-0.00449486    0.148263
-0.00426103    0.145875
-0.00402808    0.143487
-0.003796    0.141098
-0.00356478    0.138709
-0.00333441    0.136318
-0.00310487    0.133928
-0.00287617    0.131536
-0.0026483    0.129145
-0.00242123    0.126752
-0.00219497    0.124359
-0.00196951    0.121965
-0.00174484    0.119571
-0.00152094    0.117177
-0.00129781    0.114782
-0.00107544    0.112386
-0.000853826    0.10999
-0.000632952    0.107593
-0.000412811    0.105196
-0.000193395    0.102798
2.5306e-05    0.1004
0.0002433    0.0980012
0.000460597    0.0956021
0.000677206    0.0932025
0.000893135    0.0908025
0.00110839    0.088402
0.00132299    0.0860012
0.00153694    0.0835999
0.00175024    0.0811981
0.0019629    0.078796
0.00217495    0.0763935
0.00238637    0.0739906
0.00259719    0.0715873
0.00280741    0.0691836
0.00301704    0.0667796
0.00322609    0.0643752
0.00343457    0.0619704
0.00364249    0.0595654
0.00384986    0.0571599
0.00405668    0.0547542
0.00426297    0.0523481
0.00446873    0.0499418
0.00467398    0.0475351
0.00487872    0.0451281
0.00508296    0.0427209
0.00528671    0.0403133
0.00548998    0.0379056
0.00569278    0.0354975
0.00589512    0.0330892
0.006097    0.0306806
0.00629844    0.0282718
0.00649945    0.0258628
0.00670004    0.0234536
0.0069002    0.0210441
0.00709996    0.0186345
0.00729932    0.0162246
0.0074983    0.0138146
0.00769689    0.0114044
0.00789512    0.00899396
0.00809298    0.0065834
0.00829049    0.00417269
0.00848766    0.00176183
0.00868449    -0.000649164
0.008881    -0.00306029
0.0090772    -0.00547155
0.00927309    -0.00788292
0.00946868    -0.0102944
0.00966398    -0.012706
0.00985901    -0.0151176
0.0100538    -0.0175294
0.0102483    -0.0199412
0.0104425    -0.0223531
0.0106365    -0.024765
0.0108303    -0.027177
0.0110238    -0.0295891
0.0112172    -0.0320011
0.0114103    -0.0344132
0.0116032    -0.0368254
0.011796    -0.0392375
0.0119885    -0.0416496
0.0121809    -0.0440617
0.0123732    -0.0464739
0.0125653    -0.0488859
0.0127572    -0.051298
0.0129491    -0.05371
0.0131408    -0.056122
0.0133323    -0.0585339
0.0135238    -0.0609458
0.0137152    -0.0633576
0.0139065    -0.0657693
0.0140978    -0.0681809
0.0142889    -0.0705924
0.01448    -0.0730038
0.0146711    -0.0754151
0.0148621    -0.0778263
0.0150531    -0.0802374
0.0152441    -0.0826483
0.015435    -0.0850591
0.015626    -0.0874698
0.015817    -0.0898802
0.0160079    -0.0922906
0.016199    -0.0947007
0.01639    -0.0971106
0.0165811    -0.0995204
0.0167722    -0.10193
0.0169634    -0.104339
0.0171547    -0.106748
0.0173461    -0.109157
0.0175375    -0.111566
0.0177291    -0.113975
0.0179207    -0.116383
0.0181125    -0.118791
0.0183044    -0.121198
0.0184965    -0.123606
0.0186887    -0.126013
0.018881    -0.12842
0.0190735    -0.130826
0.0192662    -0.133233
0.0194591    -0.135639
0.0196522    -0.138044
0.0198454    -0.140449
0.0200389    -0.142854
0.0202326    -0.145259
0.0204265    -0.147663
0.0206207    -0.150067
0.0208151    -0.152471
0.0210098    -0.154874
0.0212047    -0.157277
0.0214    -0.159679
0.0215955    -0.162081
0.0217913    -0.164483
0.0219874    -0.166884
0.0221838    -0.169285
0.0223805    -0.171685
0.0225776    -0.174085
0.022775    -0.176484
0.0229728    -0.178883
0.0231709    -0.181282
0.0233694    -0.18368
0.0235682    -0.186078
0.0237675    -0.188475
0.0239671    -0.190871
0.0241672    -0.193267
0.0243677    -0.195663
0.0245686    -0.198058
0.0247699    -0.200453
0.0249717    -0.202847
0.0251739    -0.20524
0.0253766    -0.207633
0.0255797    -0.210026
0.0257834    -0.212418
0.0259875    -0.214809
0.0261921    -0.217199
0.0263972    -0.21959
0.0266029    -0.221979
0.0268091    -0.224368
0.0270158    -0.226756
0.027223    -0.229144
0.0274308    -0.231531
0.0276392    -0.233918
0.0278481    -0.236303
0.0280577    -0.238689
0.0282678    -0.241073
0.0284785    -0.243457
0.0286898    -0.24584
0.0289017    -0.248223
0.0291143    -0.250604
0.0293275    -0.252986
0.0295414    -0.255366
0.0297559    -0.257746
0.029971    -0.260125
0.0301869    -0.262503
0.0304034    -0.264881
0.0306206    -0.267257
0.0308385    -0.269633
0.0310571    -0.272009
0.0312765    -0.274383
0.0314965    -0.276757
0.0317173    -0.27913
0.0319389    -0.281502
0.0321612    -0.283874
0.0323843    -0.286244
0.0326081    -0.288614
0.0328327    -0.290983
0.0330582    -0.293351
0.0332844    -0.295719
0.0335114    -0.298085
0.0337393    -0.300451
0.0339679    -0.302816
0.0341975    -0.30518
0.0344278    -0.307543
0.034659    -0.309905
0.0348911    -0.312266
0.0351241    -0.314627
0.0353579    -0.316986
0.0355927    -0.319345
0.0358283    -0.321703
0.0360648    -0.32406
0.0363023    -0.326416
0.0365407    -0.328771
0.03678    -0.331125
0.0370203    -0.333478
0.0372615    -0.33583
0.0375037    -0.338181
0.0377469    -0.340531
0.037991    -0.342881
0.0382362    -0.345229
0.0384823    -0.347576
0.0387295    -0.349922
0.0389777    -0.352268
0.0392269    -0.354612
0.0394771    -0.356955
0.0397284    -0.359297
0.0399807    -0.361638
0.0402341    -0.363979
0.0404886    -0.366318
0.0407442    -0.368656
0.0410008    -0.370993
0.0412586    -0.373328
0.0415174    -0.375663
0.0417774    -0.377997
0.0420385    -0.38033
0.0423007    -0.382661
0.0425641    -0.384991
0.0428286    -0.387321
0.0430943    -0.389649
0.0433612    -0.391976
0.0436292    -0.394302
0.0438985    -0.396627
0.0441689    -0.39895
0.0444405    -0.401273
0.0447134    -0.403594
0.0449875    -0.405914
0.0452628    -0.408233
0.0455393    -0.410551
0.0458172    -0.412867
0.0460962    -0.415183
0.0463766    -0.417497
0.0466582    -0.41981
0.0469411    -0.422122
0.0472253    -0.424432
0.0475108    -0.426741
0.0477976    -0.429049
0.0480857    -0.431356
0.0483752    -0.433662
0.048666    -0.435966
0.0489581    -0.438269
0.0492516    -0.440571
0.0495465    -0.442871
0.0498428    -0.44517
0.0501404    -0.447468
0.0504394    -0.449764
0.0507398    -0.45206
0.0510417    -0.454354
0.0513449    -0.456646
0.0516496    -0.458937
0.0519557    -0.461227
0.0522633    -0.463516
0.0525723    -0.465803
0.0528828    -0.468089
0.0531947    -0.470373
0.0535081    -0.472656
0.0538231    -0.474938
0.0541395    -0.477218
0.0544574    -0.479497
0.0547768    -0.481775
0.0550978    -0.484051
0.0554202    -0.486326
0.0557443    -0.488599
0.0560698    -0.490871
0.0563969    -0.493141
0.0567256    -0.49541
0.0570559    -0.497678
0.0573877    -0.499944
0.0577212    -0.502208
0.0580562    -0.504471
0.0583929    -0.506733
0.0587311    -0.508993
0.059071    -0.511252
0.0594125    -0.513509
0.0597557    -0.515765
0.0601005    -0.518019
0.060447    -0.520272
0.0607951    -0.522523
0.0611449    -0.524772
0.0614964    -0.52702
0.0618496    -0.529267
0.0622045    -0.531512
0.0625611    -0.533755
0.0629195    -0.535997
0.0632795    -0.538237
0.0636413    -0.540476
0.0640048    -0.542713
0.0643701    -0.544949
0.0647372    -0.547183
0.065106    -0.549415
0.0654766    -0.551646
0.065849    -0.553875
0.0662231    -0.556102
0.0665991    -0.558328
0.0669769    -0.560552
0.0673565    -0.562775
0.0677379    -0.564996
0.0681212    -0.567215
0.0685063    -0.569432
0.0688933    -0.571648
0.0692821    -0.573863
0.0696728    -0.576075
0.0700653    -0.578286
0.0704598    -0.580495
0.0708561    -0.582703
0.0712544    -0.584908
0.0716546    -0.587112
0.0720566    -0.589315
0.0724606    -0.591515
0.0728666    -0.593714
0.0732745    -0.595911
0.0736843    -0.598107
0.0740961    -0.6003
0.0745098    -0.602492
0.0749256    -0.604682
0.0753433    -0.60687
0.075763    -0.609057
0.0761847    -0.611242
0.0766084    -0.613425
0.0770341    -0.615606
0.0774619    -0.617785
0.0778917    -0.619962
0.0783235    -0.622138
0.0787574    -0.624312
0.0791933    -0.626484
0.0796313    -0.628654
0.0800714    -0.630823
0.0805135    -0.632989
0.0809578    -0.635154
0.0814041    -0.637316
0.0818525    -0.639477
0.0823031    -0.641636
0.0827557    -0.643793
0.0832105    -0.645949
0.0836675    -0.648102
0.0841265    -0.650253
0.0845877    -0.652403
0.0850511    -0.65455
0.0855167    -0.656696
0.0859844    -0.65884
0.0864543    -0.660982
0.0869264    -0.663122
0.0874007    -0.665259
0.0878772    -0.667395
0.0883559    -0.669529
0.0888369    -0.671661
0.08932    -0.673791
0.0898054    -0.675919
0.0902931    -0.678046
0.090783    -0.68017
0.0912752    -0.682292
0.0917696    -0.684412
0.0922663    -0.68653
0.0927653    -0.688646
0.0932666    -0.69076
0.0937701    -0.692872
0.094276    -0.694982
0.0947842    -0.69709
0.0952948    -0.699195
0.0958076    -0.701299
0.0963228    -0.703401
0.0968403    -0.705501
0.0973602    -0.707598
0.0978825    -0.709694
0.0984071    -0.711787
0.0989341    -0.713878
0.0994634    -0.715967
0.0999952    -0.718055
0.100529    -0.720139
0.101066    -0.722222
0.101605    -0.724303
0.102146    -0.726382
0.10269    -0.728458
0.103236    -0.730532
0.103785    -0.732604
0.104336    -0.734674
0.10489    -0.736742
0.105446    -0.738808
0.106004    -0.740871
0.106565    -0.742932
0.107129    -0.744991
0.107695    -0.747048
0.108263    -0.749103
0.108834    -0.751155
0.109408    -0.753205
0.109984    -0.755253
0.110563    -0.757299
0.111144    -0.759343
0.111727    -0.761384
0.112313    -0.763423
0.112902    -0.76546
0.113494    -0.767494
0.114087    -0.769526
0.114684    -0.771556
0.115283    -0.773584
0.115885    -0.775609
0.116489    -0.777632
0.117096    -0.779653
0.117705    -0.781672
0.118317    -0.783688
0.118932    -0.785702
0.119549    -0.787713
0.12017    -0.789722
0.120792    -0.791729
0.121417    -0.793733
0.122045    -0.795735
0.122676    -0.797735
0.123309    -0.799733
0.123945    -0.801728
0.124584    -0.80372
0.125226    -0.80571
0.12587    -0.807698
0.126517    -0.809684
0.127166    -0.811667
0.127818    -0.813647
0.128473    -0.815625
0.129131    -0.817601
0.129792    -0.819574
0.130455    -0.821545
0.131121    -0.823514
0.13179    -0.82548
0.132461    -0.827443
0.133135    -0.829404
0.133813    -0.831363
0.134492    -0.833319
0.135175    -0.835272
0.135861    -0.837224
0.136549    -0.839172
0.13724    -0.841118
0.137934    -0.843062
0.138631    -0.845003
0.139331    -0.846941
0.140033    -0.848877
0.140738    -0.850811
0.141447    -0.852742
0.142158    -0.85467
0.142872    -0.856596
0.143588    -0.858519
0.144308    -0.86044
0.145031    -0.862358
0.145756    -0.864273
0.146485    -0.866186
0.147216    -0.868097
0.14795    -0.870004
0.148687    -0.871909
0.149427    -0.873812
0.15017    -0.875712
0.150916    -0.877609
0.151665    -0.879503
0.152417    -0.881395
0.153172    -0.883284
0.153929    -0.885171
0.15469    -0.887055
0.155454    -0.888936
0.156221    -0.890815
0.15699    -0.892691
0.157763    -0.894564
0.158539    -0.896434
0.159317    -0.898302
0.160099    -0.900167
0.160884    -0.902029
0.161672    -0.903889
0.162462    -0.905746
0.163256    -0.9076
0.164053    -0.909451
0.164853    -0.9113
0.165656    -0.913146
0.166462    -0.914989
0.167271    -0.916829
0.168083    -0.918667
0.168898    -0.920501
0.169717    -0.922333
0.170538    -0.924162
0.171363    -0.925989
0.17219    -0.927812
0.173021    -0.929633
0.173855    -0.93145
0.174692    -0.933265
0.175532    -0.935078
0.176375    -0.936887
0.177222    -0.938693
0.178071    -0.940497
0.178924    -0.942297
0.17978    -0.944095
0.180639    -0.94589
0.181501    -0.947682
0.182366    -0.949471
0.183234    -0.951257
0.184106    -0.95304
0.184981    -0.954821
0.185859    -0.956598
0.18674    -0.958372
0.187624    -0.960144
0.188512    -0.961912
0.189403    -0.963678
0.190297    -0.96544
0.191194    -0.9672
0.192095    -0.968957
0.192998    -0.97071
0.193905    -0.972461
0.194816    -0.974208
0.195729    -0.975953
0.196646    -0.977695
0.197566    -0.979433
0.198489    -0.981169
0.199416    -0.982901
0.200345    -0.98463
0.201278    -0.986357
0.202215    -0.98808
0.203154    -0.9898
0.204097    -0.991517
0.205043    -0.993231
0.205993    -0.994942
0.206946    -0.99665
0.207902    -0.998355
0.208861    -1.00006
0.209824    -1.00175
0.21079    -1.00345
0.21176    -1.00514
0.212732    -1.00683
0.213708    -1.00852
0.214688    -1.0102
0.215671    -1.01188
0.216657    -1.01356
0.217646    -1.01523
0.218639    -1.0169
0.219635    -1.01857
0.220635    -1.02023
0.221638    -1.02189
0.222644    -1.02355
0.223654    -1.0252
0.224667    -1.02685
0.225684    -1.0285
0.226704    -1.03014
0.227727    -1.03178
0.228754    -1.03342
0.229784    -1.03505
0.230817    -1.03669
0.231854    -1.03831
0.232895    -1.03994
0.233938    -1.04156
0.234986    -1.04318
0.236036    -1.04479
0.23709    -1.0464
0.238148    -1.04801
0.239209    -1.04961
0.240273    -1.05121
0.241341    -1.05281
0.242413    -1.05441
0.243488    -1.056
0.244566    -1.05759
0.245648    -1.05917
0.246733    -1.06075
0.247822    -1.06233
0.248914    -1.0639
0.250009    -1.06547
0.251109    -1.06704
0.252211    -1.0686
0.253317    -1.07016
0.254427    -1.07172
0.25554    -1.07327
0.256657    -1.07482
0.257777    -1.07637
0.258901    -1.07791
0.260028    -1.07945
0.261159    -1.08098
0.262293    -1.08252
0.263431    -1.08404
0.264572    -1.08557
0.265717    -1.08709
0.266865    -1.08861
0.268017    -1.09012
0.269172    -1.09163
0.270331    -1.09314
0.271494    -1.09464
0.27266    -1.09614
0.27383    -1.09764
0.275003    -1.09913
0.27618    -1.10062
0.27736    -1.10211
0.278544    -1.10359
