0.279731    -1.10507
0.280922    -1.10654
0.282117    -1.10801
0.283315    -1.10948
0.284517    -1.11094
0.285722    -1.1124
0.286931    -1.11386
0.288144    -1.11531
0.28936    -1.11676
0.290579    -1.1182
0.291803    -1.11964
0.29303    -1.12108
0.29426    -1.12251
0.295494    -1.12394
0.296732    -1.12537
0.297973    -1.12679
0.299218    -1.12821
0.300466    -1.12963
0.301719    -1.13104
0.302974    -1.13244
0.304234    -1.13385
0.305497    -1.13525
0.306763    -1.13664
0.308033    -1.13803
0.309307    -1.13942
0.310585    -1.1408
0.311866    -1.14218
0.31315    -1.14356
0.314439    -1.14493
0.315731    -1.1463
0.317026    -1.14766
0.318326    -1.14902
0.319629    -1.15038
0.320935    -1.15173
0.322245    -1.15308
0.323559    -1.15443
0.324877    -1.15577
0.326198    -1.1571
0.327522    -1.15844
0.328851    -1.15976
0.330183    -1.16109
0.331519    -1.16241
0.332858    -1.16373
0.334201    -1.16504
0.335548    -1.16635
0.336898    -1.16765
0.338252    -1.16895
0.33961    -1.17025
0.340971    -1.17154
0.342336    -1.17283
0.343705    -1.17411
0.345077    -1.17539
0.346453    -1.17667
0.347833    -1.17794
0.349216    -1.1792
0.350603    -1.18047
0.351993    -1.18173
0.353388    -1.18298
0.354786    -1.18423
0.356187    -1.18548
0.357593    -1.18672
0.359002    -1.18796
0.360414    -1.18919
0.361831    -1.19042
0.363251    -1.19165
0.364674    -1.19287
0.366101    -1.19408
0.367532    -1.1953
0.368967    -1.1965
0.370405    -1.19771
0.371848    -1.19891
0.373293    -1.2001
0.374743    -1.20129
0.376196    -1.20248
0.377652    -1.20366
0.379113    -1.20484
0.380577    -1.20601
0.382044    -1.20718
0.383516    -1.20835
0.384991    -1.20951
0.38647    -1.21066
0.387952    -1.21182
0.389438    -1.21296
0.390928    -1.21411
0.392421    -1.21524
0.393918    -1.21638
0.395419    -1.21751
0.396923    -1.21863
0.398431    -1.21975
0.399943    -1.22087
0.401458    -1.22198
0.402977    -1.22309
0.4045    -1.22419
0.406026    -1.22529
0.407557    -1.22638
0.40909    -1.22747
0.410628    -1.22855
0.412169    -1.22963
0.413713    -1.23071
0.415261    -1.23178
0.416813    -1.23284
0.418369    -1.2339
0.419928    -1.23496
0.421491    -1.23601
0.423058    -1.23706
0.424628    -1.2381
