-0.559611    1.18247
-0.558299    1.18127
-0.556992    1.18007
-0.555688    1.17886
-0.554388    1.17765
-0.553091    1.17643
-0.551799    1.17521
-0.55051    1.17399
-0.549225    1.17276
-0.547943    1.17153
-0.546666    1.17029
-0.545392    1.16905
-0.544122    1.1678
-0.542856    1.16655
-0.541593    1.1653
-0.540334    1.16404
-0.539079    1.16277
-0.537828    1.16151
-0.53658    1.16024
-0.535336    1.15896
-0.534096    1.15768
-0.53286    1.1564
-0.531627    1.15511
-0.530398    1.15382
-0.529173    1.15252
-0.527951    1.15122
-0.526733    1.14992
-0.525519    1.14861
-0.524309    1.1473
-0.523102    1.14598
-0.521899    1.14466
-0.5207    1.14333
-0.519504    1.14201
-0.518313    1.14067
-0.517125    1.13934
-0.51594    1.138
-0.514759    1.13665
-0.513582    1.1353
-0.512409    1.13395
-0.511239    1.13259
-0.510074    1.13123
-0.508911    1.12987
-0.507753    1.1285
-0.506598    1.12713
-0.505447    1.12575
-0.504299    1.12437
-0.503155    1.12298
-0.502015    1.1216
-0.500878    1.1202
-0.499746    1.11881
-0.498616    1.11741
-0.497491    1.116
-0.496369    1.1146
-0.495251    1.11318
-0.494136    1.11177
-0.493025    1.11035
-0.491918    1.10893
-0.490814    1.1075
-0.489714    1.10607
-0.488618    1.10463
-0.487525    1.10319
-0.486436    1.10175
-0.48535    1.10031
-0.484269    1.09886
-0.48319    1.0974
-0.482116    1.09594
-0.481045    1.09448
-0.479977    1.09302
-0.478913    1.09155
-0.477853    1.09008
-0.476796    1.0886
-0.475743    1.08712
-0.474694    1.08564
-0.473648    1.08415
-0.472606    1.08266
-0.471567    1.08117
-0.470532    1.07967
-0.4695    1.07816
-0.468472    1.07666
-0.467448    1.07515
-0.466427    1.07364
-0.46541    1.07212
-0.464396    1.0706
-0.463386    1.06908
-0.462379    1.06755
-0.461376    1.06602
-0.460376    1.06448
-0.45938    1.06294
-0.458388    1.0614
-0.457399    1.05986
-0.456413    1.05831
-0.455431    1.05676
-0.454453    1.0552
-0.453478    1.05364
-0.452506    1.05208
-0.451539    1.05051
-0.450574    1.04894
-0.449613    1.04737
-0.448656    1.04579
-0.447702    1.04421
-0.446751    1.04262
-0.445804    1.04104
-0.44486    1.03944
-0.44392    1.03785
-0.442984    1.03625
-0.44205    1.03465
-0.441121    1.03304
-0.440194    1.03144
-0.439271    1.02982
-0.438352    1.02821
-0.437436    1.02659
-0.436523    1.02497
-0.435614    1.02334
-0.434708    1.02171
-0.433806    1.02008
-0.432907    1.01844
-0.432012    1.01681
-0.43112    1.01516
-0.430231    1.01352
-0.429345    1.01187
-0.428464    1.01022
-0.427585    1.00856
-0.42671    1.0069
-0.425838    1.00524
-0.424969    1.00357
-0.424104    1.0019
-0.423242    1.00023
-0.422384    0.998554
-0.421529    0.996875
-0.420677    0.995192
-0.419829    0.993507
-0.418984    0.991818
-0.418142    0.990125
-0.417304    0.98843
-0.416468    0.986731
-0.415637    0.985029
-0.414808    0.983324
-0.413983    0.981616
-0.413161    0.979904
-0.412342    0.978189
-0.411527    0.976471
-0.410715    0.97475
-0.409906    0.973025
-0.4091    0.971298
-0.408298    0.969567
-0.407499    0.967833
-0.406703    0.966096
-0.40591    0.964355
-0.405121    0.962612
-0.404335    0.960865
-0.403552    0.959116
-0.402772    0.957363
-0.401996    0.955607
-0.401223    0.953848
-0.400453    0.952085
-0.399686    0.95032
-0.398922    0.948552
-0.398162    0.94678
-0.397404    0.945005
-0.39665    0.943228
-0.395899    0.941447
-0.395151    0.939663
-0.394407    0.937876
-0.393665    0.936086
-0.392927    0.934293
-0.392191    0.932497
-0.391459    0.930698
-0.39073    0.928896
-0.390004    0.927091
-0.389282    0.925283
-0.388562    0.923472
-0.387845    0.921658
-0.387132    0.919841
-0.386422    0.91802
-0.385714    0.916197
-0.38501    0.914371
-0.384309    0.912542
-0.383611    0.91071
-0.382916    0.908875
-0.382224    0.907037
-0.381535    0.905197
-0.380849    0.903353
-0.380166    0.901506
-0.379486    0.899657
-0.378809    0.897804
-0.378136    0.895949
-0.377465    0.89409
-0.376797    0.892229
-0.376132    0.890365
-0.37547    0.888498
-0.374812    0.886628
-0.374156    0.884755
-0.373503    0.88288
-0.372853    0.881001
-0.372206    0.87912
-0.371562    0.877236
-0.370921    0.875349
-0.370282    0.873459
-0.369647    0.871566
-0.369015    0.869671
-0.368385    0.867772
-0.367759    0.865871
-0.367135    0.863967
-0.366515    0.862061
-0.365897    0.860151
-0.365282    0.858239
-0.36467    0.856324
-0.36406    0.854406
-0.363454    0.852485
-0.362851    0.850562
-0.36225    0.848636
-0.361652    0.846707
-0.361057    0.844775
-0.360465    0.842841
-0.359876    0.840904
-0.359289    0.838964
-0.358705    0.837021
-0.358125    0.835076
-0.357546    0.833128
-0.356971    0.831178
-0.356398    0.829224
-0.355829    0.827268
-0.355262    0.82531
-0.354697    0.823348
-0.354136    0.821384
-0.353577    0.819418
-0.353021    0.817448
-0.352468    0.815476
-0.351917    0.813502
-0.351369    0.811524
-0.350824    0.809545
-0.350281    0.807562
-0.349741    0.805577
-0.349204    0.803589
-0.34867    0.801599
-0.348138    0.799606
-0.347609    0.79761
-0.347082    0.795612
-0.346559    0.793611
-0.346037    0.791608
-0.345519    0.789602
-0.345003    0.787594
-0.34449    0.785583
-0.343979    0.783569
-0.343471    0.781553
-0.342965    0.779535
-0.342462    0.777513
-0.341962    0.77549
-0.341464    0.773464
-0.340969    0.771435
-0.340476    0.769404
-0.339986    0.76737
-0.339499    0.765334
-0.339014    0.763295
-0.338531    0.761254
-0.338051    0.75921
-0.337574    0.757164
-0.337099    0.755115
-0.336626    0.753064
-0.336156    0.751011
-0.335689    0.748955
-0.335224    0.746896
-0.334761    0.744835
-0.334301    0.742772
-0.333843    0.740706
-0.333388    0.738638
-0.332935    0.736568
-0.332485    0.734495
-0.332037    0.732419
-0.331592    0.730341
-0.331148    0.728261
-0.330708    0.726179
-0.330269    0.724094
-0.329833    0.722007
-0.3294    0.719917
-0.328969    0.717825
-0.32854    0.71573
-0.328113    0.713634
-0.327689    0.711535
-0.327267    0.709433
-0.326848    0.70733
-0.32643    0.705224
-0.326015    0.703115
-0.325603    0.701005
-0.325192    0.698892
-0.324784    0.696776
-0.324379    0.694659
-0.323975    0.692539
-0.323574    0.690417
-0.323175    0.688292
-0.322778    0.686166
-0.322384    0.684037
-0.321991    0.681906
-0.321601    0.679772
-0.321213    0.677636
-0.320828    0.675499
-0.320444    0.673358
-0.320063    0.671216
-0.319684    0.669071
-0.319307    0.666925
-0.318932    0.664776
-0.31856    0.662624
-0.318189    0.660471
-0.317821    0.658315
-0.317455    0.656158
-0.317091    0.653998
-0.316729    0.651835
-0.316369    0.649671
-0.316011    0.647505
-0.315655    0.645336
-0.315302    0.643165
-0.31495    0.640992
-0.3146    0.638817
-0.314253    0.63664
-0.313908    0.634461
-0.313564    0.632279
-0.313223    0.630096
-0.312884    0.62791
-0.312546    0.625723
-0.312211    0.623533
-0.311878    0.621341
-0.311546    0.619147
-0.311217    0.616951
-0.31089    0.614753
-0.310564    0.612553
-0.310241    0.610351
-0.309919    0.608146
-0.309599    0.60594
-0.309282    0.603732
-0.308966    0.601521
-0.308652    0.599309
-0.30834    0.597094
-0.30803    0.594878
-0.307722    0.59266
-0.307415    0.590439
-0.307111    0.588217
-0.306808    0.585992
-0.306508    0.583766
-0.306209    0.581538
-0.305912    0.579307
-0.305616    0.577075
-0.305323    0.574841
-0.305031    0.572605
-0.304741    0.570367
-0.304453    0.568127
-0.304167    0.565885
-0.303882    0.563641
-0.303599    0.561395
-0.303318    0.559147
-0.303039    0.556898
-0.302761    0.554646
-0.302485    0.552393
-0.302211    0.550138
-0.301939    0.54788
-0.301668    0.545621
-0.301399    0.543361
-0.301132    0.541098
-0.300866    0.538833
-0.300602    0.536567
-0.300339    0.534299
-0.300079    0.532029
-0.299819    0.529757
-0.299562    0.527483
-0.299306    0.525207
-0.299052    0.52293
-0.298799    0.520651
-0.298548    0.51837
-0.298298    0.516087
-0.29805    0.513803
-0.297804    0.511516
-0.297559    0.509228
-0.297316    0.506939
-0.297074    0.504647
-0.296833    0.502354
-0.296595    0.500059
-0.296357    0.497762
-0.296122    0.495463
-0.295887    0.493163
-0.295655    0.490861
-0.295423    0.488558
-0.295193    0.486252
-0.294965    0.483945
-0.294738    0.481637
-0.294512    0.479326
-0.294288    0.477014
-0.294065    0.474701
-0.293844    0.472385
-0.293624    0.470068
-0.293406    0.46775
-0.293189    0.465429
-0.292973    0.463107
-0.292758    0.460784
-0.292545    0.458459
-0.292333    0.456132
-0.292123    0.453803
-0.291914    0.451473
-0.291706    0.449142
-0.2915    0.446809
-0.291294    0.444474
-0.29109    0.442138
-0.290888    0.4398
-0.290686    0.437461
-0.290486    0.43512
-0.290287    0.432777
-0.29009    0.430433
-0.289893    0.428088
-0.289698    0.42574
-0.289504    0.423392
-0.289311    0.421042
-0.289119    0.41869
-0.288929    0.416337
-0.28874    0.413983
-0.288552    0.411626
-0.288365    0.409269
-0.288179    0.40691
-0.287994    0.40455
-0.28781    0.402188
-0.287628    0.399824
-0.287447    0.39746
-0.287266    0.395093
-0.287087    0.392726
-0.286909    0.390357
-0.286732    0.387986
-0.286556    0.385615
-0.286381    0.383241
-0.286207    0.380867
-0.286034    0.378491
-0.285862    0.376113
-0.285691    0.373735
-0.285521    0.371355
-0.285353    0.368973
-0.285185    0.36659
-0.285018    0.364206
-0.284852    0.361821
-0.284687    0.359434
-0.284523    0.357046
-0.284359    0.354657
-0.284197    0.352266
-0.284036    0.349874
-0.283875    0.347481
-0.283716    0.345087
-0.283557    0.342691
-0.283399    0.340294
-0.283242    0.337896
-0.283086    0.335496
-0.282931    0.333095
-0.282777    0.330693
-0.282623    0.32829
-0.28247    0.325886
-0.282318    0.32348
-0.282167    0.321073
-0.282017    0.318665
-0.281867    0.316256
-0.281718    0.313846
-0.28157    0.311434
-0.281423    0.309021
-0.281276    0.306607
-0.28113    0.304192
-0.280985    0.301776
-0.28084    0.299359
-0.280697    0.29694
-0.280554    0.294521
-0.280411    0.2921
-0.280269    0.289679
-0.280128    0.287256
-0.279988    0.284832
-0.279848    0.282407
-0.279709    0.279981
-0.27957    0.277554
-0.279432    0.275125
-0.279295    0.272696
-0.279158    0.270266
-0.279022    0.267834
-0.278886    0.265402
-0.278751    0.262969
-0.278617    0.260534
-0.278483    0.258099
-0.278349    0.255663
-0.278216    0.253225
-0.278084    0.250787
-0.277952    0.248348
-0.27782    0.245907
-0.27769    0.243466
-0.277559    0.241024
-0.277429    0.238581
-0.277299    0.236137
-0.27717    0.233692
-0.277042    0.231246
-0.276913    0.228799
-0.276785    0.226352
-0.276658    0.223903
-0.276531    0.221454
-0.276404    0.219003
-0.276278    0.216552
-0.276152    0.2141
-0.276026    0.211647
-0.275901    0.209193
-0.275776    0.206739
-0.275651    0.204283
-0.275527    0.201827
-0.275403    0.19937
-0.275279    0.196912
-0.275156    0.194454
-0.275033    0.191994
-0.27491    0.189534
-0.274787    0.187073
-0.274665    0.184611
-0.274542    0.182149
-0.27442    0.179686
-0.274299    0.177222
-0.274177    0.174757
-0.274056    0.172292
-0.273935    0.169825
-0.273814    0.167359
-0.273693    0.164891
-0.273572    0.162423
-0.273452    0.159954
-0.273331    0.157484
-0.273211    0.155014
-0.273091    0.152543
-0.272971    0.150072
-0.272851    0.147599
-0.272731    0.145127
-0.272611    0.142653
-0.272491    0.140179
-0.272371    0.137704
-0.272252    0.135229
-0.272132    0.132753
-0.272012    0.130277
-0.271893    0.1278
-0.271773    0.125322
-0.271654    0.122844
-0.271534    0.120365
-0.271414    0.117886
-0.271295    0.115406
-0.271175    0.112926
-0.271055    0.110445
-0.270935    0.107964
-0.270815    0.105482
-0.270695    0.103
-0.270575    0.100517
-0.270455    0.0980336
-0.270335    0.0955499
-0.270214    0.0930657
-0.270094    0.090581
-0.269973    0.0880959
-0.269852    0.0856104
-0.269731    0.0831245
-0.26961    0.0806381
-0.269488    0.0781514
-0.269367    0.0756642
-0.269245    0.0731766
-0.269123    0.0706887
-0.269001    0.0682004
-0.268878    0.0657117
-0.268755    0.0632227
-0.268632    0.0607333
-0.268509    0.0582436
-0.268385    0.0557535
-0.268262    0.0532631
-0.268138    0.0507724
-0.268013    0.0482814
-0.267888    0.0457901
-0.267763    0.0432985
-0.267638    0.0408067
-0.267512    0.0383145
-0.267386    0.0358221
-0.26726    0.0333295
-0.267133    0.0308366
-0.267006    0.0283434
-0.266878    0.02585
-0.26675    0.0233564
-0.266621    0.0208626
-0.266493    0.0183686
-0.266363    0.0158744
-0.266234    0.01338
-0.266103    0.0108854
-0.265973    0.0083907
-0.265842    0.00589579
-0.26571    0.00340073
-0.265578    0.000905525
-0.265445    -0.00158982
-0.265312    -0.00408528
-0.265179    -0.00658087
-0.265045    -0.00907657
-0.26491    -0.0115724
-0.264775    -0.0140683
-0.264639    -0.0165642
-0.264502    -0.0190603
-0.264365    -0.0215564
-0.264228    -0.0240526
-0.26409    -0.0265488
-0.263951    -0.0290451
-0.263812    -0.0315414
-0.263672    -0.0340377
-0.263531    -0.0365341
-0.26339    -0.0390304
-0.263248    -0.0415268
-0.263105    -0.0440231
-0.262962    -0.0465194
-0.262818    -0.0490157
-0.262673    -0.051512
-0.262528    -0.0540082
-0.262382    -0.0565044
-0.262235    -0.0590005
-0.262087    -0.0614965
-0.261939    -0.0639925
-0.26179    -0.0664884
-0.26164    -0.0689841
-0.261489    -0.0714798
-0.261338    -0.0739754
-0.261186    -0.0764708
-0.261033    -0.0789661
-0.260879    -0.0814613
-0.260724    -0.0839563
-0.260569    -0.0864512
-0.260412    -0.0889459
-0.260255    -0.0914404
-0.260097    -0.0939348
-0.259938    -0.0964289
-0.259779    -0.0989229
-0.259618    -0.101417
-0.259456    -0.10391
-0.259294    -0.106404
-0.25913    -0.108897
-0.258966    -0.111389
-0.258801    -0.113882
-0.258635    -0.116374
-0.258467    -0.118866
-0.258299    -0.121358
-0.25813    -0.12385
-0.25796    -0.126341
-0.257789    -0.128832
-0.257617    -0.131322
-0.257444    -0.133813
-0.257269    -0.136303
-0.257094    -0.138792
-0.256918    -0.141282
-0.256741    -0.143771
-0.256562    -0.146259
-0.256383    -0.148747
-0.256202    -0.151235
-0.256021    -0.153723
-0.255838    -0.15621
-0.255654    -0.158696
-0.255469    -0.161182
-0.255283    -0.163668
-0.255096    -0.166154
-0.254908    -0.168638
-0.254718    -0.171123
-0.254527    -0.173607
-0.254335    -0.176091
-0.254142    -0.178574
-0.253948    -0.181056
-0.253753    -0.183538
-0.253556    -0.18602
-0.253358    -0.188501
-0.253159    -0.190982
-0.252959    -0.193462
-0.252757    -0.195941
-0.252554    -0.19842
-0.25235    -0.200899
-0.252145    -0.203377
-0.251938    -0.205854
-0.25173    -0.208331
-0.25152    -0.210807
-0.25131    -0.213283
-0.251098    -0.215758
-0.250885    -0.218232
-0.25067    -0.220706
-0.250454    -0.223179
-0.250237    -0.225651
-0.250018    -0.228123
-0.249798    -0.230594
-0.249576    -0.233065
-0.249353    -0.235535
-0.249129    -0.238004
-0.248903    -0.240473
-0.248676    -0.24294
-0.248447    -0.245408
-0.248217    -0.247874
-0.247986    -0.25034
-0.247753    -0.252805
-0.247518    -0.255269
-0.247282    -0.257732
-0.247045    -0.260195
-0.246806    -0.262657
-0.246566    -0.265118
-0.246324    -0.267579
-0.24608    -0.270038
-0.245835    -0.272497
-0.245589    -0.274955
-0.245341    -0.277413
-0.245091    -0.279869
-0.24484    -0.282325
-0.244587    -0.284779
-0.244332    -0.287233
-0.244076    -0.289686
-0.243819    -0.292139
-0.24356    -0.29459
-0.243299    -0.297041
-0.243036    -0.29949
-0.242772    -0.301939
-0.242506    -0.304387
-0.242239    -0.306833
-0.24197    -0.309279
-0.241699    -0.311724
-0.241426    -0.314169
-0.241152    -0.316612
-0.240876    -0.319054
-0.240599    -0.321495
-0.240319    -0.323935
-0.240038    -0.326375
-0.239755    -0.328813
-0.239471    -0.33125
-0.239184    -0.333687
-0.238896    -0.336122
-0.238606    -0.338556
-0.238315    -0.34099
-0.238021    -0.343422
-0.237726    -0.345853
-0.237429    -0.348283
-0.23713    -0.350712
-0.236829    -0.35314
-0.236527    -0.355567
-0.236222    -0.357993
-0.235916    -0.360418
-0.235608    -0.362842
-0.235298    -0.365264
-0.234986    -0.367686
-0.234672    -0.370106
-0.234357    -0.372525
-0.234039    -0.374943
-0.23372    -0.37736
-0.233398    -0.379776
-0.233075    -0.382191
-0.23275    -0.384604
-0.232422    -0.387016
-0.232093    -0.389427
-0.231762    -0.391837
-0.231429    -0.394246
-0.231094    -0.396653
-0.230757    -0.39906
-0.230418    -0.401465
-0.230077    -0.403868
-0.229733    -0.406271
-0.229388    -0.408672
-0.229041    -0.411072
-0.228692    -0.413471
-0.228341    -0.415868
-0.227987    -0.418264
-0.227632    -0.420659
-0.227275    -0.423053
-0.226915    -0.425445
-0.226553    -0.427836
-0.22619    -0.430226
-0.225824    -0.432614
-0.225456    -0.435001
-0.225086    -0.437387
-0.224713    -0.439771
-0.224339    -0.442154
-0.223963    -0.444535
-0.223584    -0.446915
-0.223203    -0.449294
-0.22282    -0.451671
-0.222435    -0.454047
-0.222048    -0.456422
-0.221658    -0.458795
-0.221266    -0.461167
-0.220872    -0.463537
-0.220476    -0.465906
-0.220078    -0.468273
-0.219677    -0.470639
-0.219274    -0.473003
-0.218869    -0.475366
-0.218461    -0.477728
-0.218052    -0.480088
-0.21764    -0.482446
-0.217225    -0.484803
-0.216809    -0.487159
-0.21639    -0.489513
-0.215969    -0.491865
-0.215545    -0.494216
-0.21512    -0.496565
-0.214691    -0.498913
-0.214261    -0.501259
-0.213828    -0.503604
-0.213393    -0.505947
-0.212955    -0.508288
-0.212515    -0.510628
-0.212073    -0.512966
-0.211628    -0.515303
-0.211181    -0.517638
-0.210732    -0.519971
-0.21028    -0.522303
-0.209826    -0.524633
-0.209369    -0.526962
-0.20891    -0.529289
-0.208448    -0.531614
-0.207984    -0.533937
-0.207518    -0.536259
-0.207049    -0.538579
-0.206577    -0.540898
-0.206103    -0.543214
-0.205627    -0.545529
-0.205148    -0.547843
-0.204666    -0.550154
-0.204183    -0.552464
-0.203696    -0.554772
-0.203207    -0.557078
-0.202716    -0.559383
-0.202222    -0.561686
-0.201725    -0.563987
-0.201226    -0.566286
-0.200724    -0.568584
-0.20022    -0.570879
-0.199713    -0.573173
-0.199204    -0.575465
-0.198692    -0.577756
-0.198177    -0.580044
-0.19766    -0.582331
-0.19714    -0.584615
-0.196618    -0.586898
-0.196093    -0.589179
-0.195565    -0.591459
-0.195034    -0.593736
-0.194501    -0.596011
-0.193966    -0.598285
-0.193427    -0.600557
-0.192887    -0.602826
-0.192343    -0.605094
-0.191797    -0.60736
-0.191247    -0.609624
-0.190696    -0.611886
-0.190141    -0.614146
-0.189584    -0.616404
-0.189024    -0.618661
-0.188462    -0.620915
