-0.187896    -0.623167
-0.187328    -0.625417
-0.186757    -0.627666
-0.186184    -0.629912
-0.185608    -0.632156
-0.185028    -0.634399
-0.184447    -0.636639
-0.183862    -0.638877
-0.183274    -0.641113
-0.182684    -0.643347
-0.182091    -0.64558
-0.181495    -0.64781
-0.180897    -0.650038
-0.180295    -0.652264
-0.179691    -0.654487
-0.179084    -0.656709
-0.178474    -0.658929
-0.177861    -0.661146
-0.177245    -0.663362
-0.176627    -0.665575
-0.176005    -0.667786
-0.175381    -0.669996
-0.174754    -0.672202
-0.174124    -0.674407
-0.173491    -0.67661
-0.172855    -0.67881
-0.172216    -0.681009
-0.171574    -0.683205
-0.17093    -0.685399
-0.170282    -0.68759
-0.169632    -0.68978
-0.168978    -0.691967
-0.168322    -0.694152
-0.167662    -0.696335
-0.167    -0.698516
-0.166335    -0.700694
-0.165667    -0.702871
-0.164996    -0.705044
-0.164321    -0.707216
-0.163644    -0.709385
-0.162964    -0.711553
-0.162281    -0.713717
-0.161595    -0.71588
-0.160905    -0.71804
-0.160213    -0.720198
-0.159518    -0.722354
-0.15882    -0.724507
-0.158118    -0.726658
-0.157414    -0.728806
-0.156706    -0.730953
-0.155996    -0.733097
-0.155282    -0.735238
-0.154566    -0.737377
-0.153846    -0.739514
-0.153123    -0.741648
-0.152397    -0.74378
-0.151668    -0.74591
-0.150936    -0.748037
-0.150201    -0.750162
-0.149463    -0.752284
-0.148721    -0.754404
-0.147977    -0.756522
-0.147229    -0.758637
-0.146478    -0.760749
-0.145724    -0.762859
-0.144967    -0.764967
-0.144207    -0.767072
-0.143444    -0.769175
-0.142677    -0.771275
-0.141907    -0.773372
-0.141134    -0.775468
-0.140358    -0.77756
-0.139579    -0.77965
-0.138797    -0.781738
-0.138011    -0.783823
-0.137222    -0.785905
-0.13643    -0.787985
-0.135635    -0.790063
-0.134836    -0.792137
-0.134034    -0.79421
-0.133229    -0.796279
-0.132421    -0.798346
-0.13161    -0.800411
-0.130795    -0.802472
-0.129977    -0.804532
-0.129156    -0.806588
-0.128331    -0.808642
-0.127504    -0.810693
-0.126673    -0.812742
-0.125838    -0.814788
-0.125001    -0.816831
-0.12416    -0.818872
-0.123316    -0.82091
-0.122468    -0.822945
-0.121617    -0.824978
-0.120763    -0.827008
-0.119906    -0.829035
-0.119045    -0.831059
-0.118181    -0.833081
-0.117314    -0.8351
-0.116443    -0.837116
-0.115569    -0.839129
-0.114692    -0.84114
-0.113811    -0.843148
-0.112927    -0.845153
-0.11204    -0.847155
-0.111149    -0.849155
-0.110255    -0.851152
-0.109357    -0.853146
-0.108456    -0.855137
-0.107552    -0.857125
-0.106644    -0.85911
-0.105733    -0.861093
-0.104819    -0.863073
-0.103901    -0.86505
-0.102979    -0.867024
-0.102055    -0.868995
-0.101127    -0.870963
-0.100195    -0.872929
-0.0992601    -0.874891
-0.0983217    -0.876851
-0.0973799    -0.878807
-0.0964347    -0.880761
-0.095486    -0.882712
-0.0945338    -0.88466
-0.0935783    -0.886605
-0.0926192    -0.888547
-0.0916567    -0.890486
-0.0906908    -0.892422
-0.0897214    -0.894355
-0.0887485    -0.896285
-0.0877721    -0.898212
-0.0867923    -0.900136
-0.0858089    -0.902057
-0.0848221    -0.903975
-0.0838318    -0.90589
-0.082838    -0.907802
-0.0818407    -0.909711
-0.0808399    -0.911617
-0.0798356    -0.91352
-0.0788278    -0.915419
-0.0778164    -0.917316
-0.0768016    -0.91921
-0.0757832    -0.9211
-0.0747613    -0.922988
-0.0737359    -0.924872
-0.0727069    -0.926753
-0.0716744    -0.928631
-0.0706384    -0.930506
-0.0695988    -0.932378
-0.0685556    -0.934246
-0.067509    -0.936112
-0.0664587    -0.937974
-0.0654049    -0.939833
-0.0643476    -0.941689
-0.0632866    -0.943541
-0.0622221    -0.945391
-0.0611541    -0.947237
-0.0600824    -0.94908
-0.0590072    -0.95092
-0.0579284    -0.952756
-0.056846    -0.95459
-0.05576    -0.95642
-0.0546704    -0.958247
-0.0535773    -0.96007
-0.0524805    -0.96189
-0.0513801    -0.963707
-0.0502762    -0.965521
-0.0491686    -0.967331
-0.0480574    -0.969138
-0.0469426    -0.970942
-0.0458242    -0.972742
-0.0447021    -0.974539
-0.0435765    -0.976333
-0.0424472    -0.978123
-0.0413143    -0.97991
-0.0401777    -0.981694
-0.0390375    -0.983474
-0.0378937    -0.985251
-0.0367463    -0.987024
-0.0355952    -0.988794
-0.0344404    -0.990561
-0.033282    -0.992324
-0.03212    -0.994084
-0.0309543    -0.99584
-0.0297849    -0.997593
-0.0286119    -0.999342
-0.0274353    -1.00109
-0.026255    -1.00283
-0.025071    -1.00457
-0.0238833    -1.0063
-0.022692    -1.00804
-0.021497    -1.00976
-0.0202983    -1.01149
-0.019096    -1.01321
-0.01789    -1.01493
-0.0166803    -1.01664
-0.0154669    -1.01835
-0.0142498    -1.02006
-0.013029    -1.02176
-0.0118046    -1.02346
-0.0105765    -1.02516
-0.00934465    -1.02685
-0.00810914    -1.02854
-0.00686993    -1.03023
-0.00562702    -1.03191
-0.00438041    -1.03359
-0.0031301    -1.03526
-0.00187609    -1.03693
-0.000618376    -1.0386
0.000643045    -1.04026
0.00190817    -1.04192
0.00317701    -1.04358
0.00444956    -1.04523
0.00572581    -1.04688
0.00700579    -1.04853
0.00828947    -1.05017
0.00957687    -1.0518
0.010868    -1.05344
0.0121628    -1.05507
0.0134614    -1.05669
0.0147637    -1.05832
0.0160697    -1.05994
0.0173794    -1.06155
0.0186928    -1.06316
0.02001    -1.06477
0.0213309    -1.06637
0.0226555    -1.06797
0.0239839    -1.06957
0.025316    -1.07116
0.0266518    -1.07275
0.0279913    -1.07433
0.0293346    -1.07591
0.0306816    -1.07749
0.0320324    -1.07906
0.0333868    -1.08063
0.034745    -1.08219
0.036107    -1.08375
0.0374727    -1.08531
0.0388421    -1.08686
0.0402152    -1.08841
0.0415921    -1.08996
0.0429727    -1.0915
0.0443571    -1.09303
0.0457452    -1.09457
0.047137    -1.0961
0.0485326    -1.09762
0.0499319    -1.09914
0.0513349    -1.10066
0.0527417    -1.10217
0.0541522    -1.10368
0.0555665    -1.10519
0.0569845    -1.10669
0.0584062    -1.10818
0.0598317    -1.10967
0.0612609    -1.11116
0.0626939    -1.11265
0.0641306    -1.11413
0.065571    -1.1156
0.0670152    -1.11708
0.068463    -1.11854
0.0699147    -1.12001
0.07137    -1.12147
0.0728291    -1.12292
0.074292    -1.12437
0.0757585    -1.12582
0.0772288    -1.12726
0.0787029    -1.1287
0.0801806    -1.13013
0.0816621    -1.13156
0.0831473    -1.13299
0.0846363    -1.13441
0.086129    -1.13583
0.0876254    -1.13724
0.0891255    -1.13865
0.0906293    -1.14005
0.0921369    -1.14145
0.0936482    -1.14285
0.0951632    -1.14424
0.0966819    -1.14563
0.0982044    -1.14701
0.0997306    -1.14839
0.10126    -1.14976
0.102794    -1.15113
0.104331    -1.1525
0.105872    -1.15386
0.107417    -1.15521
0.108966    -1.15656
0.110518    -1.15791
0.112073    -1.15926
0.113633    -1.16059
0.115196    -1.16193
0.116763    -1.16326
0.118334    -1.16458
0.119908    -1.1659
0.121486    -1.16722
0.123068    -1.16853
0.124653    -1.16984
0.126242    -1.17114
0.127835    -1.17244
0.129432    -1.17373
0.131032    -1.17502
0.132636    -1.17631
0.134243    -1.17759
0.135854    -1.17886
0.137469    -1.18013
0.139087    -1.1814
0.14071    -1.18266
0.142335    -1.18392
0.143965    -1.18517
0.145598    -1.18642
0.147235    -1.18766
0.148875    -1.1889
0.150519    -1.19013
0.152167    -1.19136
0.153818    -1.19258
0.155473    -1.1938
0.157132    -1.19502
0.158794    -1.19623
0.16046    -1.19743
0.162129    -1.19863
0.163803    -1.19983
0.165479    -1.20102
0.16716    -1.20221
0.168844    -1.20339
0.170531    -1.20456
0.172222    -1.20574
0.173917    -1.2069
0.175615    -1.20807
0.177317    -1.20922
0.179023    -1.21038
0.180732    -1.21152
0.182445    -1.21267
0.184161    -1.2138
0.185881    -1.21494
0.187604    -1.21606
0.189331    -1.21719
0.191062    -1.21831
0.192796    -1.21942
0.194533    -1.22053
0.196275    -1.22163
0.198019    -1.22273
0.199768    -1.22382
0.201519    -1.22491
0.203275    -1.22599
0.205033    -1.22707
0.206796    -1.22815
0.208562    -1.22921
0.210331    -1.23028
0.212104    -1.23134
0.21388    -1.23239
0.21566    -1.23344
0.217443    -1.23448
0.21923    -1.23552
0.221021    -1.23655
0.222814    -1.23758
0.224612    -1.2386
0.226412    -1.23962
0.228216    -1.24063
0.230024    -1.24164
0.231835    -1.24264
0.23365    -1.24364
0.235468    -1.24463
0.237289    -1.24562
0.239114    -1.2466
0.240942    -1.24757
0.242773    -1.24854
0.244608    -1.24951
0.246447    -1.25047
0.248289    -1.25143
0.250134    -1.25238
0.251982    -1.25332
0.253834    -1.25426
0.25569    -1.25519
0.257548    -1.25612
0.25941    -1.25705
0.261276    -1.25796
0.263144    -1.25888
0.265016    -1.25978
0.266892    -1.26069
0.26877    -1.26158
0.270652    -1.26247
0.272538    -1.26336
0.274426    -1.26424
0.276318    -1.26512
0.278213    -1.26599
0.280112    -1.26685
0.282014    -1.26771
0.283919    -1.26856
0.285827    -1.26941
0.287738    -1.27025
0.289653    -1.27109
0.291571    -1.27192
0.293492    -1.27275
0.295417    -1.27357
0.297344    -1.27438
