0.46292    -0.320903
0.463232    -0.318555
0.463543    -0.316206
0.463852    -0.313855
0.464158    -0.311503
0.464463    -0.309151
0.464766    -0.306797
0.465066    -0.304442
0.465365    -0.302086
0.465661    -0.299729
0.465956    -0.297371
0.466249    -0.295012
0.466539    -0.292652
0.466828    -0.29029
0.467115    -0.287928
0.467399    -0.285565
0.467682    -0.283201
0.467963    -0.280836
0.468242    -0.27847
0.468519    -0.276102
0.468794    -0.273734
0.469067    -0.271365
0.469339    -0.268995
0.469608    -0.266624
0.469876    -0.264252
0.470141    -0.261879
0.470405    -0.259505
0.470667    -0.257131
0.470927    -0.254755
0.471186    -0.252378
0.471442    -0.250001
0.471697    -0.247622
0.471949    -0.245243
0.4722    -0.242863
0.472449    -0.240482
0.472697    -0.2381
0.472942    -0.235717
0.473186    -0.233333
0.473428    -0.230949
0.473668    -0.228564
0.473907    -0.226177
0.474144    -0.22379
0.474379    -0.221402
0.474612    -0.219014
0.474843    -0.216624
0.475073    -0.214234
0.475301    -0.211843
0.475527    -0.209451
0.475752    -0.207058
0.475975    -0.204665
0.476196    -0.202271
0.476416    -0.199876
0.476634    -0.19748
0.47685    -0.195083
0.477065    -0.192686
0.477278    -0.190288
0.477489    -0.187889
0.477699    -0.18549
0.477907    -0.18309
0.478114    -0.180689
0.478319    -0.178288
0.478522    -0.175885
0.478724    -0.173482
0.478924    -0.171079
0.479123    -0.168675
0.47932    -0.16627
0.479515    -0.163864
0.479709    -0.161458
0.479901    -0.159051
0.480092    -0.156644
0.480282    -0.154235
0.48047    -0.151827
0.480656    -0.149417
0.480841    -0.147007
0.481024    -0.144597
0.481206    -0.142185
0.481386    -0.139774
0.481565    -0.137361
0.481743    -0.134948
0.481919    -0.132535
0.482094    -0.130121
0.482267    -0.127706
0.482438    -0.125291
0.482609    -0.122876
0.482778    -0.120459
0.482945    -0.118043
0.483111    -0.115625
0.483276    -0.113208
0.48344    -0.110789
0.483602    -0.108371
0.483762    -0.105951
0.483922    -0.103532
0.48408    -0.101111
0.484236    -0.0986908
0.484392    -0.0962697
0.484546    -0.0938481
0.484699    -0.0914261
0.48485    -0.0890036
0.485    -0.0865807
0.485149    -0.0841574
0.485297    -0.0817337
0.485443    -0.0793096
0.485588    -0.0768851
0.485732    -0.0744601
0.485875    -0.0720348
0.486016    -0.0696091
0.486156    -0.0671831
0.486295    -0.0647566
0.486433    -0.0623298
0.48657    -0.0599027
0.486705    -0.0574752
0.486839    -0.0550474
0.486972    -0.0526192
0.487104    -0.0501908
0.487235    -0.047762
0.487364    -0.0453329
0.487493    -0.0429035
0.48762    -0.0404738
0.487747    -0.0380438
0.487872    -0.0356136
0.487996    -0.033183
0.488119    -0.0307522
0.488241    -0.0283212
0.488361    -0.0258899
0.488481    -0.0234583
0.4886    -0.0210266
0.488717    -0.0185945
0.488834    -0.0161623
0.48895    -0.0137299
0.489064    -0.0112972
0.489178    -0.00886437
0.48929    -0.00643132
0.489402    -0.00399809
0.489512    -0.00156469
0.489622    0.00086889
0.489731    0.00330263
0.489838    0.00573653
0.489945    0.00817057
0.490051    0.0106048
0.490156    0.0130391
0.49026    0.0154735
0.490363    0.0179081
0.490465    0.0203428
0.490566    0.0227776
0.490667    0.0252124
0.490766    0.0276474
0.490865    0.0300825
0.490963    0.0325176
0.49106    0.0349528
0.491156    0.0373881
0.491251    0.0398234
0.491345    0.0422588
0.491439    0.0446942
0.491532    0.0471296
0.491624    0.0495651
0.491715    0.0520005
0.491806    0.054436
0.491895    0.0568715
0.491984    0.059307
0.492073    0.0617425
0.49216    0.0641779
0.492247    0.0666134
0.492333    0.0690488
0.492418    0.0714841
0.492503    0.0739194
0.492587    0.0763547
0.49267    0.0787899
0.492753    0.081225
0.492834    0.08366
0.492916    0.086095
0.492996    0.0885299
0.493076    0.0909646
0.493156    0.0933993
0.493234    0.0958338
0.493313    0.0982683
0.49339    0.100703
0.493467    0.103137
0.493543    0.105571
0.493619    0.108005
0.493694    0.110438
0.493769    0.112872
0.493843    0.115305
0.493917    0.117738
0.49399    0.120171
0.494062    0.122604
0.494134    0.125037
0.494206    0.127469
0.494277    0.129901
0.494347    0.132333
0.494418    0.134765
0.494487    0.137197
0.494556    0.139628
0.494625    0.142059
0.494693    0.14449
0.494761    0.14692
0.494829    0.14935
0.494896    0.15178
0.494963    0.15421
0.495029    0.156639
0.495095    0.159068
0.49516    0.161497
0.495226    0.163925
0.495291    0.166353
0.495355    0.168781
0.495419    0.171208
0.495483    0.173635
0.495547    0.176062
0.49561    0.178488
0.495673    0.180914
0.495736    0.18334
0.495798    0.185765
0.49586    0.18819
0.495922    0.190614
0.495984    0.193038
0.496045    0.195462
0.496107    0.197885
0.496168    0.200308
0.496228    0.20273
0.496289    0.205152
0.49635    0.207573
0.49641    0.209994
0.49647    0.212415
0.49653    0.214835
0.49659    0.217254
0.496649    0.219673
0.496709    0.222092
0.496768    0.22451
0.496828    0.226928
0.496887    0.229345
0.496946    0.231761
0.497005    0.234177
0.497064    0.236593
0.497123    0.239007
0.497182    0.241422
0.497241    0.243836
0.497299    0.246249
0.497358    0.248661
0.497417    0.251074
0.497476    0.253485
0.497535    0.255896
0.497593    0.258306
0.497652    0.260716
0.497711    0.263125
0.49777    0.265533
0.497829    0.267941
0.497888    0.270348
0.497947    0.272755
0.498006    0.275161
0.498066    0.277566
0.498125    0.279971
0.498185    0.282374
0.498244    0.284778
0.498304    0.28718
0.498364    0.289582
0.498424    0.291983
0.498484    0.294383
0.498545    0.296783
0.498605    0.299182
0.498666    0.30158
0.498727    0.303978
0.498789    0.306375
0.49885    0.308771
0.498912    0.311166
0.498974    0.31356
0.499036    0.315954
0.499098    0.318347
0.499161    0.320739
0.499224    0.32313
0.499287    0.325521
0.499351    0.327911
0.499415    0.3303
0.499479    0.332688
0.499544    0.335075
0.499609    0.337461
0.499674    0.339847
0.49974    0.342232
0.499806    0.344615
0.499872    0.346998
0.499939    0.349381
0.500006    0.351762
0.500073    0.354142
0.500141    0.356522
0.50021    0.3589
0.500279    0.361278
0.500348    0.363655
0.500418    0.36603
0.500488    0.368405
0.500559    0.370779
0.50063    0.373152
0.500702    0.375524
0.500774    0.377895
0.500847    0.380266
0.50092    0.382635
0.500994    0.385003
0.501068    0.38737
0.501143    0.389736
0.501219    0.392102
0.501295    0.394466
0.501371    0.396829
0.501449    0.399191
0.501527    0.401552
0.501605    0.403912
0.501684    0.406272
0.501764    0.40863
0.501844    0.410987
0.501925    0.413342
0.502007    0.415697
0.50209    0.418051
0.502173    0.420404
0.502257    0.422755
0.502341    0.425106
0.502426    0.427455
0.502512    0.429804
0.502599    0.432151
0.502686    0.434497
0.502774    0.436842
0.502863    0.439186
0.502953    0.441528
0.503044    0.44387
0.503135    0.44621
0.503227    0.448549
0.50332    0.450887
0.503414    0.453224
0.503508    0.45556
0.503604    0.457894
0.5037    0.460227
0.503797    0.462559
0.503895    0.46489
0.503994    0.46722
0.504094    0.469548
0.504195    0.471875
0.504297    0.474201
0.504399    0.476526
0.504503    0.478849
0.504607    0.481172
0.504712    0.483493
0.504819    0.485812
0.504926    0.48813
0.505035    0.490448
0.505144    0.492763
0.505254    0.495078
0.505366    0.497391
0.505478    0.499703
0.505591    0.502013
0.505706    0.504323
0.505821    0.50663
0.505938    0.508937
0.506055    0.511242
0.506174    0.513546
0.506294    0.515848
0.506415    0.51815
0.506537    0.520449
0.50666    0.522748
0.506784    0.525045
0.50691    0.52734
0.507036    0.529634
0.507164    0.531927
0.507293    0.534218
0.507423    0.536508
0.507554    0.538797
0.507687    0.541084
0.507821    0.54337
0.507956    0.545654
0.508092    0.547937
0.508229    0.550218
0.508368    0.552498
0.508508    0.554776
0.508649    0.557053
0.508791    0.559328
0.508935    0.561602
0.50908    0.563875
0.509227    0.566145
0.509374    0.568415
0.509523    0.570683
0.509674    0.572949
0.509825    0.575214
0.509978    0.577477
0.510133    0.579739
0.510289    0.581999
0.510446    0.584258
0.510604    0.586515
0.510764    0.58877
0.510926    0.591024
0.511089    0.593276
0.511253    0.595527
0.511419    0.597776
0.511586    0.600024
0.511755    0.60227
0.511925    0.604514
0.512096    0.606757
0.51227    0.608998
0.512444    0.611237
0.51262    0.613475
0.512798    0.615711
0.512977    0.617945
0.513158    0.620178
0.51334    0.622409
0.513524    0.624639
0.51371    0.626867
0.513897    0.629093
0.514085    0.631317
0.514275    0.63354
0.514467    0.635761
0.514661    0.63798
0.514856    0.640198
0.515053    0.642414
0.515251    0.644628
0.515451    0.64684
0.515653    0.649051
0.515856    0.65126
0.516061    0.653467
0.516268    0.655672
0.516477    0.657876
0.516687    0.660078
0.516899    0.662278
0.517112    0.664476
0.517328    0.666672
0.517545    0.668867
0.517764    0.67106
0.517985    0.673251
0.518207    0.67544
0.518432    0.677628
0.518658    0.679813
0.518886    0.681997
0.519115    0.684179
0.519347    0.686359
0.51958    0.688537
0.519816    0.690713
0.520053    0.692888
0.520292    0.69506
0.520533    0.697231
0.520776    0.6994
0.52102    0.701566
0.521267    0.703731
0.521516    0.705894
0.521766    0.708056
0.522018    0.710215
0.522273    0.712372
0.522529    0.714527
0.522787    0.716681
0.523048    0.718832
0.52331    0.720982
0.523574    0.723129
0.523841    0.725275
0.524109    0.727419
0.524379    0.72956
0.524651    0.7317
0.524926    0.733838
0.525202    0.735973
0.525481    0.738107
0.525761    0.740239
0.526044    0.742368
0.526329    0.744496
0.526616    0.746621
0.526905    0.748745
0.527196    0.750866
0.527489    0.752986
0.527784    0.755103
0.528082    0.757219
0.528381    0.759332
0.528683    0.761443
0.528987    0.763552
0.529293    0.765659
0.529602    0.767764
0.529912    0.769867
0.530225    0.771968
0.53054    0.774066
0.530857    0.776163
0.531177    0.778257
0.531498    0.780349
0.531822    0.782439
0.532149    0.784527
0.532477    0.786613
0.532808    0.788697
0.533141    0.790778
0.533476    0.792857
0.533814    0.794935
0.534154    0.79701
0.534497    0.799082
0.534841    0.801153
0.535188    0.803221
0.535538    0.805287
0.53589    0.807351
0.536244    0.809413
0.5366    0.811473
0.536959    0.81353
0.537321    0.815585
0.537685    0.817638
0.538051    0.819688
0.538419    0.821736
0.53879    0.823782
0.539164    0.825826
0.53954    0.827868
0.539918    0.829907
0.540299    0.831944
0.540683    0.833978
0.541069    0.83601
0.541457    0.83804
0.541848    0.840068
0.542242    0.842093
0.542638    0.844116
0.543036    0.846137
0.543437    0.848155
0.543841    0.850171
0.544247    0.852185
0.544656    0.854196
0.545067    0.856205
0.545481    0.858211
0.545898    0.860216
0.546317    0.862217
0.546739    0.864217
0.547163    0.866214
0.54759    0.868208
0.54802    0.8702
0.548453    0.87219
0.548888    0.874177
0.549325    0.876162
0.549766    0.878144
0.550209    0.880124
0.550655    0.882102
0.551103    0.884077
0.551554    0.886049
0.552008    0.888019
0.552465    0.889987
0.552925    0.891952
0.553387    0.893915
0.553852    0.895875
0.554319    0.897833
0.55479    0.899788
0.555263    0.90174
0.555739    0.90369
0.556218    0.905638
0.5567    0.907583
0.557184    0.909525
0.557672    0.911465
0.558162    0.913402
0.558655    0.915337
0.559151    0.917269
0.55965    0.919199
0.560151    0.921126
0.560656    0.92305
0.561163    0.924972
0.561674    0.926891
0.562187    0.928808
0.562703    0.930722
0.563222    0.932633
0.563744    0.934542
0.564269    0.936448
0.564797    0.938352
0.565328    0.940252
0.565862    0.94215
0.566398    0.944046
0.566938    0.945939
0.567481    0.947829
0.568027    0.949716
0.568576    0.951601
0.569127    0.953483
0.569682    0.955362
0.57024    0.957239
0.570801    0.959112
0.571365    0.960983
0.571932    0.962852
0.572502    0.964717
0.573075    0.96658
0.573651    0.96844
0.574231    0.970298
0.574813    0.972152
0.575399    0.974004
0.575987    0.975853
0.576579    0.977699
0.577174    0.979543
0.577772    0.981383
0.578373    0.983221
0.578977    0.985056
0.579585    0.986888
0.580196    0.988717
0.580809    0.990544
0.581426    0.992367
0.582047    0.994188
0.58267    0.996006
0.583297    0.997821
0.583927    0.999633
0.58456    1.00144
0.585196    1.00325
0.585836    1.00505
0.586479    1.00685
0.587125    1.00865
0.587774    1.01044
0.588427    1.01224
0.589083    1.01402
0.589742    1.01581
0.590404    1.01759
0.59107    1.01937
0.591739    1.02115
0.592412    1.02292
0.593087    1.0247
0.593767    1.02646
0.594449    1.02823
0.595135    1.02999
0.595824    1.03175
0.596516    1.0335
0.597212    1.03526
0.597912    1.03701
0.598614    1.03875
0.59932    1.0405
0.60003    1.04224
0.600743    1.04398
0.601459    1.04571
0.602179    1.04744
0.602902    1.04917
0.603629    1.0509
0.604359    1.05262
0.605092    1.05434
0.605829    1.05605
0.60657    1.05777
0.607314    1.05948
0.608061    1.06118
0.608812    1.06289
0.609567    1.06459
0.610325    1.06628
0.611086    1.06798
0.611851    1.06967
0.61262    1.07135
0.613392    1.07304
0.614167    1.07472
0.614946    1.0764
0.615729    1.07807
0.616515    1.07974
0.617305    1.08141
0.618099    1.08308
0.618896    1.08474
0.619696    1.0864
0.620501    1.08805
0.621308    1.0897
0.62212    1.09135
0.622935    1.093
0.623754    1.09464
0.624576    1.09628
0.625402    1.09791
0.626232    1.09954
0.627065    1.10117
0.627902    1.1028
0.628742    1.10442
0.629587    1.10604
0.630435    1.10765
0.631286    1.10926
0.632142    1.11087
0.633001    1.11248
0.633864    1.11408
0.63473    1.11568
0.6356    1.11727
0.636474    1.11886
0.637352    1.12045
0.638234    1.12203
0.639119    1.12361
0.640008    1.12519
0.6409    1.12677
0.641797    1.12834
0.642697    1.1299
0.643601    1.13147
0.644509    1.13303
0.645421    1.13458
0.646336    1.13613
0.647255    1.13768
