-0.275082    -1.2797
-0.27298    -1.27939
-0.270879    -1.27908
-0.26878    -1.27876
-0.266682    -1.27844
-0.264587    -1.27811
-0.262494    -1.27778
-0.260402    -1.27744
-0.258312    -1.27709
-0.256224    -1.27674
-0.254138    -1.27639
-0.252054    -1.27602
-0.249971    -1.27566
-0.247891    -1.27528
-0.245813    -1.2749
-0.243736    -1.27452
-0.241662    -1.27413
-0.239589    -1.27373
-0.237518    -1.27333
-0.23545    -1.27292
-0.233383    -1.27251
-0.231319    -1.27209
-0.229256    -1.27166
-0.227195    -1.27123
-0.225137    -1.2708
-0.223081    -1.27035
-0.221026    -1.26991
-0.218974    -1.26945
-0.216924    -1.26899
-0.214876    -1.26853
-0.21283    -1.26806
-0.210786    -1.26759
-0.208744    -1.2671
-0.206705    -1.26662
-0.204667    -1.26613
-0.202632    -1.26563
-0.200599    -1.26513
-0.198568    -1.26462
-0.196539    -1.2641
-0.194513    -1.26358
-0.192489    -1.26306
-0.190467    -1.26253
-0.188447    -1.26199
-0.18643    -1.26145
-0.184414    -1.2609
-0.182401    -1.26035
-0.180391    -1.25979
-0.178382    -1.25923
-0.176376    -1.25866
-0.174373    -1.25808
-0.172371    -1.2575
-0.170372    -1.25692
-0.168375    -1.25633
-0.166381    -1.25573
-0.164389    -1.25513
-0.1624    -1.25452
-0.160412    -1.25391
-0.158427    -1.25329
-0.156445    -1.25267
-0.154465    -1.25204
-0.152488    -1.25141
-0.150512    -1.25077
-0.14854    -1.25012
-0.14657    -1.24947
-0.144602    -1.24882
-0.142637    -1.24816
-0.140674    -1.24749
-0.138713    -1.24682
-0.136756    -1.24614
-0.1348    -1.24546
-0.132848    -1.24477
-0.130897    -1.24408
-0.12895    -1.24338
-0.127005    -1.24268
-0.125062    -1.24197
-0.123122    -1.24126
-0.121185    -1.24054
-0.11925    -1.23982
-0.117318    -1.23909
-0.115388    -1.23835
-0.113461    -1.23761
-0.111537    -1.23687
-0.109615    -1.23612
-0.107696    -1.23536
-0.105779    -1.2346
-0.103865    -1.23384
-0.101954    -1.23307
-0.100046    -1.23229
-0.09814    -1.23151
-0.0962369    -1.23072
-0.0943365    -1.22993
-0.0924388    -1.22914
-0.0905438    -1.22834
-0.0886515    -1.22753
-0.086762    -1.22672
-0.0848752    -1.2259
-0.0829912    -1.22508
-0.0811099    -1.22425
-0.0792314    -1.22342
-0.0773557    -1.22258
-0.0754827    -1.22174
-0.0736125    -1.2209
-0.0717452    -1.22004
-0.0698806    -1.21919
-0.0680188    -1.21832
-0.0661599    -1.21746
-0.0643038    -1.21659
-0.0624505    -1.21571
-0.0606    -1.21483
-0.0587524    -1.21394
-0.0569077    -1.21305
-0.0550658    -1.21215
-0.0532268    -1.21125
-0.0513907    -1.21034
-0.0495574    -1.20943
-0.0477271    -1.20852
-0.0458996    -1.20759
-0.0440751    -1.20667
-0.0422535    -1.20574
-0.0404347    -1.2048
-0.038619    -1.20386
-0.0368061    -1.20291
-0.0349962    -1.20196
-0.0331892    -1.20101
-0.0313852    -1.20005
-0.0295842    -1.19908
-0.0277861    -1.19811
-0.025991    -1.19714
-0.0241988    -1.19616
-0.0224097    -1.19517
-0.0206235    -1.19418
-0.0188404    -1.19319
-0.0170602    -1.19219
-0.0152831    -1.19119
-0.013509    -1.19018
-0.0117379    -1.18917
-0.00996984    -1.18815
-0.00820481    -1.18713
-0.00644283    -1.1861
-0.0046839    -1.18507
-0.00292802    -1.18403
-0.0011752    -1.18299
0.000574549    -1.18195
0.00232123    -1.1809
0.00406483    -1.17984
0.00580535    -1.17878
0.00754278    -1.17772
0.00927711    -1.17665
0.0110083    -1.17557
0.0127365    -1.1745
0.0144615    -1.17341
0.0161834    -1.17233
0.0179022    -1.17123
0.0196178    -1.17014
0.0213303    -1.16904
0.0230397    -1.16793
0.024746    -1.16682
0.0264491    -1.1657
0.028149    -1.16459
0.0298458    -1.16346
0.0315394    -1.16233
0.0332298    -1.1612
0.0349171    -1.16006
0.0366012    -1.15892
0.0382821    -1.15777
0.0399598    -1.15662
0.0416344    -1.15547
0.0433057    -1.15431
0.0449739    -1.15314
0.0466388    -1.15198
0.0483005    -1.1508
0.049959    -1.14963
0.0516143    -1.14844
0.0532663    -1.14726
0.0549152    -1.14607
0.0565608    -1.14487
0.0582031    -1.14367
0.0598423    -1.14247
0.0614781    -1.14126
0.0631108    -1.14005
0.0647401    -1.13883
0.0663663    -1.13761
0.0679891    -1.13638
0.0696087    -1.13515
0.071225    -1.13392
0.0728381    -1.13268
0.0744478    -1.13144
0.0760543    -1.13019
0.0776575    -1.12894
0.0792574    -1.12769
0.0808541    -1.12643
0.0824474    -1.12516
0.0840374    -1.12389
0.0856242    -1.12262
0.0872076    -1.12135
0.0887877    -1.12006
0.0903645    -1.11878
0.091938    -1.11749
0.0935081    -1.1162
0.095075    -1.1149
0.0966385    -1.1136
0.0981987    -1.11229
0.0997556    -1.11098
0.101309    -1.10967
0.102859    -1.10835
0.104406    -1.10703
0.10595    -1.1057
0.10749    -1.10437
0.109027    -1.10304
0.11056    -1.1017
0.11209    -1.10035
0.113617    -1.09901
0.11514    -1.09766
0.11666    -1.0963
0.118177    -1.09494
0.11969    -1.09358
0.1212    -1.09221
0.122707    -1.09084
0.12421    -1.08947
0.12571    -1.08809
0.127206    -1.0867
0.128699    -1.08532
0.130189    -1.08393
0.131675    -1.08253
0.133158    -1.08113
0.134637    -1.07973
0.136113    -1.07832
0.137586    -1.07691
0.139055    -1.0755
0.140521    -1.07408
0.141983    -1.07266
0.143443    -1.07123
0.144898    -1.0698
0.14635    -1.06837
0.147799    -1.06693
0.149245    -1.06549
0.150687    -1.06404
0.152125    -1.06259
0.153561    -1.06114
0.154992    -1.05968
0.156421    -1.05822
0.157846    -1.05676
0.159267    -1.05529
0.160685    -1.05382
0.1621    -1.05234
0.163511    -1.05086
0.164919    -1.04938
0.166323    -1.04789
0.167724    -1.0464
0.169122    -1.0449
0.170516    -1.04341
0.171907    -1.0419
0.173294    -1.0404
0.174678    -1.03889
0.176058    -1.03737
0.177435    -1.03586
0.178808    -1.03434
0.180178    -1.03281
0.181545    -1.03129
0.182908    -1.02975
0.184268    -1.02822
0.185624    -1.02668
0.186977    -1.02514
0.188326    -1.02359
0.189672    -1.02204
0.191015    -1.02049
0.192354    -1.01893
0.193689    -1.01737
0.195022    -1.01581
0.19635    -1.01424
0.197676    -1.01267
0.198997    -1.01109
0.200316    -1.00952
0.201631    -1.00793
0.202942    -1.00635
0.20425    -1.00476
0.205555    -1.00317
0.206856    -1.00157
0.208153    -0.999974
0.209448    -0.998371
0.210738    -0.996765
0.212026    -0.995155
0.21331    -0.993542
0.21459    -0.991926
0.215867    -0.990306
0.217141    -0.988683
0.218411    -0.987056
0.219677    -0.985426
0.220941    -0.983792
0.2222    -0.982155
0.223457    -0.980515
0.224709    -0.978871
0.225959    -0.977224
0.227205    -0.975574
0.228447    -0.97392
0.229686    -0.972263
0.230922    -0.970603
0.232154    -0.968939
0.233383    -0.967272
0.234608    -0.965601
0.23583    -0.963928
0.237048    -0.962251
0.238263    -0.96057
0.239475    -0.958887
0.240683    -0.9572
0.241887    -0.95551
0.243089    -0.953817
0.244286    -0.95212
0.245481    -0.95042
0.246672    -0.948717
0.247859    -0.947011
0.249043    -0.945301
0.250224    -0.943589
0.251401    -0.941873
0.252575    -0.940154
0.253745    -0.938431
0.254912    -0.936706
0.256075    -0.934977
0.257235    -0.933245
0.258392    -0.931511
0.259545    -0.929773
0.260695    -0.928031
0.261841    -0.926287
0.262984    -0.92454
0.264123    -0.922789
0.265259    -0.921035
0.266392    -0.919279
0.267521    -0.917519
0.268647    -0.915756
0.26977    -0.91399
0.270889    -0.912221
0.272004    -0.910449
0.273116    -0.908674
0.274225    -0.906896
0.275331    -0.905114
0.276433    -0.90333
0.277531    -0.901543
0.278626    -0.899753
0.279718    -0.897959
0.280807    -0.896163
0.281892    -0.894364
0.282973    -0.892562
0.284051    -0.890757
0.285126    -0.888948
0.286198    -0.887137
0.287266    -0.885323
0.288331    -0.883506
0.289392    -0.881686
0.29045    -0.879864
0.291504    -0.878038
0.292556    -0.876209
0.293604    -0.874378
0.294648    -0.872543
0.295689    -0.870706
0.296727    -0.868866
0.297761    -0.867023
0.298792    -0.865177
0.29982    -0.863328
0.300844    -0.861476
0.301865    -0.859622
0.302883    -0.857765
0.303897    -0.855904
0.304908    -0.854042
0.305916    -0.852176
0.30692    -0.850307
0.307921    -0.848436
0.308919    -0.846562
0.309913    -0.844685
0.310904    -0.842805
0.311892    -0.840923
0.312876    -0.839037
0.313857    -0.83715
0.314835    -0.835259
0.315809    -0.833365
0.31678    -0.831469
0.317748    -0.82957
0.318712    -0.827669
0.319673    -0.825765
0.320631    -0.823858
0.321586    -0.821948
0.322537    -0.820035
0.323485    -0.81812
0.324429    -0.816203
0.325371    -0.814282
0.326309    -0.812359
0.327244    -0.810434
0.328175    -0.808505
0.329104    -0.806574
0.330029    -0.804641
0.33095    -0.802705
0.331869    -0.800766
0.332784    -0.798825
0.333696    -0.796881
0.334605    -0.794934
0.33551    -0.792985
0.336413    -0.791033
0.337312    -0.789079
0.338207    -0.787122
0.3391    -0.785163
0.339989    -0.783201
0.340875    -0.781236
0.341758    -0.779269
0.342638    -0.7773
0.343514    -0.775328
0.344387    -0.773353
0.345257    -0.771376
0.346124    -0.769396
0.346987    -0.767414
0.347848    -0.76543
0.348705    -0.763443
0.349559    -0.761453
0.35041    -0.759462
0.351257    -0.757467
0.352102    -0.75547
0.352943    -0.753471
0.353781    -0.751469
0.354616    -0.749465
0.355448    -0.747459
0.356276    -0.74545
0.357102    -0.743439
0.357924    -0.741425
0.358743    -0.739409
0.359559    -0.73739
0.360372    -0.735369
0.361182    -0.733346
0.361988    -0.731321
0.362792    -0.729293
0.363592    -0.727262
0.364389    -0.72523
0.365183    -0.723195
0.365974    -0.721157
0.366762    -0.719118
0.367547    -0.717076
0.368328    -0.715032
0.369107    -0.712985
0.369882    -0.710936
0.370655    -0.708885
0.371424    -0.706832
0.37219    -0.704776
0.372953    -0.702718
0.373713    -0.700658
0.37447    -0.698596
0.375224    -0.696531
0.375975    -0.694464
0.376723    -0.692395
0.377468    -0.690324
0.378209    -0.68825
0.378948    -0.686175
0.379684    -0.684097
0.380416    -0.682016
0.381146    -0.679934
0.381872    -0.67785
0.382596    -0.675763
0.383316    -0.673674
0.384034    -0.671583
0.384748    -0.66949
0.38546    -0.667394
0.386168    -0.665297
0.386874    -0.663197
0.387577    -0.661096
0.388276    -0.658992
0.388973    -0.656886
0.389666    -0.654778
0.390357    -0.652668
0.391045    -0.650556
0.39173    -0.648441
0.392411    -0.646325
0.39309    -0.644206
0.393766    -0.642086
0.394439    -0.639963
0.395109    -0.637838
0.395776    -0.635712
0.396441    -0.633583
0.397102    -0.631452
0.39776    -0.62932
0.398416    -0.627185
0.399068    -0.625048
0.399718    -0.622909
0.400365    -0.620768
0.401009    -0.618625
0.40165    -0.616481
0.402288    -0.614334
0.402923    -0.612185
0.403555    -0.610034
0.404185    -0.607882
0.404812    -0.605727
0.405436    -0.603571
0.406057    -0.601412
0.406675    -0.599252
0.40729    -0.597089
0.407903    -0.594925
0.408512    -0.592759
0.409119    -0.590591
0.409723    -0.588421
0.410325    -0.586249
0.410923    -0.584075
0.411519    -0.581899
0.412112    -0.579722
0.412702    -0.577543
0.413289    -0.575361
0.413873    -0.573178
0.414455    -0.570993
0.415034    -0.568807
0.41561    -0.566618
0.416184    -0.564428
0.416755    -0.562235
0.417323    -0.560041
0.417888    -0.557845
0.418451    -0.555648
0.41901    -0.553448
0.419568    -0.551247
0.420122    -0.549044
0.420674    -0.546839
0.421223    -0.544633
0.421769    -0.542425
0.422313    -0.540215
0.422853    -0.538003
0.423392    -0.535789
0.423927    -0.533574
0.42446    -0.531357
0.42499    -0.529138
0.425518    -0.526918
0.426043    -0.524696
0.426565    -0.522472
0.427085    -0.520246
0.427602    -0.518019
0.428116    -0.51579
0.428628    -0.51356
0.429137    -0.511328
0.429644    -0.509094
0.430148    -0.506858
0.430649    -0.504621
0.431148    -0.502382
0.431644    -0.500142
0.432138    -0.4979
0.432629    -0.495656
0.433118    -0.493411
0.433604    -0.491164
0.434087    -0.488915
0.434568    -0.486665
0.435046    -0.484414
0.435522    -0.48216
0.435995    -0.479906
0.436466    -0.477649
0.436934    -0.475391
0.4374    -0.473132
0.437863    -0.470871
0.438324    -0.468608
0.438782    -0.466344
0.439238    -0.464078
0.439691    -0.461811
0.440142    -0.459542
0.44059    -0.457272
0.441036    -0.455001
0.44148    -0.452727
0.441921    -0.450453
0.442359    -0.448177
0.442795    -0.445899
0.443229    -0.44362
0.44366    -0.441339
0.444089    -0.439057
0.444516    -0.436774
0.44494    -0.434489
0.445361    -0.432203
0.445781    -0.429915
0.446197    -0.427626
0.446612    -0.425335
0.447024    -0.423043
0.447434    -0.42075
0.447841    -0.418455
0.448246    -0.416159
0.448649    -0.413861
0.44905    -0.411562
0.449448    -0.409262
0.449844    -0.40696
0.450237    -0.404657
0.450628    -0.402353
0.451017    -0.400047
0.451404    -0.39774
0.451788    -0.395432
0.45217    -0.393122
0.45255    -0.390811
0.452927    -0.388499
0.453302    -0.386185
0.453675    -0.38387
0.454046    -0.381554
0.454415    -0.379237
0.454781    -0.376918
0.455145    -0.374598
0.455507    -0.372277
0.455866    -0.369954
0.456224    -0.36763
0.456579    -0.365305
0.456932    -0.362979
0.457283    -0.360652
0.457631    -0.358323
0.457978    -0.355993
0.458322    -0.353662
0.458664    -0.35133
0.459004    -0.348996
0.459342    -0.346661
0.459678    -0.344326
0.460011    -0.341989
0.460343    -0.33965
0.460672    -0.337311
0.461    -0.33497
0.461325    -0.332629
0.461648    -0.330286
0.461969    -0.327942
0.462288    -0.325597
0.462605    -0.323251
