1.01625  -0.774584 -0.00533723 -0.0998575 0 0 0 2
1.30764  -0.0555862 0.00838325 -0.099648 0 0 0 4
0.673631  1.12205 0.0974594 -0.0223977 0 0 0 5
0.424628  -1.2381 0.0833114 -0.0553101 0 0 0 7
0.297344  -1.27438 0.0921058 -0.0389425 0 0 0 8
0.462605  -0.323251 0.0133843 0.0991003 0 0 0 9
0.609654  1.15714 0.0856813 0.0515627 0 0 0 10
0.360938  -1.23628 0.0961185 0.0275904 0 0 0 12
0.0851838  0.815986 0.0523171 0.0852228 0 0 0 15
0.919465  -0.93141 -0.00246955 -0.0999695 0 0 0 17
-0.835846  0.923921 0.0802815 0.0596228 0 0 0 18
0.953929  0.895508 -0.00191185 0.0999817 0 0 0 20
-0.478518  1.03707 0.0701216 -0.0712949 0 0 0 21
-0.476197  -1.20933 0.0941322 -0.0337511 0 0 0 25
0.602228  1.16078 0.0661452 0.0749987 0 0 0 26
0.716015  0.137641 0.000350173 0.0999994 0 0 0 27
0.533809  -1.19504 0.0619092 -0.0785319 0 0 0 28
-0.539272  -0.234992 0.012665 -0.0991947 0 0 0 29
