0.643631  1.13822 0.0644219 0.0764841 0 0 0 1
-0.965344  -0.494424 -0.00287449 0.0999587 0 0 0 2
0.636316  1.14297 0.084659 0.0532246 0 0 0 3
-0.653219  -0.00516609 0.0136053 0.0990702 0 0 0 4
0.675188  1.12025 0.0656464 0.0754357 0 0 0 6
0.278544  -1.10359 0.0624217 -0.0781251 0 0 0 7
-0.188462  -0.620915 0.0242145 -0.097024 0 0 0 8
-0.0354107  -0.879067 0.0468198 0.0883623 0 0 0 10
0.718297  1.09428 0.077198 0.0635647 0 0 0 11
0.254162  -1.28405 0.0993342 -0.0115204 0 0 0 13
0.865724  -0.98081 -0.000553401 -0.0999985 0 0 0 14
0.560426  1.18279 0.0999704 -0.00243102 0 0 0 16
-0.176683  1.11114 0.0987843 0.0155457 0 0 0 17
0.575525  1.1749 0.0909703 0.0415259 0 0 0 19
0.966587  0.615163 -0.00566708 0.0998393 0 0 0 20
0.355197  -1.25935 0.0972051 -0.0234771 0 0 0 23
0.555246  1.18415 0.0902119 0.0431488 0 0 0 24
0.16577  0.614206 0.0348015 -0.0937489 0 0 0 28
0.57355  1.17655 0.099453 0.0104453 0 0 0 30
1.29586  -0.184139 -0.000360767 -0.0999993 0 0 0 31
1.30769  -0.0579105 0.00701115 0.0997539 0 0 0 32
