1.01341  -0.828374 -0.00517606 -0.099866 0 0 0 2
0.107274  -0.533639 0.0246601 0.0969117 0 0 0 3
0.366609  -0.347825 0.0194826 0.0980838 0 0 0 6
0.647255  1.13768 0.0510313 0.0859989 0 0 0 9
1.05527  0.77328 -0.0173725 0.0984794 0 0 0 12
0.891037  -0.374821 -0.00201253 -0.0999797 0 0 0 14
0.594783  1.16518 0.0991305 0.0131587 0 0 0 15
-0.240488  0.485266 0.0277322 0.0960777 0 0 0 16
0.734747  -1.08314 0.0343516 -0.0939147 0 0 0 18
-0.237235  -1.08797 0.0660271 0.0751028 0 0 0 19
-1.00098  0.381362 -0.00432799 -0.0999063 0 0 0 20
0.452916  -1.22731 0.0932315 -0.0361648 0 0 0 21
0.553343  -1.18597 0.0770388 -0.0637575 0 0 0 22
0.369523  1.04703 0.0681459 0.0731856 0 0 0 24
0.784788  1.04578 0.0173619 0.0984813 0 0 0 25
0.735582  1.08178 0.0232257 0.0972654 0 0 0 27
0.3345  -1.26524 0.0999569 -0.00293483 0 0 0 29
0.076775  0.890471 0.0608574 0.0793497 0 0 0 30
0.805902  0.975558 0.0804134 -0.0594448 0 0 0 31
-0.664745  0.0348055 0.00434306 -0.0999056 0 0 0 32
