0.517593 0.258306 6 0 0 ML 17
0.857612 -0.914108 6 0 0 ML 17
-1.05912 -0.326174 6 0 0 ML 17
0.451071 1.12195 6 0 0 ML 17
-0.331571 1.09658 6 0 0 ML 17
-0.247758 0.644627 6 0 0 ML 17
0.0860546 -1.22015 6 0 0 ML 17
0.723004 0.700422 6 0 0 ML 17
-0.36954 -0.770543 6 0 0 ML 17
0.555188 0.803221 6 0 0 ML 18
1.11246 -0.364371 6 0 0 ML 18
-1.00573 0.279942 6 0 0 ML 18
0.12928 0.954923 6 0 0 ML 18
-0.150777 0.118951 6 0 0 ML 18
0.514959 -0.909719 6 0 0 ML 18
-0.0281968 -1.15366 6 0 0 ML 18
-0.676399 -1.07464 6 0 0 ML 18
1.14632 0.260824 6 0 0 ML 19
-0.750229 0.804565 6 0 0 ML 19
0.448833 0.562274 6 0 0 ML 19
-0.063632 -0.446653 6 0 0 ML 19
-0.252869 1.02063 6 0 0 ML 19
0.739527 -0.398891 6 0 0 ML 19
-0.638346 -0.570359 6 0 0 ML 19
-0.296848 1.10775 6 0 0 ML 20
0.605301 0.0263009 6 0 0 ML 20
0.126335 -0.936982 6 0 0 ML 20
0.0345263 0.654871 6 0 0 ML 20
-0.114288 -0.969594 6 0 0 ML 20
0.79295 0.185642 6 0 0 ML 20
-0.406041 -1.10021 6 0 0 ML 20
-0.617037 0.0117937 6 0 0 ML 20
0.227343 1.08521 6 0 0 ML 21
-0.471677 -1.1052 6 0 0 ML 21
0.662195 -0.538064 6 0 0 ML 21
0.175698 0.144941 6 0 0 ML 21
0.0366619 -0.486962 6 0 0 ML 21
0.782385 0.740938 6 0 0 ML 21
-0.251346 -0.67346 6 0 0 ML 21
-0.483304 0.573412 6 0 0 ML 21
-0.428668 -1.22955 6 0 0 ML 22
-0.157262 -1.18233 6 0 0 ML 22
0.646826 0.750659 6 0 0 ML 22
-0.351863 -0.641984 6 0 0 ML 22
0.736449 -1.02795 6 0 0 ML 22
0.250119 -0.406139 6 0 0 ML 22
0.0934292 0.0785197 6 0 0 ML 22
-0.193221 -0.137761 6 0 0 ML 22
-0.163511 0.994527 6 0 0 ML 22
-0.70706 1.03349 6 0 0 ML 22
