-0.918492 0.0762327 6 0 0 ML 9
-0.478499 0.549057 6 0 0 ML 9
-0.55812 -1.11169 6 0 0 ML 9
0.0602152 -1.08841 6 0 0 ML 9
0.138089 -0.381622 6 0 0 ML 9
0.357576 1.02307 6 0 0 ML 9
0.29909 0.072354 6 0 0 ML 9
-0.741344 0.609155 6 0 0 ML 10
-0.140108 0.962141 6 0 0 ML 10
-0.434254 -0.668513 6 0 0 ML 10
0.208907 0.184943 6 0 0 ML 10
0.744749 0.64155 6 0 0 ML 10
-1.26442 -0.156597 6 0 0 ML 10
0.344709 -0.502843 6 0 0 ML 10
-0.371161 0.98707 6 0 0 ML 11
0.353896 1.10706 6 0 0 ML 11
-0.385497 -0.123351 6 0 0 ML 11
0.312175 0.714627 6 0 0 ML 11
-0.787971 0.795815 6 0 0 ML 11
0.931955 0.0872289 6 0 0 ML 11
-0.0478183 -1.15345 6 0 0 ML 11
0.448078 -1.00796 6 0 0 ML 11
0.130602 1.08916 6 0 0 ML 12
0.86095 0.914352 6 0 0 ML 12
-0.287538 0.433406 6 0 0 ML 12
0.552981 1.10215 6 0 0 ML 12
-0.81884 0.243897 6 0 0 ML 12
-0.440659 -1.15458 6 0 0 ML 12
0.957912 -0.50831 6 0 0 ML 12
0.230953 -0.760975 6 0 0 ML 12
0.610089 0.868321 6 0 0 ML 13
1.21044 0.443198 6 0 0 ML 13
-0.0425882 0.890539 6 0 0 ML 13
-0.787594 -0.344332 6 0 0 ML 13
-0.232357 -0.754683 6 0 0 ML 13
-1.16605 0.315972 6 0 0 ML 13
0.346102 -0.223068 6 0 0 ML 13
-0.0649709 -1.2667 6 0 0 ML 13
0.926323 0.394994 6 0 0 ML 14
0.378623 1.13013 6 0 0 ML 14
0.00115962 -1.19319 6 0 0 ML 14
-0.582443 -0.872573 6 0 0 ML 14
-0.146639 -0.228141 6 0 0 ML 14
-1.14721 -0.306752 6 0 0 ML 14
0.385716 0.364653 6 0 0 ML 14
0.415599 -0.979451 6 0 0 ML 14
-0.589087 0.848001 6 0 0 ML 14
1.04431 -0.196188 6 0 0 ML 15
0.333857 -0.83715 6 0 0 ML 15
-0.162745 -1.21297 6 0 0 ML 15
-0.07069 0.331806 6 0 0 ML 15
-1.16452 0.482586 6 0 0 ML 15
-0.911335 -0.865346 6 0 0 ML 15
0.474726 0.893324 6 0 0 ML 15
0.67283 -0.45941 6 0 0 ML 15
-0.551972 0.333682 6 0 0 ML 15
