0.193953 -0.0216338
0.432529 0.184255
-0.458367 -1.18887
0.867253 -0.898742
-0.0178972 0.921334
-0.0331619 -0.682728
-0.98157 -0.169665
-0.499925 0.958099
0.444267 1.15076
1.15055 0.542765
-0.591505 -0.488017
-0.271153 -1.24506
0.277635 0.528228
0.495544 0.709911
-0.0554314 -0.991915
-0.616041 0.97276
0.398758 1.16927
0.05683 -0.13606
-0.806259 -0.716446
-0.385312 0.481607
1.29323 -0.0670612
-0.347966 -0.962621
0.129779 -0.96717
0.461801 0.977393
0.665495 1.10884
0.196478 -0.584098
-0.567715 0.466743
0.12466 0.430146
-0.429276 -1.10416
-0.338168 -0.085264
0.0964658 -1.22947
0.339801 -0.491331
-0.221655 0.929122
0.325481 -0.0608414
-0.555274 -0.113346
-1.01073 -0.766167
0.286509 0.907287
0.081231 -1.20999
-0.235361 -0.641289
0.411352 0.0706708
-0.0468509 0.457109
-0.430231 1.01352
0.416584 0.477169
-0.449143 -0.673434
-1.03916 -0.189641
0.559393 -0.992687
0.0234777 -1.07735
0.452854 0.617151
-0.746661 -1.04469
0.0173461 -0.109157
-0.300602 0.536567
0.575574 0.925871
-0.158601 -1.10644
-0.943187 0.395435
0.86554 -0.532463
-0.532026 1.1787
1.29835 -0.15554
0.586719 1.05819
-0.694285 -0.565813
0.0869264 -0.663122
-0.263105 -0.0440231
-0.349749 -1.20544
-0.647069 0.873825
0.976518 0.0418601
-0.0993462 1.01473
