0.213953 -0.0216338 6 0 0 ML 1
0.452529 0.184255 6 0 0 ML 1
-0.438367 -1.18887 6 0 0 ML 1
0.887253 -0.898742 6 0 0 ML 1
0.00210279 0.921334 6 0 0 ML 1
-0.0131619 -0.682728 6 0 0 ML 1
-0.96157 -0.169665 6 0 0 ML 1
-0.479925 0.958099 6 0 0 ML 1
0.464267 1.15076 6 0 0 ML 1
1.17055 0.542765 6 0 0 ML 1
-0.571505 -0.488017 6 0 0 ML 1
-0.251153 -1.24506 6 0 0 ML 2
0.297635 0.528228 6 0 0 ML 2
0.515544 0.709911 6 0 0 ML 2
-0.0354314 -0.991915 6 0 0 ML 2
-0.596041 0.97276 6 0 0 ML 2
0.418758 1.16927 6 0 0 ML 2
0.07683 -0.13606 6 0 0 ML 2
-0.786259 -0.716446 6 0 0 ML 2
-0.365312 0.481607 6 0 0 ML 2
1.31323 -0.0670612 6 0 0 ML 2
-0.327966 -0.962621 6 0 0 ML 2
0.149779 -0.96717 6 0 0 ML 3
0.481801 0.977393 6 0 0 ML 3
0.685495 1.10884 6 0 0 ML 3
0.216478 -0.584098 6 0 0 ML 3
-0.547715 0.466743 6 0 0 ML 3
0.14466 0.430146 6 0 0 ML 3
-0.409276 -1.10416 6 0 0 ML 3
-0.318168 -0.085264 6 0 0 ML 3
0.116466 -1.22947 6 0 0 ML 3
0.359801 -0.491331 6 0 0 ML 4
-0.201655 0.929122 6 0 0 ML 4
0.345481 -0.0608414 6 0 0 ML 4
-0.535274 -0.113346 6 0 0 ML 4
-0.990729 -0.766167 6 0 0 ML 4
0.306509 0.907287 6 0 0 ML 4
0.101231 -1.20999 6 0 0 ML 4
-0.215361 -0.641289 6 0 0 ML 4
0.431352 0.0706708 6 0 0 ML 5
-0.0268509 0.457109 6 0 0 ML 5
-0.410231 1.01352 6 0 0 ML 5
0.436584 0.477169 6 0 0 ML 5
-0.429143 -0.673434 6 0 0 ML 5
-1.01916 -0.189641 6 0 0 ML 5
0.579393 -0.992687 6 0 0 ML 5
0.0434777 -1.07735 6 0 0 ML 5
0.472854 0.617151 6 0 0 ML 6
-0.726661 -1.04469 6 0 0 ML 6
0.0373461 -0.109157 6 0 0 ML 6
-0.280602 0.536567 6 0 0 ML 6
0.595574 0.925871 6 0 0 ML 6
-0.138601 -1.10644 6 0 0 ML 6
-0.923187 0.395435 6 0 0 ML 6
0.88554 -0.532463 6 0 0 ML 6
-0.512026 1.1787 6 0 0 ML 6
1.31835 -0.15554 6 0 0 ML 6
0.606719 1.05819 6 0 0 ML 7
-0.674285 -0.565813 6 0 0 ML 7
0.106926 -0.663122 6 0 0 ML 7
-0.243105 -0.0440231 6 0 0 ML 7
-0.329749 -1.20544 6 0 0 ML 7
-0.627069 0.873825 6 0 0 ML 7
0.996518 0.0418601 6 0 0 ML 7
-0.0793462 1.01473 6 0 0 ML 7
