-0.96541 -0.492118
-0.652887 -0.00276272
0.279731 -1.10507
-0.187896 -0.623167
-0.0344708 -0.877284
-0.174508 1.11148
0.966458 0.61744
0.16652 0.612176
-0.938492 0.0762327
-0.498499 0.549057
-0.57812 -1.11169
0.0402152 -1.08841
0.118089 -0.381622
0.337576 1.02307
0.27909 0.072354
-0.761344 0.609155
-0.160108 0.962141
-0.454254 -0.668513
0.188907 0.184943
0.724749 0.64155
-1.28442 -0.156597
0.324709 -0.502843
-0.391161 0.98707
0.333896 1.10706
-0.405497 -0.123351
0.292175 0.714627
-0.807971 0.795815
0.911955 0.0872289
-0.0678183 -1.15345
0.428078 -1.00796
0.110602 1.08916
0.84095 0.914352
-0.307538 0.433406
0.532981 1.10215
-0.83884 0.243897
-0.460659 -1.15458
0.937912 -0.50831
0.210953 -0.760975
0.590089 0.868321
1.19044 0.443198
-0.0625882 0.890539
-0.807594 -0.344332
-0.252357 -0.754683
-1.18605 0.315972
0.326102 -0.223068
-0.0849709 -1.2667
0.906323 0.394994
0.358623 1.13013
-0.0188404 -1.19319
-0.602443 -0.872573
-0.166639 -0.228141
-1.16721 -0.306752
0.365716 0.364653
0.395599 -0.979451
-0.609087 0.848001
1.02431 -0.196188
0.313857 -0.83715
-0.182745 -1.21297
-0.09069 0.331806
-1.18452 0.482586
-0.931335 -0.865346
0.454726 0.893324
0.65283 -0.45941
-0.571972 0.333682
