1.01613 -0.776845
0.46292 -0.320903
0.363211 -1.23562
0.0862467 0.817709
-0.83402 0.925271
-0.477311 1.03583
-0.47398 -1.21012
0.716022 0.140124
-0.538967 -0.237365
0.497593 0.258306
0.837612 -0.914108
-1.07912 -0.326174
0.431071 1.12195
-0.351571 1.09658
-0.267758 0.644627
0.0660546 -1.22015
0.703004 0.700422
-0.38954 -0.770543
0.535188 0.803221
1.09246 -0.364371
-1.02573 0.279942
0.10928 0.954923
-0.170777 0.118951
0.494959 -0.909719
-0.0481968 -1.15366
-0.696399 -1.07464
1.12632 0.260824
-0.770229 0.804565
0.428833 0.562274
-0.083632 -0.446653
-0.272869 1.02063
0.719527 -0.398891
-0.658346 -0.570359
-0.316848 1.10775
0.585301 0.0263009
0.106335 -0.936982
0.0145263 0.654871
-0.134288 -0.969594
0.77295 0.185642
-0.426041 -1.10021
-0.637037 0.0117937
0.207343 1.08521
-0.491677 -1.1052
0.642195 -0.538064
0.155698 0.144941
0.0166619 -0.486962
0.762385 0.740938
-0.271346 -0.67346
-0.503304 0.573412
-0.448668 -1.22955
-0.177262 -1.18233
0.626826 0.750659
-0.371863 -0.641984
0.716449 -1.02795
0.230119 -0.406139
0.0734292 0.0785197
-0.213221 -0.137761
-0.183511 0.994527
-0.72706 1.03349
-0.0880624 -0.975213
0.185365 -0.849332
0.846777 0.218056
-0.330862 -0.0781268
0.349371 -0.895888
0.155178 0.625467
-0.132805 0.420997
0.300282 1.15247
-0.671653 0.574071
